{"producer":{"name":"Blender","version":"2.79 (sub 0)","exporter_version":"5.6.3","file":"arachnids.babylon"},
"autoClear":true,"clearColor":[0.0509,0.0509,0.0509],"ambientColor":[0,0,0],"gravity":[0,-9.81,0],
"materials":[{"name":"arachnids.Material","id":"arachnids.Material","ambient":[0.8,0.8,0.8],"diffuse":[0.64,0.64,0.64],"specular":[0.5,0.5,0.5],"emissive":[0,0,0],"specularPower":50,"alpha":1,"backFaceCulling":true,"checkReadyOnlyOnce":false,"maxSimultaneousLights":4}],
"multiMaterials":[],
"skeletons":[{"name":"skeleton","id":0,"dimensionsAtRest":[5.3581,0.7612,3.1107],"bones":[
{"name":"ROOT","index":0,"matrix":[-1,0,0,0,0,0,-1,0,0,1,0,0,0,0,0,1],"rest":[-1,0,0,0,0,0,-1,0,0,1,0,0,0,0,0,1],"parentBoneIndex":-1,"length":1
,"animation":{"dataType":3,"framePerSecond":24,"keys":[
{"frame":1,"values":[-1,0,0,0,0,0,-1,0,0,1,0,0,0,0,0,1]},
{"frame":17,"values":[-1,0,0,0,0,0,-1,0,0,1,0,0,0,0,0,1]},
{"frame":30,"values":[-1,0,0,0,0,0,-1,0,0,1,0,0,0,0,0,1]},
{"frame":31,"values":[-1,0,0,0,0,0,-1,0,0,1,0,0,0,0,0,1]}],"loopBehavior":1,"name":"anim","property":"_matrix"}},
{"name":"torso","index":1,"matrix":[1,0,0,0,0,1,0,0,0,0,1,0,0,-0.2509,0.7568,1],"rest":[1,0,0,0,0,1,0,0,0,0,1,0,0,-0.2509,0.7568,1],"parentBoneIndex":0,"length":1.2
,"animation":{"dataType":3,"framePerSecond":24,"keys":[
{"frame":1,"values":[1,0,0,0,0,1,0,0,0,0,1,0,0,-0.2509,0.7568,1]},
{"frame":17,"values":[1,0,0,0,0,1,0,0,0,0,1,0,0,-0.2509,0.7568,1]},
{"frame":30,"values":[1,0,0,0,0,1,0,0,0,0,1,0,0,-0.2509,0.7568,1]},
{"frame":31,"values":[1,0,0,0,0,1,0,0,0,0,1,0,0,-0.2509,0.7568,1]}],"loopBehavior":1,"name":"anim","property":"_matrix"}},
{"name":"abdomen","index":2,"matrix":[-0.9962,-0.0872,0,0,0.0872,-0.9962,0,0,0,0,1,0,0,0,0,1],"rest":[-1,0,0,0,0,-1,0,0,0,0,1,0,0,0,0,1],"parentBoneIndex":1,"length":1.4182
,"animation":{"dataType":3,"framePerSecond":24,"keys":[
{"frame":1,"values":[-0.9962,-0.0872,0,0,0.0872,-0.9962,0,0,0,0,1,0,0,0,0,1]},
{"frame":2,"values":[-0.9967,-0.0811,0,0,0.0811,-0.9967,0,0,0,0,1,0,0,0,0,1]},
{"frame":3,"values":[-0.998,-0.0631,0,0,0.0631,-0.998,0,0,0,0,1,0,0,0,0,1]},
{"frame":4,"values":[-0.9994,-0.0347,0,0,0.0347,-0.9994,0,0,0,0,1,0,0,0,0,1]},
{"frame":5,"values":[-1,0,0,0,0,-1,0,0,0,0,1,0,0,0,0,1]},
{"frame":6,"values":[-0.9994,0.0347,0,0,-0.0347,-0.9994,0,0,0,0,1,0,0,0,0,1]},
{"frame":7,"values":[-0.998,0.0631,0,0,-0.0631,-0.998,0,0,0,0,1,0,0,0,0,1]},
{"frame":8,"values":[-0.9967,0.0811,0,0,-0.0811,-0.9967,0,0,0,0,1,0,0,0,0,1]},
{"frame":9,"values":[-0.9962,0.0872,0,0,-0.0872,-0.9962,0,0,0,0,1,0,0,0,0,1]},
{"frame":10,"values":[-0.9967,0.0811,0,0,-0.0811,-0.9967,0,0,0,0,1,0,0,0,0,1]},
{"frame":11,"values":[-0.998,0.0631,0,0,-0.0631,-0.998,0,0,0,0,1,0,0,0,0,1]},
{"frame":12,"values":[-0.9994,0.0347,0,0,-0.0347,-0.9994,0,0,0,0,1,0,0,0,0,1]},
{"frame":13,"values":[-1,0,0,0,0,-1,0,0,0,0,1,0,0,0,0,1]},
{"frame":14,"values":[-0.9994,-0.0347,0,0,0.0347,-0.9994,0,0,0,0,1,0,0,0,0,1]},
{"frame":15,"values":[-0.998,-0.0631,0,0,0.0631,-0.998,0,0,0,0,1,0,0,0,0,1]},
{"frame":16,"values":[-0.9967,-0.0811,0,0,0.0811,-0.9967,0,0,0,0,1,0,0,0,0,1]},
{"frame":17,"values":[-0.9962,-0.0872,0,0,0.0872,-0.9962,0,0,0,0,1,0,0,0,0,1]},
{"frame":30,"values":[-1,0,0,0,0,-1,0,0,0,0,1,0,0,0,0,1]},
{"frame":31,"values":[-1,0,0,0,0,-1,0,0,0,0,1,0,0,0,0,1]}],"loopBehavior":1,"name":"anim","property":"_matrix"}},
{"name":"leg0j0.l","index":3,"matrix":[0.0183,0.9792,0.2019,0,-0.8453,-0.0927,0.5261,0,0.5339,-0.1803,0.8261,0,-0.5773,0.1163,-0.0947,1],"rest":[-0.1812,0.9771,0.1115,0,-0.9771,-0.166,-0.133,0,-0.1115,-0.133,0.9848,0,-0.5773,0.1163,-0.0947,1],"parentBoneIndex":1,"length":0.6277
,"animation":{"dataType":3,"framePerSecond":24,"keys":[
{"frame":1,"values":[0.0183,0.9792,0.2019,0,-0.8453,-0.0927,0.5261,0,0.5339,-0.1803,0.8261,0,-0.5773,0.1163,-0.0947,1]},
{"frame":2,"values":[0.0153,0.9793,0.2019,0,-0.8453,-0.0952,0.5257,0,0.5341,-0.1787,0.8263,0,-0.5773,0.1163,-0.0947,1]},
{"frame":3,"values":[0.0064,0.9793,0.2021,0,-0.8451,-0.1027,0.5246,0,0.5346,-0.1742,0.827,0,-0.5773,0.1163,-0.0947,1]},
{"frame":4,"values":[-0.0075,0.9793,0.2023,0,-0.8445,-0.1146,0.5231,0,0.5355,-0.1669,0.8279,0,-0.5773,0.1163,-0.0947,1]},
{"frame":5,"values":[-0.0246,0.979,0.2024,0,-0.8434,-0.129,0.5216,0,0.5368,-0.1579,0.8288,0,-0.5773,0.1163,-0.0947,1]},
{"frame":6,"values":[-0.0416,0.9784,0.2024,0,-0.8415,-0.1435,0.5208,0,0.5387,-0.1487,0.8293,0,-0.5773,0.1163,-0.0947,1]},
{"frame":7,"values":[-0.0555,0.9777,0.2024,0,-0.8391,-0.1555,0.5212,0,0.5411,-0.1409,0.8291,0,-0.5773,0.1163,-0.0947,1]},
{"frame":8,"values":[-0.0643,0.9772,0.2022,0,-0.8366,-0.1632,0.523,0,0.5441,-0.1355,0.828,0,-0.5773,0.1163,-0.0947,1]},
{"frame":9,"values":[-0.0672,0.9771,0.2019,0,-0.834,-0.166,0.5261,0,0.5476,-0.133,0.8261,0,-0.5773,0.1163,-0.0947,1]},
{"frame":10,"values":[-0.0591,0.9776,0.2022,0,-0.8248,-0.1619,0.5417,0,0.5623,-0.1348,0.8159,0,-0.5773,0.1163,-0.0947,1]},
{"frame":11,"values":[-0.0362,0.9785,0.2031,0,-0.8023,-0.1497,0.5778,0,0.5958,-0.1421,0.7905,0,-0.5773,0.1163,-0.0947,1]},
{"frame":12,"values":[-0.0064,0.9792,0.2029,0,-0.7722,-0.1338,0.6211,0,0.6353,-0.1527,0.757,0,-0.5773,0.1163,-0.0947,1]},
{"frame":13,"values":[0.0176,0.9794,0.2014,0,-0.7475,-0.1209,0.6532,0,0.6641,-0.162,0.7299,0,-0.5773,0.1163,-0.0947,1]},
{"frame":14,"values":[0.0277,0.9794,0.2001,0,-0.7384,-0.1149,0.6645,0,0.6738,-0.1662,0.72,0,-0.5773,0.1163,-0.0947,1]},
{"frame":15,"values":[0.0266,0.9794,0.2003,0,-0.7665,-0.1086,0.633,0,0.6417,-0.1704,0.7478,0,-0.5773,0.1163,-0.0947,1]},
{"frame":16,"values":[0.0211,0.9793,0.2015,0,-0.8218,-0.0977,0.5613,0,0.5694,-0.1774,0.8027,0,-0.5773,0.1163,-0.0947,1]},
{"frame":17,"values":[0.0183,0.9792,0.2019,0,-0.8453,-0.0927,0.5261,0,0.5339,-0.1803,0.8261,0,-0.5773,0.1163,-0.0947,1]},
{"frame":30,"values":[-0.0672,0.9771,0.2019,0,-0.834,-0.166,0.5261,0,0.5476,-0.133,0.8261,0,-0.5773,0.1163,-0.0947,1]},
{"frame":31,"values":[-0.0672,0.9771,0.2019,0,-0.834,-0.166,0.5261,0,0.5476,-0.133,0.8261,0,-0.5773,0.1163,-0.0947,1]}],"loopBehavior":1,"name":"anim","property":"_matrix"}},
{"name":"leg0j1.l","index":4,"matrix":[0.9413,-0.0487,-0.334,0,-0.2805,0.4372,-0.8545,0,0.1876,0.8981,0.3978,0,0,0.6277,0,1],"rest":[0.9898,0.1351,-0.0449,0,-0.1312,0.988,0.0813,0,0.0553,-0.0746,0.9957,0,0,0.6277,0,1],"parentBoneIndex":3,"length":0.6747
,"animation":{"dataType":3,"framePerSecond":24,"keys":[
{"frame":1,"values":[0.9413,-0.0487,-0.334,0,-0.2805,0.4372,-0.8545,0,0.1876,0.8981,0.3978,0,0,0.6277,0,1]},
{"frame":2,"values":[0.9409,-0.0462,-0.3355,0,-0.283,0.437,-0.8538,0,0.186,0.8983,0.3981,0,0,0.6277,0,1]},
{"frame":3,"values":[0.9396,-0.0385,-0.34,0,-0.2903,0.4364,-0.8516,0,0.1812,0.8989,0.3989,0,0,0.6277,0,1]},
{"frame":4,"values":[0.9374,-0.0265,-0.3472,0,-0.3018,0.4354,-0.8482,0,0.1736,0.8999,0.4001,0,0,0.6277,0,1]},
{"frame":5,"values":[0.9345,-0.0119,-0.3558,0,-0.3157,0.4339,-0.8438,0,0.1644,0.9009,0.4017,0,0,0.6277,0,1]},
{"frame":6,"values":[0.9313,0.0027,-0.3643,0,-0.3296,0.4322,-0.8394,0,0.1552,0.9018,0.4034,0,0,0.6277,0,1]},
{"frame":7,"values":[0.9284,0.0147,-0.3712,0,-0.3409,0.4307,-0.8356,0,0.1476,0.9024,0.4049,0,0,0.6277,0,1]},
{"frame":8,"values":[0.9265,0.0223,-0.3756,0,-0.3481,0.4296,-0.8332,0,0.1428,0.9027,0.4058,0,0,0.6277,0,1]},
{"frame":9,"values":[0.9259,0.0249,-0.3771,0,-0.3505,0.4293,-0.8324,0,0.1412,0.9028,0.4062,0,0,0.6277,0,1]},
{"frame":10,"values":[0.9265,0.0223,-0.3756,0,-0.3481,0.4296,-0.8332,0,0.1428,0.9027,0.4058,0,0,0.6277,0,1]},
{"frame":11,"values":[0.9284,0.0147,-0.3712,0,-0.3409,0.4307,-0.8356,0,0.1476,0.9024,0.4049,0,0,0.6277,0,1]},
{"frame":12,"values":[0.9313,0.0027,-0.3643,0,-0.3296,0.4322,-0.8394,0,0.1552,0.9018,0.4034,0,0,0.6277,0,1]},
{"frame":13,"values":[0.9345,-0.0119,-0.3558,0,-0.3157,0.4339,-0.8438,0,0.1644,0.9009,0.4017,0,0,0.6277,0,1]},
{"frame":14,"values":[0.9374,-0.0265,-0.3472,0,-0.3018,0.4354,-0.8482,0,0.1736,0.8999,0.4001,0,0,0.6277,0,1]},
{"frame":15,"values":[0.9396,-0.0385,-0.34,0,-0.2903,0.4364,-0.8516,0,0.1812,0.8989,0.3989,0,0,0.6277,0,1]},
{"frame":16,"values":[0.9409,-0.0462,-0.3355,0,-0.283,0.437,-0.8538,0,0.186,0.8983,0.3981,0,0,0.6277,0,1]},
{"frame":17,"values":[0.9413,-0.0487,-0.334,0,-0.2805,0.4372,-0.8545,0,0.1876,0.8981,0.3978,0,0,0.6277,0,1]},
{"frame":30,"values":[0.9259,0.0249,-0.3771,0,-0.3505,0.4293,-0.8324,0,0.1412,0.9028,0.4062,0,0,0.6277,0,1]},
{"frame":31,"values":[0.9259,0.0249,-0.3771,0,-0.3505,0.4293,-0.8324,0,0.1412,0.9028,0.4062,0,0,0.6277,0,1]}],"loopBehavior":1,"name":"anim","property":"_matrix"}},
{"name":"leg0j2.l","index":5,"matrix":[0.9734,0.022,-0.2279,0,-0.1528,0.8039,-0.5748,0,0.1705,0.5944,0.7859,0,0,0.6747,0,1],"rest":[0.9944,0.0876,0.0592,0,-0.0826,0.9932,-0.0826,0,-0.066,0.0772,0.9948,0,0,0.6747,0,1],"parentBoneIndex":4,"length":0.6967
,"animation":{"dataType":3,"framePerSecond":24,"keys":[
{"frame":1,"values":[0.9734,0.022,-0.2279,0,-0.1528,0.8039,-0.5748,0,0.1705,0.5944,0.7859,0,0,0.6747,0,1]},
{"frame":2,"values":[0.9737,0.0244,-0.2263,0,-0.1539,0.8033,-0.5753,0,0.1677,0.5951,0.786,0,0,0.6747,0,1]},
{"frame":3,"values":[0.9746,0.0316,-0.2217,0,-0.1572,0.8016,-0.5769,0,0.1594,0.5971,0.7862,0,0,0.6747,0,1]},
{"frame":4,"values":[0.9758,0.0429,-0.2143,0,-0.1624,0.7987,-0.5794,0,0.1463,0.6002,0.7864,0,0,0.6747,0,1]},
{"frame":5,"values":[0.977,0.0567,-0.2054,0,-0.1686,0.7952,-0.5824,0,0.1303,0.6037,0.7865,0,0,0.6747,0,1]},
{"frame":6,"values":[0.978,0.0705,-0.1965,0,-0.1747,0.7916,-0.5856,0,0.1143,0.607,0.7864,0,0,0.6747,0,1]},
{"frame":7,"values":[0.9785,0.0819,-0.1892,0,-0.1797,0.7885,-0.5882,0,0.101,0.6095,0.7863,0,0,0.6747,0,1]},
{"frame":8,"values":[0.9788,0.0891,-0.1846,0,-0.1829,0.7866,-0.5898,0,0.0926,0.6111,0.7862,0,0,0.6747,0,1]},
{"frame":9,"values":[0.9788,0.0916,-0.183,0,-0.1839,0.7859,-0.5904,0,0.0898,0.6116,0.7861,0,0,0.6747,0,1]},
{"frame":10,"values":[0.9788,0.0891,-0.1846,0,-0.1829,0.7866,-0.5898,0,0.0926,0.6111,0.7862,0,0,0.6747,0,1]},
{"frame":11,"values":[0.9785,0.0819,-0.1892,0,-0.1797,0.7885,-0.5882,0,0.101,0.6095,0.7863,0,0,0.6747,0,1]},
{"frame":12,"values":[0.978,0.0705,-0.1965,0,-0.1747,0.7916,-0.5856,0,0.1143,0.607,0.7864,0,0,0.6747,0,1]},
{"frame":13,"values":[0.977,0.0567,-0.2054,0,-0.1686,0.7952,-0.5824,0,0.1303,0.6037,0.7865,0,0,0.6747,0,1]},
{"frame":14,"values":[0.9758,0.0429,-0.2143,0,-0.1624,0.7987,-0.5794,0,0.1463,0.6002,0.7864,0,0,0.6747,0,1]},
{"frame":15,"values":[0.9746,0.0316,-0.2217,0,-0.1572,0.8016,-0.5769,0,0.1594,0.5971,0.7862,0,0,0.6747,0,1]},
{"frame":16,"values":[0.9737,0.0244,-0.2263,0,-0.1539,0.8033,-0.5753,0,0.1677,0.5951,0.786,0,0,0.6747,0,1]},
{"frame":17,"values":[0.9734,0.022,-0.2279,0,-0.1528,0.8039,-0.5748,0,0.1705,0.5944,0.7859,0,0,0.6747,0,1]},
{"frame":30,"values":[0.9788,0.0916,-0.183,0,-0.1839,0.7859,-0.5904,0,0.0898,0.6116,0.7861,0,0,0.6747,0,1]},
{"frame":31,"values":[0.9788,0.0916,-0.183,0,-0.1839,0.7859,-0.5904,0,0.0898,0.6116,0.7861,0,0,0.6747,0,1]}],"loopBehavior":1,"name":"anim","property":"_matrix"}},
{"name":"leg2j0.l","index":6,"matrix":[0.2341,0.9706,0.0561,0,-0.8264,0.1683,0.5374,0,0.5122,-0.1722,0.8414,0,-0.6214,0.6414,-0.0947,1],"rest":[0.0778,0.9873,0.1385,0,-0.9873,0.0956,-0.1269,0,-0.1385,-0.1269,0.9822,0,-0.6214,0.6414,-0.0947,1],"parentBoneIndex":1,"length":0.6582
,"animation":{"dataType":3,"framePerSecond":24,"keys":[
{"frame":1,"values":[0.2341,0.9706,0.0561,0,-0.8264,0.1683,0.5374,0,0.5122,-0.1722,0.8414,0,-0.6214,0.6414,-0.0947,1]},
{"frame":2,"values":[0.2312,0.9713,0.0563,0,-0.827,0.1658,0.5372,0,0.5124,-0.1708,0.8416,0,-0.6214,0.6414,-0.0947,1]},
{"frame":3,"values":[0.2226,0.9732,0.0569,0,-0.8289,0.1582,0.5365,0,0.5131,-0.1666,0.842,0,-0.6214,0.6414,-0.0947,1]},
{"frame":4,"values":[0.209,0.9762,0.0577,0,-0.8317,0.1464,0.5356,0,0.5144,-0.1599,0.8425,0,-0.6214,0.6414,-0.0947,1]},
{"frame":5,"values":[0.1922,0.9796,0.0584,0,-0.8347,0.1319,0.5346,0,0.516,-0.1515,0.8431,0,-0.6214,0.6414,-0.0947,1]},
{"frame":6,"values":[0.1753,0.9828,0.0588,0,-0.8372,0.1174,0.5341,0,0.518,-0.1429,0.8434,0,-0.6214,0.6414,-0.0947,1]},
{"frame":7,"values":[0.1613,0.9852,0.0586,0,-0.8387,0.1055,0.5343,0,0.5202,-0.1353,0.8432,0,-0.6214,0.6414,-0.0947,1]},
{"frame":8,"values":[0.1521,0.9867,0.0577,0,-0.8389,0.098,0.5354,0,0.5226,-0.1298,0.8426,0,-0.6214,0.6414,-0.0947,1]},
{"frame":9,"values":[0.1486,0.9873,0.0561,0,-0.8379,0.0956,0.5374,0,0.5252,-0.1269,0.8414,0,-0.6214,0.6414,-0.0947,1]},
{"frame":10,"values":[0.1538,0.9867,0.052,0,-0.8279,0.1,0.5519,0,0.5394,-0.128,0.8323,0,-0.6214,0.6414,-0.0947,1]},
{"frame":11,"values":[0.1696,0.9846,0.0437,0,-0.8014,0.1119,0.5876,0,0.5736,-0.1346,0.808,0,-0.6214,0.6414,-0.0947,1]},
{"frame":12,"values":[0.1901,0.9812,0.0327,0,-0.7656,0.1273,0.6306,0,0.6146,-0.1449,0.7754,0,-0.6214,0.6414,-0.0947,1]},
{"frame":13,"values":[0.207,0.9781,0.0232,0,-0.7359,0.14,0.6624,0,0.6446,-0.1542,0.7488,0,-0.6214,0.6414,-0.0947,1]},
{"frame":14,"values":[0.2151,0.9764,0.019,0,-0.7246,0.1465,0.6735,0,0.6548,-0.1587,0.739,0,-0.6214,0.6414,-0.0947,1]},
{"frame":15,"values":[0.222,0.9747,0.0271,0,-0.7509,0.1532,0.6424,0,0.6219,-0.163,0.7659,0,-0.6214,0.6414,-0.0947,1]},
{"frame":16,"values":[0.231,0.9718,0.0466,0,-0.8038,0.1636,0.5719,0,0.5482,-0.1696,0.819,0,-0.6214,0.6414,-0.0947,1]},
{"frame":17,"values":[0.2341,0.9706,0.0561,0,-0.8264,0.1683,0.5374,0,0.5122,-0.1722,0.8414,0,-0.6214,0.6414,-0.0947,1]},
{"frame":30,"values":[0.1486,0.9873,0.0561,0,-0.8379,0.0956,0.5374,0,0.5252,-0.1269,0.8414,0,-0.6214,0.6414,-0.0947,1]},
{"frame":31,"values":[0.1486,0.9873,0.0561,0,-0.8379,0.0956,0.5374,0,0.5252,-0.1269,0.8414,0,-0.6214,0.6414,-0.0947,1]}],"loopBehavior":1,"name":"anim","property":"_matrix"}},
{"name":"leg2j1.l","index":7,"matrix":[0.9986,0.0524,-0.0014,0,-0.0227,0.408,-0.9127,0,-0.0472,0.9115,0.4087,0,0,0.6582,0,1],"rest":[0.9969,0.0317,-0.072,0,-0.0265,0.9971,0.0717,0,0.0741,-0.0696,0.9948,0,0,0.6582,0,1],"parentBoneIndex":6,"length":0.7455
,"animation":{"dataType":3,"framePerSecond":24,"keys":[
{"frame":1,"values":[0.9986,0.0524,-0.0014,0,-0.0227,0.408,-0.9127,0,-0.0472,0.9115,0.4087,0,0,0.6582,0,1]},
{"frame":2,"values":[0.9985,0.0549,-0.003,0,-0.0252,0.4081,-0.9126,0,-0.0489,0.9113,0.4089,0,0,0.6582,0,1]},
{"frame":3,"values":[0.998,0.0625,-0.0079,0,-0.0328,0.4084,-0.9122,0,-0.0538,0.9107,0.4096,0,0,0.6582,0,1]},
{"frame":4,"values":[0.9971,0.0745,-0.0154,0,-0.0446,0.4086,-0.9116,0,-0.0616,0.9097,0.4108,0,0,0.6582,0,1]},
{"frame":5,"values":[0.9957,0.089,-0.0246,0,-0.0591,0.4088,-0.9107,0,-0.071,0.9083,0.4123,0,0,0.6582,0,1]},
{"frame":6,"values":[0.994,0.1036,-0.0338,0,-0.0735,0.4087,-0.9097,0,-0.0804,0.9068,0.4139,0,0,0.6582,0,1]},
{"frame":7,"values":[0.9924,0.1155,-0.0413,0,-0.0854,0.4085,-0.9088,0,-0.0881,0.9054,0.4152,0,0,0.6582,0,1]},
{"frame":8,"values":[0.9913,0.1231,-0.0461,0,-0.0929,0.4082,-0.9081,0,-0.0929,0.9045,0.4161,0,0,0.6582,0,1]},
{"frame":9,"values":[0.9909,0.1256,-0.0477,0,-0.0954,0.4082,-0.9079,0,-0.0946,0.9042,0.4164,0,0,0.6582,0,1]},
{"frame":10,"values":[0.9913,0.1231,-0.0461,0,-0.0929,0.4082,-0.9081,0,-0.0929,0.9045,0.4161,0,0,0.6582,0,1]},
{"frame":11,"values":[0.9924,0.1155,-0.0413,0,-0.0854,0.4085,-0.9088,0,-0.0881,0.9054,0.4152,0,0,0.6582,0,1]},
{"frame":12,"values":[0.994,0.1036,-0.0338,0,-0.0735,0.4087,-0.9097,0,-0.0804,0.9068,0.4139,0,0,0.6582,0,1]},
{"frame":13,"values":[0.9957,0.089,-0.0246,0,-0.0591,0.4088,-0.9107,0,-0.071,0.9083,0.4123,0,0,0.6582,0,1]},
{"frame":14,"values":[0.9971,0.0745,-0.0154,0,-0.0446,0.4086,-0.9116,0,-0.0616,0.9097,0.4108,0,0,0.6582,0,1]},
{"frame":15,"values":[0.998,0.0625,-0.0079,0,-0.0328,0.4084,-0.9122,0,-0.0538,0.9107,0.4096,0,0,0.6582,0,1]},
{"frame":16,"values":[0.9985,0.0549,-0.003,0,-0.0252,0.4081,-0.9126,0,-0.0489,0.9113,0.4089,0,0,0.6582,0,1]},
{"frame":17,"values":[0.9986,0.0524,-0.0014,0,-0.0227,0.408,-0.9127,0,-0.0472,0.9115,0.4087,0,0,0.6582,0,1]},
{"frame":30,"values":[0.9909,0.1256,-0.0477,0,-0.0954,0.4082,-0.9079,0,-0.0946,0.9042,0.4164,0,0,0.6582,0,1]},
{"frame":31,"values":[0.9909,0.1256,-0.0477,0,-0.0954,0.4082,-0.9079,0,-0.0946,0.9042,0.4164,0,0,0.6582,0,1]}],"loopBehavior":1,"name":"anim","property":"_matrix"}},
{"name":"leg2j2.l","index":8,"matrix":[0.9956,0.0137,0.0923,0,0.0514,0.7456,-0.6644,0,-0.0779,0.6662,0.7417,0,0,0.7455,0,1],"rest":[0.9923,-0.0339,0.1187,0,0.0471,0.9928,-0.1099,0,-0.1142,0.1147,0.9868,0,0,0.7455,0,1],"parentBoneIndex":7,"length":0.6379
,"animation":{"dataType":3,"framePerSecond":24,"keys":[
{"frame":1,"values":[0.9956,0.0137,0.0923,0,0.0514,0.7456,-0.6644,0,-0.0779,0.6662,0.7417,0,0,0.7455,0,1]},
{"frame":2,"values":[0.9954,0.0161,0.0939,0,0.0506,0.7459,-0.6641,0,-0.0808,0.6659,0.7417,0,0,0.7455,0,1]},
{"frame":3,"values":[0.9948,0.0235,0.0989,0,0.0483,0.7468,-0.6633,0,-0.0895,0.6647,0.7418,0,0,0.7455,0,1]},
{"frame":4,"values":[0.9937,0.0352,0.1067,0,0.0446,0.7481,-0.6621,0,-0.1031,0.6627,0.7418,0,0,0.7455,0,1]},
{"frame":5,"values":[0.992,0.0493,0.1162,0,0.0401,0.7497,-0.6606,0,-0.1197,0.66,0.7417,0,0,0.7455,0,1]},
{"frame":6,"values":[0.99,0.0634,0.1258,0,0.0356,0.7512,-0.6592,0,-0.1363,0.6571,0.7414,0,0,0.7455,0,1]},
{"frame":7,"values":[0.9882,0.075,0.1336,0,0.0319,0.7523,-0.658,0,-0.1498,0.6545,0.7411,0,0,0.7455,0,1]},
{"frame":8,"values":[0.9869,0.0823,0.1386,0,0.0295,0.7531,-0.6573,0,-0.1584,0.6528,0.7408,0,0,0.7455,0,1]},
{"frame":9,"values":[0.9865,0.0847,0.1402,0,0.0287,0.7533,-0.6571,0,-0.1613,0.6522,0.7407,0,0,0.7455,0,1]},
{"frame":10,"values":[0.9869,0.0823,0.1386,0,0.0295,0.7531,-0.6573,0,-0.1584,0.6528,0.7408,0,0,0.7455,0,1]},
{"frame":11,"values":[0.9882,0.075,0.1336,0,0.0319,0.7523,-0.658,0,-0.1498,0.6545,0.7411,0,0,0.7455,0,1]},
{"frame":12,"values":[0.99,0.0634,0.1258,0,0.0356,0.7512,-0.6592,0,-0.1363,0.6571,0.7414,0,0,0.7455,0,1]},
{"frame":13,"values":[0.992,0.0493,0.1162,0,0.0401,0.7497,-0.6606,0,-0.1197,0.66,0.7417,0,0,0.7455,0,1]},
{"frame":14,"values":[0.9937,0.0352,0.1067,0,0.0446,0.7481,-0.6621,0,-0.1031,0.6627,0.7418,0,0,0.7455,0,1]},
{"frame":15,"values":[0.9948,0.0235,0.0989,0,0.0483,0.7468,-0.6633,0,-0.0895,0.6647,0.7418,0,0,0.7455,0,1]},
{"frame":16,"values":[0.9954,0.0161,0.0939,0,0.0506,0.7459,-0.6641,0,-0.0808,0.6659,0.7417,0,0,0.7455,0,1]},
{"frame":17,"values":[0.9956,0.0137,0.0923,0,0.0514,0.7456,-0.6644,0,-0.0779,0.6662,0.7417,0,0,0.7455,0,1]},
{"frame":30,"values":[0.9865,0.0847,0.1402,0,0.0287,0.7533,-0.6571,0,-0.1613,0.6522,0.7407,0,0,0.7455,0,1]},
{"frame":31,"values":[0.9865,0.0847,0.1402,0,0.0287,0.7533,-0.6571,0,-0.1613,0.6522,0.7407,0,0,0.7455,0,1]}],"loopBehavior":1,"name":"anim","property":"_matrix"}},
{"name":"leg3j0.l","index":9,"matrix":[0.2614,0.9652,0.0078,0,-0.8297,0.2205,0.5128,0,0.4932,-0.1405,0.8585,0,-0.5653,0.902,-0.0947,1],"rest":[0.1952,0.9652,0.174,0,-0.9652,0.2205,-0.1405,0,-0.174,-0.1405,0.9747,0,-0.5653,0.902,-0.0947,1],"parentBoneIndex":1,"length":0.5944
,"animation":{"dataType":3,"framePerSecond":24,"keys":[
{"frame":1,"values":[0.2614,0.9652,0.0078,0,-0.8297,0.2205,0.5128,0,0.4932,-0.1405,0.8585,0,-0.5653,0.902,-0.0947,1]},
{"frame":2,"values":[0.2653,0.9642,0.0014,0,-0.8164,0.2239,0.5324,0,0.513,-0.1424,0.8465,0,-0.5653,0.902,-0.0947,1]},
{"frame":3,"values":[0.2761,0.961,-0.0162,0,-0.7788,0.2336,0.5821,0,0.5632,-0.1481,0.8129,0,-0.5653,0.902,-0.0947,1]},
{"frame":4,"values":[0.289,0.9567,-0.0354,0,-0.7369,0.246,0.6296,0,0.6111,-0.1558,0.7761,0,-0.5653,0.902,-0.0947,1]},
{"frame":5,"values":[0.3,0.9529,-0.045,0,-0.7178,0.2565,0.6473,0,0.6283,-0.1619,0.7609,0,-0.5653,0.902,-0.0947,1]},
{"frame":6,"values":[0.3129,0.9489,-0.04,0,-0.7293,0.267,0.6299,0,0.6084,-0.1679,0.7756,0,-0.5653,0.902,-0.0947,1]},
{"frame":7,"values":[0.3291,0.944,-0.0211,0,-0.7635,0.2792,0.5824,0,0.5557,-0.1756,0.8127,0,-0.5653,0.902,-0.0947,1]},
{"frame":8,"values":[0.3409,0.9401,-0.0004,0,-0.7957,0.2887,0.5325,0,0.5007,-0.1812,0.8464,0,-0.5653,0.902,-0.0947,1]},
{"frame":9,"values":[0.3445,0.9388,0.0078,0,-0.8073,0.292,0.5128,0,0.4791,-0.183,0.8585,0,-0.5653,0.902,-0.0947,1]},
{"frame":10,"values":[0.3416,0.9398,0.0079,0,-0.8083,0.2896,0.5126,0,0.4795,-0.1815,0.8586,0,-0.5653,0.902,-0.0947,1]},
{"frame":11,"values":[0.3331,0.9428,0.0079,0,-0.8109,0.2822,0.5126,0,0.481,-0.1772,0.8586,0,-0.5653,0.902,-0.0947,1]},
{"frame":12,"values":[0.3197,0.9475,0.0079,0,-0.8149,0.2707,0.5126,0,0.4835,-0.1703,0.8586,0,-0.5653,0.902,-0.0947,1]},
{"frame":13,"values":[0.3032,0.9529,0.0079,0,-0.8194,0.2565,0.5126,0,0.4864,-0.1619,0.8586,0,-0.5653,0.902,-0.0947,1]},
{"frame":14,"values":[0.2867,0.958,0.0079,0,-0.8237,0.2423,0.5127,0,0.4892,-0.1534,0.8586,0,-0.5653,0.902,-0.0947,1]},
{"frame":15,"values":[0.273,0.962,0.0078,0,-0.827,0.2305,0.5127,0,0.4914,-0.1465,0.8585,0,-0.5653,0.902,-0.0947,1]},
{"frame":16,"values":[0.2643,0.9644,0.0078,0,-0.8291,0.223,0.5128,0,0.4928,-0.142,0.8585,0,-0.5653,0.902,-0.0947,1]},
{"frame":17,"values":[0.2614,0.9652,0.0078,0,-0.8297,0.2205,0.5128,0,0.4932,-0.1405,0.8585,0,-0.5653,0.902,-0.0947,1]},
{"frame":30,"values":[0.2614,0.9652,0.0078,0,-0.8297,0.2205,0.5128,0,0.4932,-0.1405,0.8585,0,-0.5653,0.902,-0.0947,1]},
{"frame":31,"values":[0.2614,0.9652,0.0078,0,-0.8297,0.2205,0.5128,0,0.4932,-0.1405,0.8585,0,-0.5653,0.902,-0.0947,1]}],"loopBehavior":1,"name":"anim","property":"_matrix"}},
{"name":"leg3j1.l","index":10,"matrix":[0.9786,0.1626,0.1262,0,0.0404,0.4497,-0.8923,0,-0.2019,0.8783,0.4335,0,0,0.5944,0,1],"rest":[0.9937,-0.0484,-0.1011,0,0.0556,0.996,0.07,0,0.0973,-0.0751,0.9924,0,0,0.5944,0,1],"parentBoneIndex":9,"length":0.7175
,"animation":{"dataType":3,"framePerSecond":24,"keys":[
{"frame":1,"values":[0.9786,0.1626,0.1262,0,0.0404,0.4497,-0.8923,0,-0.2019,0.8783,0.4335,0,0,0.5944,0,1]},
{"frame":2,"values":[0.9788,0.1601,0.1278,0,0.0429,0.4496,-0.8922,0,-0.2003,0.8788,0.4332,0,0,0.5944,0,1]},
{"frame":3,"values":[0.9794,0.1525,0.1323,0,0.0505,0.4491,-0.892,0,-0.1955,0.8804,0.4322,0,0,0.5944,0,1]},
{"frame":4,"values":[0.9802,0.1405,0.1394,0,0.0625,0.4483,-0.8917,0,-0.1878,0.8827,0.4307,0,0,0.5944,0,1]},
{"frame":5,"values":[0.9809,0.126,0.1481,0,0.0771,0.4472,-0.8911,0,-0.1785,0.8855,0.4289,0,0,0.5944,0,1]},
{"frame":6,"values":[0.9813,0.1114,0.1568,0,0.0917,0.4458,-0.8904,0,-0.1691,0.8882,0.4273,0,0,0.5944,0,1]},
{"frame":7,"values":[0.9814,0.0994,0.164,0,0.1036,0.4445,-0.8898,0,-0.1613,0.8902,0.426,0,0,0.5944,0,1]},
{"frame":8,"values":[0.9814,0.0918,0.1685,0,0.1112,0.4436,-0.8893,0,-0.1564,0.8915,0.4252,0,0,0.5944,0,1]},
{"frame":9,"values":[0.9814,0.0893,0.17,0,0.1137,0.4433,-0.8891,0,-0.1547,0.8919,0.4249,0,0,0.5944,0,1]},
{"frame":10,"values":[0.9814,0.0918,0.1685,0,0.1112,0.4436,-0.8893,0,-0.1564,0.8915,0.4252,0,0,0.5944,0,1]},
{"frame":11,"values":[0.9814,0.0994,0.164,0,0.1036,0.4445,-0.8898,0,-0.1613,0.8902,0.426,0,0,0.5944,0,1]},
{"frame":12,"values":[0.9813,0.1114,0.1568,0,0.0917,0.4458,-0.8904,0,-0.1691,0.8882,0.4273,0,0,0.5944,0,1]},
{"frame":13,"values":[0.9809,0.126,0.1481,0,0.0771,0.4472,-0.8911,0,-0.1785,0.8855,0.4289,0,0,0.5944,0,1]},
{"frame":14,"values":[0.9802,0.1405,0.1394,0,0.0625,0.4483,-0.8917,0,-0.1878,0.8827,0.4307,0,0,0.5944,0,1]},
{"frame":15,"values":[0.9794,0.1525,0.1323,0,0.0505,0.4491,-0.892,0,-0.1955,0.8804,0.4322,0,0,0.5944,0,1]},
{"frame":16,"values":[0.9788,0.1601,0.1278,0,0.0429,0.4496,-0.8922,0,-0.2003,0.8788,0.4332,0,0,0.5944,0,1]},
{"frame":17,"values":[0.9786,0.1626,0.1262,0,0.0404,0.4497,-0.8923,0,-0.2019,0.8783,0.4335,0,0,0.5944,0,1]},
{"frame":30,"values":[0.9786,0.1626,0.1262,0,0.0404,0.4497,-0.8923,0,-0.2019,0.8783,0.4335,0,0,0.5944,0,1]},
{"frame":31,"values":[0.9786,0.1626,0.1262,0,0.0404,0.4497,-0.8923,0,-0.2019,0.8783,0.4335,0,0,0.5944,0,1]}],"loopBehavior":1,"name":"anim","property":"_matrix"}},
{"name":"leg3j2.l","index":11,"matrix":[0.948,0.1586,0.276,0,0.0606,0.7613,-0.6455,0,-0.3125,0.6287,0.7121,0,0,0.7175,0,1],"rest":[0.9871,-0.0116,0.1598,0,0.0312,0.9922,-0.1209,0,-0.1572,0.1244,0.9797,0,0,0.7175,0,1],"parentBoneIndex":10,"length":0.5898
,"animation":{"dataType":3,"framePerSecond":24,"keys":[
{"frame":1,"values":[0.948,0.1586,0.276,0,0.0606,0.7613,-0.6455,0,-0.3125,0.6287,0.7121,0,0,0.7175,0,1]},
{"frame":2,"values":[0.9488,0.1564,0.2744,0,0.0614,0.7608,-0.6461,0,-0.3098,0.6299,0.7122,0,0,0.7175,0,1]},
{"frame":3,"values":[0.9513,0.1498,0.2695,0,0.0639,0.7591,-0.6478,0,-0.3017,0.6334,0.7126,0,0,0.7175,0,1]},
{"frame":4,"values":[0.955,0.1395,0.2618,0,0.0679,0.7565,-0.6504,0,-0.2888,0.6389,0.713,0,0,0.7175,0,1]},
{"frame":5,"values":[0.9593,0.1267,0.2525,0,0.0726,0.7533,-0.6537,0,-0.273,0.6454,0.7134,0,0,0.7175,0,1]},
{"frame":6,"values":[0.9633,0.1139,0.2432,0,0.0772,0.75,-0.657,0,-0.2572,0.6516,0.7136,0,0,0.7175,0,1]},
{"frame":7,"values":[0.9664,0.1033,0.2355,0,0.0809,0.7472,-0.6597,0,-0.2441,0.6566,0.7137,0,0,0.7175,0,1]},
{"frame":8,"values":[0.9682,0.0965,0.2307,0,0.0832,0.7454,-0.6614,0,-0.2358,0.6596,0.7136,0,0,0.7175,0,1]},
{"frame":9,"values":[0.9688,0.0943,0.229,0,0.084,0.7448,-0.662,0,-0.233,0.6606,0.7136,0,0,0.7175,0,1]},
{"frame":10,"values":[0.9682,0.0965,0.2307,0,0.0832,0.7454,-0.6614,0,-0.2358,0.6596,0.7136,0,0,0.7175,0,1]},
{"frame":11,"values":[0.9664,0.1033,0.2355,0,0.0809,0.7472,-0.6597,0,-0.2441,0.6566,0.7137,0,0,0.7175,0,1]},
{"frame":12,"values":[0.9633,0.1139,0.2432,0,0.0772,0.75,-0.657,0,-0.2572,0.6516,0.7136,0,0,0.7175,0,1]},
{"frame":13,"values":[0.9593,0.1267,0.2525,0,0.0726,0.7533,-0.6537,0,-0.273,0.6454,0.7134,0,0,0.7175,0,1]},
{"frame":14,"values":[0.955,0.1395,0.2618,0,0.0679,0.7565,-0.6504,0,-0.2888,0.6389,0.713,0,0,0.7175,0,1]},
{"frame":15,"values":[0.9513,0.1498,0.2695,0,0.0639,0.7591,-0.6478,0,-0.3017,0.6334,0.7126,0,0,0.7175,0,1]},
{"frame":16,"values":[0.9488,0.1564,0.2744,0,0.0614,0.7608,-0.6461,0,-0.3098,0.6299,0.7122,0,0,0.7175,0,1]},
{"frame":17,"values":[0.948,0.1586,0.276,0,0.0606,0.7613,-0.6455,0,-0.3125,0.6287,0.7121,0,0,0.7175,0,1]},
{"frame":30,"values":[0.948,0.1586,0.276,0,0.0606,0.7613,-0.6455,0,-0.3125,0.6287,0.7121,0,0,0.7175,0,1]},
{"frame":31,"values":[0.948,0.1586,0.276,0,0.0606,0.7613,-0.6455,0,-0.3125,0.6287,0.7121,0,0,0.7175,0,1]}],"loopBehavior":1,"name":"anim","property":"_matrix"}},
{"name":"leg1j0.r","index":12,"matrix":[0.1178,-0.9843,-0.1312,0,0.8416,0.0288,0.5394,0,-0.5271,-0.1739,0.8318,0,0.6214,0.3849,-0.0947,1],"rest":[-0.0602,-0.9909,-0.1208,0,0.9909,-0.0446,-0.1273,0,0.1208,-0.1273,0.9845,0,0.6214,0.3849,-0.0947,1],"parentBoneIndex":1,"length":0.6559
,"animation":{"dataType":3,"framePerSecond":24,"keys":[
{"frame":1,"values":[0.1178,-0.9843,-0.1312,0,0.8416,0.0288,0.5394,0,-0.5271,-0.1739,0.8318,0,0.6214,0.3849,-0.0947,1]},
{"frame":2,"values":[0.1148,-0.9847,-0.1312,0,0.8419,0.0263,0.539,0,-0.5273,-0.1724,0.832,0,0.6214,0.3849,-0.0947,1]},
{"frame":3,"values":[0.1059,-0.9857,-0.1313,0,0.8426,0.0189,0.5381,0,-0.5279,-0.1677,0.8326,0,0.6214,0.3849,-0.0947,1]},
{"frame":4,"values":[0.0919,-0.9871,-0.1314,0,0.8436,0.0071,0.5369,0,-0.529,-0.1602,0.8333,0,0.6214,0.3849,-0.0947,1]},
{"frame":5,"values":[0.0748,-0.9885,-0.1315,0,0.8444,-0.0074,0.5357,0,-0.5305,-0.1511,0.8341,0,0.6214,0.3849,-0.0947,1]},
{"frame":6,"values":[0.0577,-0.9896,-0.1315,0,0.8445,-0.0219,0.5351,0,-0.5324,-0.1419,0.8345,0,0.6214,0.3849,-0.0947,1]},
{"frame":7,"values":[0.0436,-0.9904,-0.1315,0,0.8439,-0.0339,0.5354,0,-0.5347,-0.1343,0.8343,0,0.6214,0.3849,-0.0947,1]},
{"frame":8,"values":[0.0346,-0.9907,-0.1314,0,0.8427,-0.0418,0.5368,0,-0.5373,-0.1293,0.8334,0,0.6214,0.3849,-0.0947,1]},
{"frame":9,"values":[0.0316,-0.9909,-0.1312,0,0.8409,-0.0446,0.5394,0,-0.5403,-0.1273,0.8318,0,0.6214,0.3849,-0.0947,1]},
{"frame":10,"values":[0.0385,-0.9908,-0.1297,0,0.8266,-0.0414,0.5612,0,-0.5614,-0.1288,0.8174,0,0.6214,0.3849,-0.0947,1]},
{"frame":11,"values":[0.058,-0.9904,-0.1253,0,0.7905,-0.0312,0.6117,0,-0.6098,-0.1345,0.7811,0,0.6214,0.3849,-0.0947,1]},
{"frame":12,"values":[0.0807,-0.9895,-0.1195,0,0.7516,-0.0183,0.6593,0,-0.6546,-0.143,0.7423,0,0.6214,0.3849,-0.0947,1]},
{"frame":13,"values":[0.0964,-0.9885,-0.1162,0,0.7356,-0.0079,0.6774,0,-0.6705,-0.1508,0.7264,0,0.6214,0.3849,-0.0947,1]},
{"frame":14,"values":[0.1064,-0.9874,-0.1175,0,0.7512,0.0024,0.6601,0,-0.6515,-0.1585,0.742,0,0.6214,0.3849,-0.0947,1]},
{"frame":15,"values":[0.1137,-0.9859,-0.1229,0,0.7913,0.015,0.6113,0,-0.6008,-0.1668,0.7818,0,0.6214,0.3849,-0.0947,1]},
{"frame":16,"values":[0.1171,-0.9847,-0.1289,0,0.8283,0.0253,0.5597,0,-0.5479,-0.1723,0.8186,0,0.6214,0.3849,-0.0947,1]},
{"frame":17,"values":[0.1178,-0.9843,-0.1312,0,0.8416,0.0288,0.5394,0,-0.5271,-0.1739,0.8318,0,0.6214,0.3849,-0.0947,1]},
{"frame":30,"values":[0.0316,-0.9909,-0.1312,0,0.8409,-0.0446,0.5394,0,-0.5403,-0.1273,0.8318,0,0.6214,0.3849,-0.0947,1]},
{"frame":31,"values":[0.0316,-0.9909,-0.1312,0,0.8409,-0.0446,0.5394,0,-0.5403,-0.1273,0.8318,0,0.6214,0.3849,-0.0947,1]}],"loopBehavior":1,"name":"anim","property":"_matrix"}},
{"name":"leg1j1.r","index":13,"matrix":[0.9885,0.0203,0.1498,0,0.1286,0.4075,-0.9041,0,-0.0794,0.913,0.4002,0,0,0.6559,0,1],"rest":[0.9967,-0.0543,0.0596,0,0.0498,0.9961,0.0731,0,-0.0634,-0.0699,0.9955,0,0,0.6559,0,1],"parentBoneIndex":12,"length":0.732
,"animation":{"dataType":3,"framePerSecond":24,"keys":[
{"frame":1,"values":[0.9885,0.0203,0.1498,0,0.1286,0.4075,-0.9041,0,-0.0794,0.913,0.4002,0,0,0.6559,0,1]},
{"frame":2,"values":[0.9883,0.0178,0.1514,0,0.1311,0.4075,-0.9037,0,-0.0777,0.913,0.4005,0,0,0.6559,0,1]},
{"frame":3,"values":[0.9877,0.0101,0.1562,0,0.1386,0.4076,-0.9026,0,-0.0728,0.9131,0.4012,0,0,0.6559,0,1]},
{"frame":4,"values":[0.9865,-0.0018,0.1638,0,0.1503,0.4076,-0.9007,0,-0.0651,0.9132,0.4023,0,0,0.6559,0,1]},
{"frame":5,"values":[0.9848,-0.0164,0.173,0,0.1646,0.4074,-0.8983,0,-0.0557,0.9131,0.4039,0,0,0.6559,0,1]},
{"frame":6,"values":[0.9828,-0.031,0.1822,0,0.1789,0.4069,-0.8958,0,-0.0463,0.9129,0.4055,0,0,0.6559,0,1]},
{"frame":7,"values":[0.9809,-0.043,0.1896,0,0.1906,0.4064,-0.8936,0,-0.0386,0.9127,0.4068,0,0,0.6559,0,1]},
{"frame":8,"values":[0.9796,-0.0506,0.1943,0,0.198,0.406,-0.8922,0,-0.0338,0.9125,0.4077,0,0,0.6559,0,1]},
{"frame":9,"values":[0.9792,-0.0531,0.1959,0,0.2004,0.4059,-0.8917,0,-0.0321,0.9124,0.4081,0,0,0.6559,0,1]},
{"frame":10,"values":[0.9796,-0.0506,0.1943,0,0.198,0.406,-0.8922,0,-0.0338,0.9125,0.4077,0,0,0.6559,0,1]},
{"frame":11,"values":[0.9809,-0.043,0.1896,0,0.1906,0.4064,-0.8936,0,-0.0386,0.9127,0.4068,0,0,0.6559,0,1]},
{"frame":12,"values":[0.9828,-0.031,0.1822,0,0.1789,0.4069,-0.8958,0,-0.0463,0.9129,0.4055,0,0,0.6559,0,1]},
{"frame":13,"values":[0.9848,-0.0164,0.173,0,0.1646,0.4074,-0.8983,0,-0.0557,0.9131,0.4039,0,0,0.6559,0,1]},
{"frame":14,"values":[0.9865,-0.0018,0.1638,0,0.1503,0.4076,-0.9007,0,-0.0651,0.9132,0.4023,0,0,0.6559,0,1]},
{"frame":15,"values":[0.9877,0.0101,0.1562,0,0.1386,0.4076,-0.9026,0,-0.0728,0.9131,0.4012,0,0,0.6559,0,1]},
{"frame":16,"values":[0.9883,0.0178,0.1514,0,0.1311,0.4075,-0.9037,0,-0.0777,0.913,0.4005,0,0,0.6559,0,1]},
{"frame":17,"values":[0.9885,0.0203,0.1498,0,0.1286,0.4075,-0.9041,0,-0.0794,0.913,0.4002,0,0,0.6559,0,1]},
{"frame":30,"values":[0.9792,-0.0531,0.1959,0,0.2004,0.4059,-0.8917,0,-0.0321,0.9124,0.4081,0,0,0.6559,0,1]},
{"frame":31,"values":[0.9792,-0.0531,0.1959,0,0.2004,0.4059,-0.8917,0,-0.0321,0.9124,0.4081,0,0,0.6559,0,1]}],"loopBehavior":1,"name":"anim","property":"_matrix"}},
{"name":"leg1j2.r","index":14,"matrix":[0.9934,-0.0549,0.1011,0,0.1063,0.7738,-0.6244,0,-0.044,0.631,0.7745,0,0,0.732,0,1],"rest":[0.9937,-0.082,-0.0764,0,0.0753,0.9934,-0.0869,0,0.083,0.0806,0.9933,0,0,0.732,0,1],"parentBoneIndex":13,"length":0.6996
,"animation":{"dataType":3,"framePerSecond":24,"keys":[
{"frame":1,"values":[0.9934,-0.0549,0.1011,0,0.1063,0.7738,-0.6244,0,-0.044,0.631,0.7745,0,0,0.732,0,1]},
{"frame":2,"values":[0.9934,-0.0574,0.0995,0,0.1072,0.7735,-0.6246,0,-0.0411,0.6311,0.7746,0,0,0.732,0,1]},
{"frame":3,"values":[0.9934,-0.0649,0.0945,0,0.11,0.7727,-0.6252,0,-0.0325,0.6315,0.7747,0,0,0.732,0,1]},
{"frame":4,"values":[0.9933,-0.0767,0.0868,0,0.1143,0.7713,-0.6261,0,-0.0189,0.6318,0.7749,0,0,0.732,0,1]},
{"frame":5,"values":[0.9928,-0.0911,0.0773,0,0.1195,0.7695,-0.6273,0,-0.0024,0.6321,0.7749,0,0,0.732,0,1]},
{"frame":6,"values":[0.9921,-0.1054,0.0679,0,0.1246,0.7677,-0.6286,0,0.0141,0.6321,0.7748,0,0,0.732,0,1]},
{"frame":7,"values":[0.9913,-0.1172,0.0602,0,0.1288,0.7662,-0.6296,0,0.0277,0.6319,0.7746,0,0,0.732,0,1]},
{"frame":8,"values":[0.9907,-0.1247,0.0553,0,0.1315,0.7651,-0.6303,0,0.0363,0.6317,0.7744,0,0,0.732,0,1]},
{"frame":9,"values":[0.9904,-0.1272,0.0536,0,0.1324,0.7648,-0.6305,0,0.0392,0.6316,0.7743,0,0,0.732,0,1]},
{"frame":10,"values":[0.9907,-0.1247,0.0553,0,0.1315,0.7651,-0.6303,0,0.0363,0.6317,0.7744,0,0,0.732,0,1]},
{"frame":11,"values":[0.9913,-0.1172,0.0602,0,0.1288,0.7662,-0.6296,0,0.0277,0.6319,0.7746,0,0,0.732,0,1]},
{"frame":12,"values":[0.9921,-0.1054,0.0679,0,0.1246,0.7677,-0.6286,0,0.0141,0.6321,0.7748,0,0,0.732,0,1]},
{"frame":13,"values":[0.9928,-0.0911,0.0773,0,0.1195,0.7695,-0.6273,0,-0.0024,0.6321,0.7749,0,0,0.732,0,1]},
{"frame":14,"values":[0.9933,-0.0767,0.0868,0,0.1143,0.7713,-0.6261,0,-0.0189,0.6318,0.7749,0,0,0.732,0,1]},
{"frame":15,"values":[0.9934,-0.0649,0.0945,0,0.11,0.7727,-0.6252,0,-0.0325,0.6315,0.7747,0,0,0.732,0,1]},
{"frame":16,"values":[0.9934,-0.0574,0.0995,0,0.1072,0.7735,-0.6246,0,-0.0411,0.6311,0.7746,0,0,0.732,0,1]},
{"frame":17,"values":[0.9934,-0.0549,0.1011,0,0.1063,0.7738,-0.6244,0,-0.044,0.631,0.7745,0,0,0.732,0,1]},
{"frame":30,"values":[0.9904,-0.1272,0.0536,0,0.1324,0.7648,-0.6305,0,0.0392,0.6316,0.7743,0,0,0.732,0,1]},
{"frame":31,"values":[0.9904,-0.1272,0.0536,0,0.1324,0.7648,-0.6305,0,0.0392,0.6316,0.7743,0,0,0.732,0,1]}],"loopBehavior":1,"name":"anim","property":"_matrix"}},
{"name":"leg2j0.r","index":15,"matrix":[0.1486,-0.9873,-0.0561,0,0.8379,0.0956,0.5374,0,-0.5252,-0.1269,0.8414,0,0.6214,0.6414,-0.0947,1],"rest":[0.0778,-0.9873,-0.1385,0,0.9873,0.0956,-0.1269,0,0.1385,-0.1269,0.9822,0,0.6214,0.6414,-0.0947,1],"parentBoneIndex":1,"length":0.6582
,"animation":{"dataType":3,"framePerSecond":24,"keys":[
{"frame":1,"values":[0.1486,-0.9873,-0.0561,0,0.8379,0.0956,0.5374,0,-0.5252,-0.1269,0.8414,0,0.6214,0.6414,-0.0947,1]},
{"frame":2,"values":[0.1539,-0.9867,-0.0524,0,0.8244,0.099,0.5572,0,-0.5446,-0.1289,0.8287,0,0.6214,0.6414,-0.0947,1]},
{"frame":3,"values":[0.1684,-0.9848,-0.0418,0,0.7867,0.1088,0.6077,0,-0.5939,-0.1352,0.7931,0,0.6214,0.6414,-0.0947,1]},
{"frame":4,"values":[0.1855,-0.9822,-0.0292,0,0.7451,0.1212,0.6559,0,-0.6407,-0.1434,0.7543,0,0.6214,0.6414,-0.0947,1]},
{"frame":5,"values":[0.1984,-0.9799,-0.022,0,0.7269,0.1321,0.6739,0,-0.6574,-0.1497,0.7385,0,0.6214,0.6414,-0.0947,1]},
{"frame":6,"values":[0.21,-0.9774,-0.0243,0,0.7407,0.1428,0.6565,0,-0.6382,-0.1559,0.754,0,0.6214,0.6414,-0.0947,1]},
{"frame":7,"values":[0.2229,-0.9742,-0.0366,0,0.7784,0.1552,0.6083,0,-0.5869,-0.1641,0.7929,0,0.6214,0.6414,-0.0947,1]},
{"frame":8,"values":[0.2315,-0.9715,-0.0505,0,0.8136,0.1649,0.5575,0,-0.5333,-0.1702,0.8286,0,0.6214,0.6414,-0.0947,1]},
{"frame":9,"values":[0.2341,-0.9706,-0.0561,0,0.8264,0.1683,0.5374,0,-0.5122,-0.1722,0.8414,0,0.6214,0.6414,-0.0947,1]},
{"frame":10,"values":[0.2312,-0.9713,-0.0561,0,0.827,0.1657,0.5373,0,-0.5126,-0.1706,0.8415,0,0.6214,0.6414,-0.0947,1]},
{"frame":11,"values":[0.2224,-0.9733,-0.0561,0,0.8285,0.1583,0.5372,0,-0.514,-0.166,0.8416,0,0.6214,0.6414,-0.0947,1]},
{"frame":12,"values":[0.2085,-0.9764,-0.0562,0,0.8306,0.1465,0.5372,0,-0.5163,-0.1586,0.8416,0,0.6214,0.6414,-0.0947,1]},
{"frame":13,"values":[0.1915,-0.9799,-0.0561,0,0.833,0.132,0.5372,0,-0.519,-0.1497,0.8416,0,0.6214,0.6414,-0.0947,1]},
{"frame":14,"values":[0.1745,-0.9831,-0.0561,0,0.8352,0.1176,0.5373,0,-0.5216,-0.1406,0.8415,0,0.6214,0.6414,-0.0947,1]},
{"frame":15,"values":[0.1605,-0.9854,-0.0561,0,0.8367,0.1057,0.5374,0,-0.5236,-0.1332,0.8415,0,0.6214,0.6414,-0.0947,1]},
{"frame":16,"values":[0.1516,-0.9868,-0.0561,0,0.8376,0.0981,0.5374,0,-0.5248,-0.1285,0.8415,0,0.6214,0.6414,-0.0947,1]},
{"frame":17,"values":[0.1486,-0.9873,-0.0561,0,0.8379,0.0956,0.5374,0,-0.5252,-0.1269,0.8414,0,0.6214,0.6414,-0.0947,1]},
{"frame":30,"values":[0.1486,-0.9873,-0.0561,0,0.8379,0.0956,0.5374,0,-0.5252,-0.1269,0.8414,0,0.6214,0.6414,-0.0947,1]},
{"frame":31,"values":[0.1486,-0.9873,-0.0561,0,0.8379,0.0956,0.5374,0,-0.5252,-0.1269,0.8414,0,0.6214,0.6414,-0.0947,1]}],"loopBehavior":1,"name":"anim","property":"_matrix"}},
{"name":"leg2j1.r","index":16,"matrix":[0.9909,-0.1256,0.0477,0,0.0954,0.4082,-0.9079,0,0.0946,0.9042,0.4164,0,0,0.6582,0,1],"rest":[0.9969,-0.0317,0.072,0,0.0265,0.9971,0.0717,0,-0.0741,-0.0696,0.9948,0,0,0.6582,0,1],"parentBoneIndex":15,"length":0.7455
,"animation":{"dataType":3,"framePerSecond":24,"keys":[
{"frame":1,"values":[0.9909,-0.1256,0.0477,0,0.0954,0.4082,-0.9079,0,0.0946,0.9042,0.4164,0,0,0.6582,0,1]},
{"frame":2,"values":[0.9913,-0.1231,0.0461,0,0.0929,0.4082,-0.9081,0,0.0929,0.9045,0.4161,0,0,0.6582,0,1]},
{"frame":3,"values":[0.9924,-0.1155,0.0413,0,0.0854,0.4085,-0.9088,0,0.0881,0.9054,0.4152,0,0,0.6582,0,1]},
{"frame":4,"values":[0.994,-0.1036,0.0338,0,0.0735,0.4087,-0.9097,0,0.0804,0.9068,0.4139,0,0,0.6582,0,1]},
{"frame":5,"values":[0.9957,-0.089,0.0246,0,0.0591,0.4088,-0.9107,0,0.071,0.9083,0.4123,0,0,0.6582,0,1]},
{"frame":6,"values":[0.9971,-0.0745,0.0154,0,0.0446,0.4086,-0.9116,0,0.0616,0.9097,0.4108,0,0,0.6582,0,1]},
{"frame":7,"values":[0.998,-0.0625,0.0079,0,0.0328,0.4084,-0.9122,0,0.0538,0.9107,0.4096,0,0,0.6582,0,1]},
{"frame":8,"values":[0.9985,-0.0549,0.003,0,0.0252,0.4081,-0.9126,0,0.0489,0.9113,0.4089,0,0,0.6582,0,1]},
{"frame":9,"values":[0.9986,-0.0524,0.0014,0,0.0227,0.408,-0.9127,0,0.0472,0.9115,0.4087,0,0,0.6582,0,1]},
{"frame":10,"values":[0.9985,-0.0549,0.003,0,0.0252,0.4081,-0.9126,0,0.0489,0.9113,0.4089,0,0,0.6582,0,1]},
{"frame":11,"values":[0.998,-0.0625,0.0079,0,0.0328,0.4084,-0.9122,0,0.0538,0.9107,0.4096,0,0,0.6582,0,1]},
{"frame":12,"values":[0.9971,-0.0745,0.0154,0,0.0446,0.4086,-0.9116,0,0.0616,0.9097,0.4108,0,0,0.6582,0,1]},
{"frame":13,"values":[0.9957,-0.089,0.0246,0,0.0591,0.4088,-0.9107,0,0.071,0.9083,0.4123,0,0,0.6582,0,1]},
{"frame":14,"values":[0.994,-0.1036,0.0338,0,0.0735,0.4087,-0.9097,0,0.0804,0.9068,0.4139,0,0,0.6582,0,1]},
{"frame":15,"values":[0.9924,-0.1155,0.0413,0,0.0854,0.4085,-0.9088,0,0.0881,0.9054,0.4152,0,0,0.6582,0,1]},
{"frame":16,"values":[0.9913,-0.1231,0.0461,0,0.0929,0.4082,-0.9081,0,0.0929,0.9045,0.4161,0,0,0.6582,0,1]},
{"frame":17,"values":[0.9909,-0.1256,0.0477,0,0.0954,0.4082,-0.9079,0,0.0946,0.9042,0.4164,0,0,0.6582,0,1]},
{"frame":30,"values":[0.9909,-0.1256,0.0477,0,0.0954,0.4082,-0.9079,0,0.0946,0.9042,0.4164,0,0,0.6582,0,1]},
{"frame":31,"values":[0.9909,-0.1256,0.0477,0,0.0954,0.4082,-0.9079,0,0.0946,0.9042,0.4164,0,0,0.6582,0,1]}],"loopBehavior":1,"name":"anim","property":"_matrix"}},
{"name":"leg2j2.r","index":17,"matrix":[0.9865,-0.0847,-0.1402,0,-0.0287,0.7533,-0.6571,0,0.1613,0.6522,0.7407,0,0,0.7455,0,1],"rest":[0.9923,0.0339,-0.1187,0,-0.0471,0.9928,-0.1099,0,0.1142,0.1147,0.9868,0,0,0.7455,0,1],"parentBoneIndex":16,"length":0.6379
,"animation":{"dataType":3,"framePerSecond":24,"keys":[
{"frame":1,"values":[0.9865,-0.0847,-0.1402,0,-0.0287,0.7533,-0.6571,0,0.1613,0.6522,0.7407,0,0,0.7455,0,1]},
{"frame":2,"values":[0.9869,-0.0823,-0.1386,0,-0.0295,0.7531,-0.6573,0,0.1584,0.6528,0.7408,0,0,0.7455,0,1]},
{"frame":3,"values":[0.9882,-0.075,-0.1336,0,-0.0319,0.7523,-0.658,0,0.1498,0.6545,0.7411,0,0,0.7455,0,1]},
{"frame":4,"values":[0.99,-0.0634,-0.1258,0,-0.0356,0.7512,-0.6592,0,0.1363,0.6571,0.7414,0,0,0.7455,0,1]},
{"frame":5,"values":[0.992,-0.0493,-0.1162,0,-0.0401,0.7497,-0.6606,0,0.1197,0.66,0.7417,0,0,0.7455,0,1]},
{"frame":6,"values":[0.9937,-0.0352,-0.1067,0,-0.0446,0.7481,-0.6621,0,0.1031,0.6627,0.7418,0,0,0.7455,0,1]},
{"frame":7,"values":[0.9948,-0.0235,-0.0989,0,-0.0483,0.7468,-0.6633,0,0.0895,0.6647,0.7418,0,0,0.7455,0,1]},
{"frame":8,"values":[0.9954,-0.0161,-0.0939,0,-0.0506,0.7459,-0.6641,0,0.0808,0.6659,0.7417,0,0,0.7455,0,1]},
{"frame":9,"values":[0.9956,-0.0137,-0.0923,0,-0.0514,0.7456,-0.6644,0,0.0779,0.6662,0.7417,0,0,0.7455,0,1]},
{"frame":10,"values":[0.9954,-0.0161,-0.0939,0,-0.0506,0.7459,-0.6641,0,0.0808,0.6659,0.7417,0,0,0.7455,0,1]},
