{"producer":{"name":"Blender","version":"2.79 (sub 0)","exporter_version":"5.6.3","file":"characters_sfw.babylon"},
"autoClear":true,"clearColor":[0.0509,0.0509,0.0509],"ambientColor":[0,0,0],"gravity":[0,-9.81,0],
"materials":[{"name":"characters_sfw.fox","id":"characters_sfw.fox","ambient":[0.8,0.8,0.8],"diffuse":[0.64,0.64,0.64],"specular":[0,0,0],"emissive":[0,0,0],"specularPower":50,"alpha":1,"backFaceCulling":true,"checkReadyOnlyOnce":false,"maxSimultaneousLights":4, 
"diffuseTexture":{"name":"foxRed.png","level":1,"hasAlpha":1,"coordinatesMode":0,"uOffset":0,"vOffset":0,"uScale":1,"vScale":1,"uAng":0,"vAng":0,"wAng":0,"wrapU":1,"wrapV":1,"coordinatesIndex":0}}],
"multiMaterials":[],
"skeletons":[{"name":"characterSkeleton","id":0,"dimensionsAtRest":[1.1693,1.2675,0.878],"bones":[
{"name":"ROOT","index":0,"matrix":[-1,0,0,0,0,0,-1,0,0,1,0,0,0,0,0,1],"rest":[-1,0,0,0,0,0,-1,0,0,1,0,0,0,0,0,1],"parentBoneIndex":-1,"length":0.2165
,"animation":{"dataType":3,"framePerSecond":24,"keys":[
{"frame":1,"values":[-1,0,0,0,0,0,-1,0,0,1,0,0,0,0,0,1]},
{"frame":13,"values":[-1,0,0,0,0,0,-1,0,0,1,0,0,0,0,0,1]},
{"frame":20,"values":[-1,0,0,0,0,0,-1,0,0,1,0,0,0,0,0,1]},
{"frame":21,"values":[-1,0,0,0,0,0,-1,0,0,1,0,0,0,0,0,1]},
{"frame":30,"values":[-1,0,0,0,0,0,-1,0,0,1,0,0,0,0,0,1]},
{"frame":31,"values":[-1,0,0,0,0,0,-1,0,0,1,0,0,0,0,0,1]},
{"frame":40,"values":[-1,0,0,0,0,0,-1,0,0,1,0,0,0,0,0,1]},
{"frame":41,"values":[-1,0,0,0,0,0,-1,0,0,1,0,0,0,0,0,1]},
{"frame":50,"values":[-1,0,0,0,0,0,-1,0,0,1,0,0,0,0,0,1]},
{"frame":51,"values":[-1,0,0,0,0,0,-1,0,0,1,0,0,0,0,0,1]},
{"frame":60,"values":[-1,0,0,0,0,0,-1,0,0,1,0,0,0,0,0,1]},
{"frame":61,"values":[-1,0,0,0,0,0,-1,0,0,1,0,0,0,0,0,1]},
{"frame":70,"values":[-1,0,0,0,0,0,-1,0,0,1,0,0,0,0,0,1]},
{"frame":71,"values":[-1,0,0,0,0,0,-1,0,0,1,0,0,0,0,0,1]},
{"frame":80,"values":[-1,0,0,0,0,0,-1,0,0,1,0,0,0,0,0,1]},
{"frame":81,"values":[-1,0,0,0,0,0,-1,0,0,1,0,0,0,0,0,1]},
{"frame":90,"values":[-1,0,0,0,0,0,-1,0,0,1,0,0,0,0,0,1]},
{"frame":91,"values":[-1,0,0,0,0,0,-1,0,0,1,0,0,0,0,0,1]},
{"frame":100,"values":[-1,0,0,0,0,0,-1,0,0,1,0,0,0,0,0,1]},
{"frame":101,"values":[-1,0,0,0,0,0,-1,0,0,1,0,0,0,0,0,1]},
{"frame":110,"values":[-1,0,0,0,0,0,-1,0,0,1,0,0,0,0,0,1]},
{"frame":147,"values":[-1,0,0,0,0,0,-1,0,0,1,0,0,0,0,0,1]},
{"frame":160,"values":[-1,0,0,0,0,0,-1,0,0,1,0,0,0,0,0,1]},
{"frame":208,"values":[-1,0,0,0,0,0,-1,0,0,1,0,0,0,0,0,1]},
{"frame":220,"values":[-1,0,0,0,0,0,-1,0,0,1,0,0,0,0,0,1]},
{"frame":221,"values":[-1,0,0,0,0,0,-1,0,0,1,0,0,0,0,0,1]},
{"frame":230,"values":[-1,0,0,0,0,0,-1,0,0,1,0,0,0,0,0,1]},
{"frame":266,"values":[-1,0,0,0,0,0,-1,0,0,1,0,0,0,0,0,1]},
{"frame":280,"values":[-1,0,0,0,0,0,-1,0,0,1,0,0,0,0,0,1]},
{"frame":316,"values":[-1,0,0,0,0,0,-1,0,0,1,0,0,0,0,0,1]},
{"frame":330,"values":[-1,0,0,0,0,0,-1,0,0,1,0,0,0,0,0,1]},
{"frame":347,"values":[-1,0,0,0,0,0,-1,0,0,1,0,0,0,0,0,1]},
{"frame":360,"values":[-1,0,0,0,0,0,-1,0,0,1,0,0,0,0,0,1]},
{"frame":376,"values":[-1,0,0,0,0,0,-1,0,0,1,0,0,0,0,0,1]},
{"frame":390,"values":[-1,0,0,0,0,0,-1,0,0,1,0,0,0,0,0,1]},
{"frame":391,"values":[-1,0,0,0,0,0,-1,0,0,1,0,0,0,0,0,1]}],"loopBehavior":1,"name":"anim","property":"_matrix"}},
{"name":"POLE.elbow.l","index":1,"matrix":[-1,0,0,0,0,0,1,0,0,1,0,0,-0.7051,-0.2187,0.8328,1],"rest":[-1,0,0,0,0,0,1,0,0,1,0,0,-0.2652,-0.2187,0.8328,1],"parentBoneIndex":0,"length":0.2166
,"animation":{"dataType":3,"framePerSecond":24,"keys":[
{"frame":1,"values":[-1,0,0,0,0,0,1,0,0,1,0,0,-0.7051,-0.2187,0.8328,1]},
{"frame":13,"values":[-1,0,0,0,0,0,1,0,0,1,0,0,-0.7051,-0.2187,0.8328,1]},
{"frame":20,"values":[-1,0,0,0,0,0,1,0,0,1,0,0,-0.7051,-0.2187,0.8328,1]},
{"frame":21,"values":[-1,0,0,0,0,0,1,0,0,1,0,0,-0.7051,-0.2187,0.8328,1]},
{"frame":30,"values":[-1,0,0,0,0,0,1,0,0,1,0,0,-0.7051,-0.2187,0.8328,1]},
{"frame":31,"values":[-1,0,0,0,0,0,1,0,0,1,0,0,-0.7051,-0.2187,0.8328,1]},
{"frame":40,"values":[-1,0,0,0,0,0,1,0,0,1,0,0,-0.7051,-0.2187,0.8328,1]},
{"frame":41,"values":[-1,0,0,0,0,0,1,0,0,1,0,0,-0.7051,-0.2187,0.8328,1]},
{"frame":50,"values":[-1,0,0,0,0,0,1,0,0,1,0,0,-0.7051,-0.2187,0.8328,1]},
{"frame":51,"values":[-1,0,0,0,0,0,1,0,0,1,0,0,-0.7051,-0.2187,0.8328,1]},
{"frame":60,"values":[-1,0,0,0,0,0,1,0,0,1,0,0,-0.7051,-0.2187,0.8328,1]},
{"frame":61,"values":[-1,0,0,0,0,0,1,0,0,1,0,0,-0.7051,-0.2187,0.8328,1]},
{"frame":70,"values":[-1,0,0,0,0,0,1,0,0,1,0,0,-0.7051,-0.2187,0.8328,1]},
{"frame":71,"values":[-1,0,0,0,0,0,1,0,0,1,0,0,-0.7051,-0.2187,0.8328,1]},
{"frame":80,"values":[-1,0,0,0,0,0,1,0,0,1,0,0,-0.7051,-0.2187,0.8328,1]},
{"frame":81,"values":[-1,0,0,0,0,0,1,0,0,1,0,0,-0.7051,-0.2187,0.8328,1]},
{"frame":90,"values":[-1,0,0,0,0,0,1,0,0,1,0,0,-0.7051,-0.2187,0.8328,1]},
{"frame":91,"values":[-1,0,0,0,0,0,1,0,0,1,0,0,-0.7051,-0.2187,0.8328,1]},
{"frame":100,"values":[-1,0,0,0,0,0,1,0,0,1,0,0,-0.7051,-0.2187,0.8328,1]},
{"frame":101,"values":[-1,0,0,0,0,0,1,0,0,1,0,0,-0.7051,-0.2187,0.8328,1]},
{"frame":110,"values":[-1,0,0,0,0,0,1,0,0,1,0,0,-0.7051,-0.2187,0.8328,1]},
{"frame":147,"values":[-1,0,0,0,0,0,1,0,0,1,0,0,-0.7051,-0.2187,0.8328,1]},
{"frame":160,"values":[-1,0,0,0,0,0,1,0,0,1,0,0,-0.7051,-0.2187,0.8328,1]},
{"frame":208,"values":[-1,0,0,0,0,0,1,0,0,1,0,0,-0.7051,-0.2187,0.8328,1]},
{"frame":220,"values":[-1,0,0,0,0,0,1,0,0,1,0,0,-0.2652,-0.2187,0.8328,1]},
{"frame":221,"values":[-1,0,0,0,0,0,1,0,0,1,0,0,-0.4707,-0.2187,0.8328,1]},
{"frame":230,"values":[-1,0,0,0,0,0,1,0,0,1,0,0,-0.8152,-0.2187,0.8328,1]},
{"frame":231,"values":[-1,0,0,0,0,0,1,0,0,1,0,0,-0.8164,-0.2187,0.8328,1]},
{"frame":232,"values":[-1,0,0,0,0,0,1,0,0,1,0,0,-0.8201,-0.2187,0.8328,1]},
{"frame":233,"values":[-1,0,0,0,0,0,1,0,0,1,0,0,-0.8264,-0.2187,0.8328,1]},
{"frame":234,"values":[-1,0,0,0,0,0,1,0,0,1,0,0,-0.8351,-0.2187,0.8328,1]},
{"frame":235,"values":[-1,0,0,0,0,0,1,0,0,1,0,0,-0.846,-0.2187,0.8328,1]},
{"frame":236,"values":[-1,0,0,0,0,0,1,0,0,1,0,0,-0.859,-0.2187,0.8328,1]},
{"frame":237,"values":[-1,0,0,0,0,0,1,0,0,1,0,0,-0.8737,-0.2187,0.8328,1]},
{"frame":238,"values":[-1,0,0,0,0,0,1,0,0,1,0,0,-0.8895,-0.2187,0.8328,1]},
{"frame":239,"values":[-1,0,0,0,0,0,1,0,0,1,0,0,-0.9059,-0.2187,0.8328,1]},
{"frame":240,"values":[-1,0,0,0,0,0,1,0,0,1,0,0,-0.9224,-0.2187,0.8328,1]},
{"frame":241,"values":[-1,0,0,0,0,0,1,0,0,1,0,0,-0.9382,-0.2187,0.8328,1]},
{"frame":242,"values":[-1,0,0,0,0,0,1,0,0,1,0,0,-0.9529,-0.2187,0.8328,1]},
{"frame":243,"values":[-1,0,0,0,0,0,1,0,0,1,0,0,-0.9659,-0.2187,0.8328,1]},
{"frame":244,"values":[-1,0,0,0,0,0,1,0,0,1,0,0,-0.9768,-0.2187,0.8328,1]},
{"frame":245,"values":[-1,0,0,0,0,0,1,0,0,1,0,0,-0.9855,-0.2187,0.8328,1]},
{"frame":246,"values":[-1,0,0,0,0,0,1,0,0,1,0,0,-0.9918,-0.2187,0.8328,1]},
{"frame":247,"values":[-1,0,0,0,0,0,1,0,0,1,0,0,-0.9955,-0.2187,0.8328,1]},
{"frame":248,"values":[-1,0,0,0,0,0,1,0,0,1,0,0,-0.9967,-0.2187,0.8328,1]},
{"frame":249,"values":[-1,0,0,0,0,0,1,0,0,1,0,0,-0.9955,-0.2187,0.8328,1]},
{"frame":250,"values":[-1,0,0,0,0,0,1,0,0,1,0,0,-0.9918,-0.2187,0.8328,1]},
{"frame":251,"values":[-1,0,0,0,0,0,1,0,0,1,0,0,-0.9855,-0.2187,0.8328,1]},
{"frame":252,"values":[-1,0,0,0,0,0,1,0,0,1,0,0,-0.9768,-0.2187,0.8328,1]},
{"frame":253,"values":[-1,0,0,0,0,0,1,0,0,1,0,0,-0.9659,-0.2187,0.8328,1]},
{"frame":254,"values":[-1,0,0,0,0,0,1,0,0,1,0,0,-0.9529,-0.2187,0.8328,1]},
{"frame":255,"values":[-1,0,0,0,0,0,1,0,0,1,0,0,-0.9382,-0.2187,0.8328,1]},
{"frame":256,"values":[-1,0,0,0,0,0,1,0,0,1,0,0,-0.9224,-0.2187,0.8328,1]},
{"frame":257,"values":[-1,0,0,0,0,0,1,0,0,1,0,0,-0.9059,-0.2187,0.8328,1]},
{"frame":258,"values":[-1,0,0,0,0,0,1,0,0,1,0,0,-0.8895,-0.2187,0.8328,1]},
{"frame":259,"values":[-1,0,0,0,0,0,1,0,0,1,0,0,-0.8737,-0.2187,0.8328,1]},
{"frame":260,"values":[-1,0,0,0,0,0,1,0,0,1,0,0,-0.859,-0.2187,0.8328,1]},
{"frame":261,"values":[-1,0,0,0,0,0,1,0,0,1,0,0,-0.846,-0.2187,0.8328,1]},
{"frame":262,"values":[-1,0,0,0,0,0,1,0,0,1,0,0,-0.8351,-0.2187,0.8328,1]},
{"frame":263,"values":[-1,0,0,0,0,0,1,0,0,1,0,0,-0.8264,-0.2187,0.8328,1]},
{"frame":264,"values":[-1,0,0,0,0,0,1,0,0,1,0,0,-0.8201,-0.2187,0.8328,1]},
{"frame":265,"values":[-1,0,0,0,0,0,1,0,0,1,0,0,-0.8164,-0.2187,0.8328,1]},
{"frame":266,"values":[-1,0,0,0,0,0,1,0,0,1,0,0,-0.8152,-0.2187,0.8328,1]},
{"frame":280,"values":[-1,0,0,0,0,0,1,0,0,1,0,0,-0.8152,-0.2187,0.8328,1]},
{"frame":281,"values":[-1,0,0,0,0,0,1,0,0,1,0,0,-0.8164,-0.2187,0.8328,1]},
{"frame":282,"values":[-1,0,0,0,0,0,1,0,0,1,0,0,-0.8201,-0.2187,0.8328,1]},
{"frame":283,"values":[-1,0,0,0,0,0,1,0,0,1,0,0,-0.8264,-0.2187,0.8328,1]},
{"frame":284,"values":[-1,0,0,0,0,0,1,0,0,1,0,0,-0.8351,-0.2187,0.8328,1]},
{"frame":285,"values":[-1,0,0,0,0,0,1,0,0,1,0,0,-0.846,-0.2187,0.8328,1]},
{"frame":286,"values":[-1,0,0,0,0,0,1,0,0,1,0,0,-0.859,-0.2187,0.8328,1]},
{"frame":287,"values":[-1,0,0,0,0,0,1,0,0,1,0,0,-0.8737,-0.2187,0.8328,1]},
{"frame":288,"values":[-1,0,0,0,0,0,1,0,0,1,0,0,-0.8895,-0.2187,0.8328,1]},
{"frame":289,"values":[-1,0,0,0,0,0,1,0,0,1,0,0,-0.9059,-0.2187,0.8328,1]},
{"frame":290,"values":[-1,0,0,0,0,0,1,0,0,1,0,0,-0.9224,-0.2187,0.8328,1]},
{"frame":291,"values":[-1,0,0,0,0,0,1,0,0,1,0,0,-0.9382,-0.2187,0.8328,1]},
{"frame":292,"values":[-1,0,0,0,0,0,1,0,0,1,0,0,-0.9529,-0.2187,0.8328,1]},
{"frame":293,"values":[-1,0,0,0,0,0,1,0,0,1,0,0,-0.9659,-0.2187,0.8328,1]},
{"frame":294,"values":[-1,0,0,0,0,0,1,0,0,1,0,0,-0.9768,-0.2187,0.8328,1]},
{"frame":295,"values":[-1,0,0,0,0,0,1,0,0,1,0,0,-0.9855,-0.2187,0.8328,1]},
{"frame":296,"values":[-1,0,0,0,0,0,1,0,0,1,0,0,-0.9918,-0.2187,0.8328,1]},
{"frame":297,"values":[-1,0,0,0,0,0,1,0,0,1,0,0,-0.9955,-0.2187,0.8328,1]},
{"frame":298,"values":[-1,0,0,0,0,0,1,0,0,1,0,0,-0.9967,-0.2187,0.8328,1]},
{"frame":299,"values":[-1,0,0,0,0,0,1,0,0,1,0,0,-0.9955,-0.2187,0.8328,1]},
{"frame":300,"values":[-1,0,0,0,0,0,1,0,0,1,0,0,-0.9918,-0.2187,0.8328,1]},
{"frame":301,"values":[-1,0,0,0,0,0,1,0,0,1,0,0,-0.9855,-0.2187,0.8328,1]},
{"frame":302,"values":[-1,0,0,0,0,0,1,0,0,1,0,0,-0.9768,-0.2187,0.8328,1]},
{"frame":303,"values":[-1,0,0,0,0,0,1,0,0,1,0,0,-0.9659,-0.2187,0.8328,1]},
{"frame":304,"values":[-1,0,0,0,0,0,1,0,0,1,0,0,-0.9529,-0.2187,0.8328,1]},
{"frame":305,"values":[-1,0,0,0,0,0,1,0,0,1,0,0,-0.9382,-0.2187,0.8328,1]},
{"frame":306,"values":[-1,0,0,0,0,0,1,0,0,1,0,0,-0.9224,-0.2187,0.8328,1]},
{"frame":307,"values":[-1,0,0,0,0,0,1,0,0,1,0,0,-0.9059,-0.2187,0.8328,1]},
{"frame":308,"values":[-1,0,0,0,0,0,1,0,0,1,0,0,-0.8895,-0.2187,0.8328,1]},
{"frame":309,"values":[-1,0,0,0,0,0,1,0,0,1,0,0,-0.8737,-0.2187,0.8328,1]},
{"frame":310,"values":[-1,0,0,0,0,0,1,0,0,1,0,0,-0.859,-0.2187,0.8328,1]},
{"frame":311,"values":[-1,0,0,0,0,0,1,0,0,1,0,0,-0.846,-0.2187,0.8328,1]},
{"frame":312,"values":[-1,0,0,0,0,0,1,0,0,1,0,0,-0.8351,-0.2187,0.8328,1]},
{"frame":313,"values":[-1,0,0,0,0,0,1,0,0,1,0,0,-0.8264,-0.2187,0.8328,1]},
{"frame":314,"values":[-1,0,0,0,0,0,1,0,0,1,0,0,-0.8201,-0.2187,0.8328,1]},
{"frame":315,"values":[-1,0,0,0,0,0,1,0,0,1,0,0,-0.8164,-0.2187,0.8328,1]},
{"frame":316,"values":[-1,0,0,0,0,0,1,0,0,1,0,0,-0.8152,-0.2187,0.8328,1]},
{"frame":330,"values":[-1,0,0,0,0,0,1,0,0,1,0,0,-0.8152,-0.2187,0.8328,1]},
{"frame":332,"values":[-1,0,0,0,0,0,1,0,0,1,0,0,-0.8231,-0.2187,0.8328,1]},
{"frame":333,"values":[-1,0,0,0,0,0,1,0,0,1,0,0,-0.8368,-0.2187,0.8328,1]},
{"frame":334,"values":[-1,0,0,0,0,0,1,0,0,1,0,0,-0.8522,-0.2187,0.8328,1]},
{"frame":335,"values":[-1,0,0,0,0,0,1,0,0,1,0,0,-0.8682,-0.2187,0.8328,1]},
{"frame":336,"values":[-1,0,0,0,0,0,1,0,0,1,0,0,-0.8842,-0.2187,0.8328,1]},
{"frame":337,"values":[-1,0,0,0,0,0,1,0,0,1,0,0,-0.9,-0.2187,0.8328,1]},
{"frame":338,"values":[-1,0,0,0,0,0,1,0,0,1,0,0,-0.9151,-0.2187,0.8328,1]},
{"frame":339,"values":[-1,0,0,0,0,0,1,0,0,1,0,0,-0.9296,-0.2187,0.8328,1]},
{"frame":340,"values":[-1,0,0,0,0,0,1,0,0,1,0,0,-0.9432,-0.2187,0.8328,1]},
{"frame":341,"values":[-1,0,0,0,0,0,1,0,0,1,0,0,-0.9556,-0.2187,0.8328,1]},
{"frame":342,"values":[-1,0,0,0,0,0,1,0,0,1,0,0,-0.9669,-0.2187,0.8328,1]},
{"frame":343,"values":[-1,0,0,0,0,0,1,0,0,1,0,0,-0.9767,-0.2187,0.8328,1]},
{"frame":344,"values":[-1,0,0,0,0,0,1,0,0,1,0,0,-0.9849,-0.2187,0.8328,1]},
{"frame":345,"values":[-1,0,0,0,0,0,1,0,0,1,0,0,-0.9912,-0.2187,0.8328,1]},
{"frame":346,"values":[-1,0,0,0,0,0,1,0,0,1,0,0,-0.9953,-0.2187,0.8328,1]},
{"frame":347,"values":[-1,0,0,0,0,0,1,0,0,1,0,0,-0.9967,-0.2187,0.8328,1]},
{"frame":360,"values":[-1,0,0,0,0,0,1,0,0,1,0,0,-0.7051,-0.2187,0.8328,1]},
{"frame":376,"values":[-1,0,0,0,0,0,1,0,0,1,0,0,-0.7051,-0.2187,0.8328,1]},
{"frame":390,"values":[-1,0,0,0,0,0,1,0,0,1,0,0,-0.7051,-0.2187,0.8328,1]},
{"frame":391,"values":[-1,0,0,0,0,0,1,0,0,1,0,0,-0.7051,-0.2187,0.8328,1]}],"loopBehavior":1,"name":"anim","property":"_matrix"}},
{"name":"POLE.elbow.r","index":2,"matrix":[-1,0,0,0,0,0,1,0,0,1,0,0,0.7045,-0.2187,0.8328,1],"rest":[-1,0,0,0,0,0,1,0,0,1,0,0,0.2646,-0.2187,0.8328,1],"parentBoneIndex":0,"length":0.2166
,"animation":{"dataType":3,"framePerSecond":24,"keys":[
{"frame":1,"values":[-1,0,0,0,0,0,1,0,0,1,0,0,0.7045,-0.2187,0.8328,1]},
{"frame":13,"values":[-1,0,0,0,0,0,1,0,0,1,0,0,0.7045,-0.2187,0.8328,1]},
{"frame":20,"values":[-1,0,0,0,0,0,1,0,0,1,0,0,0.7045,-0.2187,0.8328,1]},
{"frame":21,"values":[-1,0,0,0,0,0,1,0,0,1,0,0,0.7045,-0.2187,0.8328,1]},
{"frame":30,"values":[-1,0,0,0,0,0,1,0,0,1,0,0,0.7045,-0.2187,0.8328,1]},
{"frame":31,"values":[-1,0,0,0,0,0,1,0,0,1,0,0,0.7045,-0.2187,0.8328,1]},
{"frame":40,"values":[-1,0,0,0,0,0,1,0,0,1,0,0,0.7045,-0.2187,0.8328,1]},
{"frame":41,"values":[-1,0,0,0,0,0,1,0,0,1,0,0,0.7045,-0.2187,0.8328,1]},
{"frame":50,"values":[-1,0,0,0,0,0,1,0,0,1,0,0,0.7045,-0.2187,0.8328,1]},
{"frame":51,"values":[-1,0,0,0,0,0,1,0,0,1,0,0,0.7045,-0.2187,0.8328,1]},
{"frame":60,"values":[-1,0,0,0,0,0,1,0,0,1,0,0,0.7045,-0.2187,0.8328,1]},
{"frame":61,"values":[-1,0,0,0,0,0,1,0,0,1,0,0,0.7045,-0.2187,0.8328,1]},
{"frame":70,"values":[-1,0,0,0,0,0,1,0,0,1,0,0,0.7045,-0.2187,0.8328,1]},
{"frame":71,"values":[-1,0,0,0,0,0,1,0,0,1,0,0,0.7045,-0.2187,0.8328,1]},
{"frame":80,"values":[-1,0,0,0,0,0,1,0,0,1,0,0,0.7045,-0.2187,0.8328,1]},
{"frame":81,"values":[-1,0,0,0,0,0,1,0,0,1,0,0,0.7045,-0.2187,0.8328,1]},
{"frame":90,"values":[-1,0,0,0,0,0,1,0,0,1,0,0,0.7045,-0.2187,0.8328,1]},
{"frame":91,"values":[-1,0,0,0,0,0,1,0,0,1,0,0,0.7045,-0.2187,0.8328,1]},
{"frame":100,"values":[-1,0,0,0,0,0,1,0,0,1,0,0,0.7045,-0.2187,0.8328,1]},
{"frame":101,"values":[-1,0,0,0,0,0,1,0,0,1,0,0,0.7045,-0.2187,0.8328,1]},
{"frame":110,"values":[-1,0,0,0,0,0,1,0,0,1,0,0,0.7045,-0.2187,0.8328,1]},
{"frame":147,"values":[-1,0,0,0,0,0,1,0,0,1,0,0,0.7045,-0.2187,0.8328,1]},
{"frame":160,"values":[-1,0,0,0,0,0,1,0,0,1,0,0,0.7045,-0.2187,0.8328,1]},
{"frame":208,"values":[-1,0,0,0,0,0,1,0,0,1,0,0,0.7045,-0.2187,0.8328,1]},
{"frame":220,"values":[-1,0,0,0,0,0,1,0,0,1,0,0,0.2646,-0.2187,0.8328,1]},
{"frame":221,"values":[-1,0,0,0,0,0,1,0,0,1,0,0,0.8874,-0.2187,0.8328,1]},
{"frame":230,"values":[-1,0,0,0,0,0,1,0,0,1,0,0,0.9962,-0.2187,0.8328,1]},
{"frame":231,"values":[-1,0,0,0,0,0,1,0,0,1,0,0,0.9949,-0.2187,0.8328,1]},
{"frame":232,"values":[-1,0,0,0,0,0,1,0,0,1,0,0,0.9912,-0.2187,0.8328,1]},
{"frame":233,"values":[-1,0,0,0,0,0,1,0,0,1,0,0,0.9849,-0.2187,0.8328,1]},
{"frame":234,"values":[-1,0,0,0,0,0,1,0,0,1,0,0,0.9763,-0.2187,0.8328,1]},
{"frame":235,"values":[-1,0,0,0,0,0,1,0,0,1,0,0,0.9653,-0.2187,0.8328,1]},
{"frame":236,"values":[-1,0,0,0,0,0,1,0,0,1,0,0,0.9523,-0.2187,0.8328,1]},
{"frame":237,"values":[-1,0,0,0,0,0,1,0,0,1,0,0,0.9377,-0.2187,0.8328,1]},
{"frame":238,"values":[-1,0,0,0,0,0,1,0,0,1,0,0,0.9218,-0.2187,0.8328,1]},
{"frame":239,"values":[-1,0,0,0,0,0,1,0,0,1,0,0,0.9054,-0.2187,0.8328,1]},
{"frame":240,"values":[-1,0,0,0,0,0,1,0,0,1,0,0,0.8889,-0.2187,0.8328,1]},
{"frame":241,"values":[-1,0,0,0,0,0,1,0,0,1,0,0,0.8731,-0.2187,0.8328,1]},
{"frame":242,"values":[-1,0,0,0,0,0,1,0,0,1,0,0,0.8585,-0.2187,0.8328,1]},
{"frame":243,"values":[-1,0,0,0,0,0,1,0,0,1,0,0,0.8455,-0.2187,0.8328,1]},
{"frame":244,"values":[-1,0,0,0,0,0,1,0,0,1,0,0,0.8345,-0.2187,0.8328,1]},
{"frame":245,"values":[-1,0,0,0,0,0,1,0,0,1,0,0,0.8258,-0.2187,0.8328,1]},
{"frame":246,"values":[-1,0,0,0,0,0,1,0,0,1,0,0,0.8196,-0.2187,0.8328,1]},
{"frame":247,"values":[-1,0,0,0,0,0,1,0,0,1,0,0,0.8158,-0.2187,0.8328,1]},
{"frame":248,"values":[-1,0,0,0,0,0,1,0,0,1,0,0,0.8146,-0.2187,0.8328,1]},
{"frame":249,"values":[-1,0,0,0,0,0,1,0,0,1,0,0,0.8158,-0.2187,0.8328,1]},
{"frame":250,"values":[-1,0,0,0,0,0,1,0,0,1,0,0,0.8196,-0.2187,0.8328,1]},
{"frame":251,"values":[-1,0,0,0,0,0,1,0,0,1,0,0,0.8258,-0.2187,0.8328,1]},
{"frame":252,"values":[-1,0,0,0,0,0,1,0,0,1,0,0,0.8345,-0.2187,0.8328,1]},
{"frame":253,"values":[-1,0,0,0,0,0,1,0,0,1,0,0,0.8455,-0.2187,0.8328,1]},
{"frame":254,"values":[-1,0,0,0,0,0,1,0,0,1,0,0,0.8585,-0.2187,0.8328,1]},
{"frame":255,"values":[-1,0,0,0,0,0,1,0,0,1,0,0,0.8731,-0.2187,0.8328,1]},
{"frame":256,"values":[-1,0,0,0,0,0,1,0,0,1,0,0,0.8889,-0.2187,0.8328,1]},
{"frame":257,"values":[-1,0,0,0,0,0,1,0,0,1,0,0,0.9054,-0.2187,0.8328,1]},
{"frame":258,"values":[-1,0,0,0,0,0,1,0,0,1,0,0,0.9218,-0.2187,0.8328,1]},
{"frame":259,"values":[-1,0,0,0,0,0,1,0,0,1,0,0,0.9377,-0.2187,0.8328,1]},
{"frame":260,"values":[-1,0,0,0,0,0,1,0,0,1,0,0,0.9523,-0.2187,0.8328,1]},
{"frame":261,"values":[-1,0,0,0,0,0,1,0,0,1,0,0,0.9653,-0.2187,0.8328,1]},
{"frame":262,"values":[-1,0,0,0,0,0,1,0,0,1,0,0,0.9763,-0.2187,0.8328,1]},
{"frame":263,"values":[-1,0,0,0,0,0,1,0,0,1,0,0,0.9849,-0.2187,0.8328,1]},
{"frame":264,"values":[-1,0,0,0,0,0,1,0,0,1,0,0,0.9912,-0.2187,0.8328,1]},
{"frame":265,"values":[-1,0,0,0,0,0,1,0,0,1,0,0,0.9949,-0.2187,0.8328,1]},
{"frame":266,"values":[-1,0,0,0,0,0,1,0,0,1,0,0,0.9962,-0.2187,0.8328,1]},
{"frame":280,"values":[-1,0,0,0,0,0,1,0,0,1,0,0,0.9962,-0.2187,0.8328,1]},
{"frame":281,"values":[-1,0,0,0,0,0,1,0,0,1,0,0,0.9949,-0.2187,0.8328,1]},
{"frame":282,"values":[-1,0,0,0,0,0,1,0,0,1,0,0,0.9912,-0.2187,0.8328,1]},
{"frame":283,"values":[-1,0,0,0,0,0,1,0,0,1,0,0,0.9849,-0.2187,0.8328,1]},
{"frame":284,"values":[-1,0,0,0,0,0,1,0,0,1,0,0,0.9763,-0.2187,0.8328,1]},
{"frame":285,"values":[-1,0,0,0,0,0,1,0,0,1,0,0,0.9653,-0.2187,0.8328,1]},
{"frame":286,"values":[-1,0,0,0,0,0,1,0,0,1,0,0,0.9523,-0.2187,0.8328,1]},
{"frame":287,"values":[-1,0,0,0,0,0,1,0,0,1,0,0,0.9377,-0.2187,0.8328,1]},
{"frame":288,"values":[-1,0,0,0,0,0,1,0,0,1,0,0,0.9218,-0.2187,0.8328,1]},
{"frame":289,"values":[-1,0,0,0,0,0,1,0,0,1,0,0,0.9054,-0.2187,0.8328,1]},
{"frame":290,"values":[-1,0,0,0,0,0,1,0,0,1,0,0,0.8889,-0.2187,0.8328,1]},
{"frame":291,"values":[-1,0,0,0,0,0,1,0,0,1,0,0,0.8731,-0.2187,0.8328,1]},
{"frame":292,"values":[-1,0,0,0,0,0,1,0,0,1,0,0,0.8585,-0.2187,0.8328,1]},
{"frame":293,"values":[-1,0,0,0,0,0,1,0,0,1,0,0,0.8455,-0.2187,0.8328,1]},
{"frame":294,"values":[-1,0,0,0,0,0,1,0,0,1,0,0,0.8345,-0.2187,0.8328,1]},
{"frame":295,"values":[-1,0,0,0,0,0,1,0,0,1,0,0,0.8258,-0.2187,0.8328,1]},
{"frame":296,"values":[-1,0,0,0,0,0,1,0,0,1,0,0,0.8196,-0.2187,0.8328,1]},
{"frame":297,"values":[-1,0,0,0,0,0,1,0,0,1,0,0,0.8158,-0.2187,0.8328,1]},
{"frame":298,"values":[-1,0,0,0,0,0,1,0,0,1,0,0,0.8146,-0.2187,0.8328,1]},
{"frame":299,"values":[-1,0,0,0,0,0,1,0,0,1,0,0,0.8158,-0.2187,0.8328,1]},
{"frame":300,"values":[-1,0,0,0,0,0,1,0,0,1,0,0,0.8196,-0.2187,0.8328,1]},
{"frame":301,"values":[-1,0,0,0,0,0,1,0,0,1,0,0,0.8258,-0.2187,0.8328,1]},
{"frame":302,"values":[-1,0,0,0,0,0,1,0,0,1,0,0,0.8345,-0.2187,0.8328,1]},
{"frame":303,"values":[-1,0,0,0,0,0,1,0,0,1,0,0,0.8455,-0.2187,0.8328,1]},
{"frame":304,"values":[-1,0,0,0,0,0,1,0,0,1,0,0,0.8585,-0.2187,0.8328,1]},
{"frame":305,"values":[-1,0,0,0,0,0,1,0,0,1,0,0,0.8731,-0.2187,0.8328,1]},
{"frame":306,"values":[-1,0,0,0,0,0,1,0,0,1,0,0,0.8889,-0.2187,0.8328,1]},
{"frame":307,"values":[-1,0,0,0,0,0,1,0,0,1,0,0,0.9054,-0.2187,0.8328,1]},
{"frame":308,"values":[-1,0,0,0,0,0,1,0,0,1,0,0,0.9218,-0.2187,0.8328,1]},
{"frame":309,"values":[-1,0,0,0,0,0,1,0,0,1,0,0,0.9377,-0.2187,0.8328,1]},
{"frame":310,"values":[-1,0,0,0,0,0,1,0,0,1,0,0,0.9523,-0.2187,0.8328,1]},
{"frame":311,"values":[-1,0,0,0,0,0,1,0,0,1,0,0,0.9653,-0.2187,0.8328,1]},
{"frame":312,"values":[-1,0,0,0,0,0,1,0,0,1,0,0,0.9763,-0.2187,0.8328,1]},
{"frame":313,"values":[-1,0,0,0,0,0,1,0,0,1,0,0,0.9849,-0.2187,0.8328,1]},
{"frame":314,"values":[-1,0,0,0,0,0,1,0,0,1,0,0,0.9912,-0.2187,0.8328,1]},
{"frame":315,"values":[-1,0,0,0,0,0,1,0,0,1,0,0,0.9949,-0.2187,0.8328,1]},
{"frame":316,"values":[-1,0,0,0,0,0,1,0,0,1,0,0,0.9962,-0.2187,0.8328,1]},
{"frame":330,"values":[-1,0,0,0,0,0,1,0,0,1,0,0,0.9962,-0.2187,0.8328,1]},
{"frame":332,"values":[-1,0,0,0,0,0,1,0,0,1,0,0,0.9883,-0.2187,0.8328,1]},
{"frame":333,"values":[-1,0,0,0,0,0,1,0,0,1,0,0,0.9745,-0.2187,0.8328,1]},
{"frame":334,"values":[-1,0,0,0,0,0,1,0,0,1,0,0,0.9591,-0.2187,0.8328,1]},
{"frame":335,"values":[-1,0,0,0,0,0,1,0,0,1,0,0,0.9431,-0.2187,0.8328,1]},
{"frame":336,"values":[-1,0,0,0,0,0,1,0,0,1,0,0,0.9271,-0.2187,0.8328,1]},
{"frame":337,"values":[-1,0,0,0,0,0,1,0,0,1,0,0,0.9114,-0.2187,0.8328,1]},
{"frame":338,"values":[-1,0,0,0,0,0,1,0,0,1,0,0,0.8962,-0.2187,0.8328,1]},
{"frame":339,"values":[-1,0,0,0,0,0,1,0,0,1,0,0,0.8817,-0.2187,0.8328,1]},
{"frame":340,"values":[-1,0,0,0,0,0,1,0,0,1,0,0,0.8682,-0.2187,0.8328,1]},
{"frame":341,"values":[-1,0,0,0,0,0,1,0,0,1,0,0,0.8557,-0.2187,0.8328,1]},
{"frame":342,"values":[-1,0,0,0,0,0,1,0,0,1,0,0,0.8444,-0.2187,0.8328,1]},
{"frame":343,"values":[-1,0,0,0,0,0,1,0,0,1,0,0,0.8346,-0.2187,0.8328,1]},
{"frame":344,"values":[-1,0,0,0,0,0,1,0,0,1,0,0,0.8264,-0.2187,0.8328,1]},
{"frame":345,"values":[-1,0,0,0,0,0,1,0,0,1,0,0,0.8201,-0.2187,0.8328,1]},
{"frame":346,"values":[-1,0,0,0,0,0,1,0,0,1,0,0,0.8161,-0.2187,0.8328,1]},
{"frame":347,"values":[-1,0,0,0,0,0,1,0,0,1,0,0,0.8146,-0.2187,0.8328,1]},
{"frame":360,"values":[-1,0,0,0,0,0,1,0,0,1,0,0,0.7045,-0.2187,0.8328,1]},
{"frame":376,"values":[-1,0,0,0,0,0,1,0,0,1,0,0,0.7045,-0.2187,0.8328,1]},
{"frame":390,"values":[-1,0,0,0,0,0,1,0,0,1,0,0,0.7045,-0.2187,0.8328,1]},
{"frame":391,"values":[-1,0,0,0,0,0,1,0,0,1,0,0,0.7045,-0.2187,0.8328,1]}],"loopBehavior":1,"name":"anim","property":"_matrix"}},
{"name":"pelvis","index":3,"matrix":[-1,0,0,0,0,-0.0018,1,0,0,1,0.0018,0,0,0.0138,0.325,1],"rest":[-1,0,0,0,0,-0.0018,1,0,0,1,0.0018,0,0,0.0138,0.325,1],"parentBoneIndex":0,"length":0.1352
,"animation":{"dataType":3,"framePerSecond":24,"keys":[
{"frame":1,"values":[-1,0,0,0,0,-0.0018,1,0,0,1,0.0018,0,0,0.0138,0.325,1]},
{"frame":13,"values":[-1,0,0,0,0,-0.0018,1,0,0,1,0.0018,0,0,0.0138,0.325,1]},
{"frame":20,"values":[-1,0,0,0,0,-0.0018,1,0,0,1,0.0018,0,0,0.0138,0.325,1]},
{"frame":21,"values":[-1,0,0,0,0,-0.0018,1,0,0,1,0.0018,0,0,0.0138,0.325,1]},
{"frame":30,"values":[-1,0,0,0,0,-0.0018,1,0,0,1,0.0018,0,0,0.0138,0.325,1]},
{"frame":31,"values":[-1,0,0,0,0,-0.0018,1,0,0,1,0.0018,0,0,0.0138,0.325,1]},
{"frame":40,"values":[-1,0,0,0,0,-0.0018,1,0,0,1,0.0018,0,0,0.0138,0.325,1]},
{"frame":41,"values":[-1,0,0,0,0,-0.0018,1,0,0,1,0.0018,0,0,0.0138,0.325,1]},
{"frame":50,"values":[-1,0,0,0,0,-0.0018,1,0,0,1,0.0018,0,0,0.0138,0.325,1]},
{"frame":51,"values":[-1,0,0,0,0,-0.0018,1,0,0,1,0.0018,0,0,0.0138,0.325,1]},
{"frame":60,"values":[-1,0,0,0,0,-0.0018,1,0,0,1,0.0018,0,0,0.0138,0.325,1]},
{"frame":61,"values":[-1,0,0,0,0,-0.0018,1,0,0,1,0.0018,0,0,0.0138,0.325,1]},
{"frame":70,"values":[-1,0,0,0,0,-0.0018,1,0,0,1,0.0018,0,0,0.0138,0.325,1]},
{"frame":71,"values":[-1,0,0,0,0,-0.0018,1,0,0,1,0.0018,0,0,0.0138,0.325,1]},
{"frame":80,"values":[-1,0,0,0,0,-0.0018,1,0,0,1,0.0018,0,0,0.0138,0.325,1]},
{"frame":81,"values":[-1,0,0,0,0,-0.0018,1,0,0,1,0.0018,0,0,0.0138,0.325,1]},
{"frame":90,"values":[-1,0,0,0,0,-0.0018,1,0,0,1,0.0018,0,0,0.0138,0.325,1]},
{"frame":91,"values":[-1,0,0,0,0,-0.0018,1,0,0,1,0.0018,0,0,0.0138,0.325,1]},
{"frame":100,"values":[-1,0,0,0,0,-0.0018,1,0,0,1,0.0018,0,0,0.0138,0.325,1]},
{"frame":101,"values":[-1,0,0,0,0,-0.0018,1,0,0,1,0.0018,0,0,0.0138,0.325,1]},
{"frame":110,"values":[-1,0,0,0,0,-0.0018,1,0,0,1,0.0018,0,0,0.0138,0.325,1]},
{"frame":112,"values":[-1,-0.0038,-0.0002,0,-0.0002,0.0023,1,0,-0.0038,1,-0.0023,0,0,0.0138,0.325,1]},
{"frame":113,"values":[-0.9999,-0.0104,-0.0004,0,-0.0005,0.0095,1,0,-0.0104,0.9999,-0.0095,0,0,0.0138,0.325,1]},
{"frame":114,"values":[-0.9998,-0.0178,-0.0007,0,-0.001,0.0176,0.9998,0,-0.0178,0.9997,-0.0176,0,0,0.0138,0.325,1]},
{"frame":115,"values":[-0.9997,-0.0255,-0.0009,0,-0.0015,0.0259,0.9997,0,-0.0254,0.9993,-0.0259,0,0,0.0138,0.325,1]},
{"frame":116,"values":[-0.9994,-0.0332,-0.001,0,-0.0021,0.0343,0.9994,0,-0.0331,0.9989,-0.0343,0,0,0.0138,0.325,1]},
{"frame":117,"values":[-0.9992,-0.0407,-0.001,0,-0.0028,0.0425,0.9991,0,-0.0407,0.9983,-0.0426,0,0,0.0138,0.325,1]},
{"frame":118,"values":[-0.9988,-0.048,-0.001,0,-0.0035,0.0504,0.9987,0,-0.0479,0.9976,-0.0505,0,0,0.0138,0.325,1]},
{"frame":119,"values":[-0.9985,-0.055,-0.001,0,-0.0042,0.0579,0.9983,0,-0.0548,0.9968,-0.0581,0,0,0.0138,0.325,1]},
{"frame":120,"values":[-0.9981,-0.0615,-0.0009,0,-0.0049,0.065,0.9979,0,-0.0613,0.996,-0.0652,0,0,0.0138,0.325,1]},
{"frame":121,"values":[-0.9977,-0.0675,-0.0007,0,-0.0056,0.0715,0.9974,0,-0.0672,0.9952,-0.0717,0,0,0.0138,0.325,1]},
{"frame":122,"values":[-0.9973,-0.0729,-0.0006,0,-0.0062,0.0773,0.997,0,-0.0726,0.9943,-0.0776,0,0,0.0138,0.325,1]},
{"frame":123,"values":[-0.997,-0.0776,-0.0004,0,-0.0068,0.0824,0.9966,0,-0.0773,0.9936,-0.0827,0,0,0.0138,0.325,1]},
{"frame":124,"values":[-0.9967,-0.0815,-0.0003,0,-0.0073,0.0867,0.9962,0,-0.0812,0.9929,-0.087,0,0,0.0138,0.325,1]},
{"frame":125,"values":[-0.9964,-0.0845,-0.0001,0,-0.0077,0.0899,0.9959,0,-0.0841,0.9924,-0.0902,0,0,0.0138,0.325,1]},
{"frame":126,"values":[-0.9963,-0.0864,0,0,-0.008,0.092,0.9957,0,-0.0861,0.992,-0.0924,0,0,0.0138,0.325,1]},
{"frame":127,"values":[-0.9962,-0.0871,0,0,-0.0081,0.0928,0.9957,0,-0.0868,0.9919,-0.0931,0,0,0.0138,0.325,1]},
{"frame":128,"values":[-0.9962,-0.0867,0,0,-0.008,0.0922,0.9957,0,-0.0863,0.992,-0.0926,0,0,0.0138,0.325,1]},
{"frame":129,"values":[-0.9964,-0.0852,-0.0001,0,-0.0078,0.0907,0.9958,0,-0.0849,0.9922,-0.091,0,0,0.0138,0.325,1]},
{"frame":130,"values":[-0.9966,-0.0828,-0.0002,0,-0.0075,0.0881,0.9961,0,-0.0825,0.9927,-0.0884,0,0,0.0138,0.325,1]},
{"frame":131,"values":[-0.9968,-0.0794,-0.0003,0,-0.0071,0.0844,0.9964,0,-0.0791,0.9933,-0.0847,0,0,0.0138,0.325,1]},
{"frame":132,"values":[-0.9972,-0.0751,-0.0005,0,-0.0065,0.0798,0.9968,0,-0.0749,0.994,-0.08,0,0,0.0138,0.325,1]},
{"frame":133,"values":[-0.9975,-0.07,-0.0007,0,-0.0059,0.0742,0.9972,0,-0.0697,0.9948,-0.0744,0,0,0.0138,0.325,1]},
{"frame":134,"values":[-0.9979,-0.0641,-0.0008,0,-0.0052,0.0678,0.9977,0,-0.0639,0.9956,-0.068,0,0,0.0138,0.325,1]},
{"frame":135,"values":[-0.9983,-0.0576,-0.0009,0,-0.0044,0.0608,0.9981,0,-0.0575,0.9965,-0.061,0,0,0.0138,0.325,1]},
{"frame":136,"values":[-0.9987,-0.0507,-0.001,0,-0.0037,0.0533,0.9986,0,-0.0506,0.9973,-0.0535,0,0,0.0138,0.325,1]},
{"frame":137,"values":[-0.999,-0.0436,-0.001,0,-0.003,0.0456,0.999,0,-0.0435,0.998,-0.0457,0,0,0.0138,0.325,1]},
{"frame":138,"values":[-0.9993,-0.0365,-0.001,0,-0.0024,0.0379,0.9993,0,-0.0364,0.9986,-0.0379,0,0,0.0138,0.325,1]},
{"frame":139,"values":[-0.9996,-0.0296,-0.0009,0,-0.0018,0.0304,0.9995,0,-0.0295,0.9991,-0.0304,0,0,0.0138,0.325,1]},
{"frame":140,"values":[-0.9997,-0.0231,-0.0008,0,-0.0013,0.0233,0.9997,0,-0.0231,0.9995,-0.0234,0,0,0.0138,0.325,1]},
{"frame":141,"values":[-0.9999,-0.0172,-0.0007,0,-0.0009,0.0169,0.9999,0,-0.0172,0.9997,-0.0169,0,0,0.0138,0.325,1]},
{"frame":142,"values":[-0.9999,-0.012,-0.0005,0,-0.0006,0.0113,0.9999,0,-0.012,0.9999,-0.0113,0,0,0.0138,0.325,1]},
{"frame":143,"values":[-1,-0.0077,-0.0003,0,-0.0004,0.0066,1,0,-0.0077,0.9999,-0.0066,0,0,0.0138,0.325,1]},
{"frame":144,"values":[-1,-0.0044,-0.0002,0,-0.0002,0.0029,1,0,-0.0044,1,-0.0029,0,0,0.0138,0.325,1]},
{"frame":145,"values":[-1,-0.0019,-0.0001,0,-0.0001,0.0003,1,0,-0.0019,1,-0.0003,0,0,0.0138,0.325,1]},
{"frame":146,"values":[-1,-0.0005,0,0,0,-0.0013,1,0,-0.0005,1,0.0013,0,0,0.0138,0.325,1]},
{"frame":147,"values":[-1,0,0,0,0,-0.0018,1,0,0,1,0.0018,0,0,0.0138,0.325,1]},
{"frame":160,"values":[-1,0,0,0,0,-0.0018,1,0,0,1,0.0018,0,0,0.0138,0.325,1]},
{"frame":208,"values":[-1,0,0,0,0,-0.0018,1,0,0,1,0.0018,0,0,0.0138,0.325,1]},
{"frame":220,"values":[-1,0,0,0,0,-0.0018,1,0,0,1,0.0018,0,0,0.0138,0.325,1]},
{"frame":221,"values":[-0.999,0.0412,0.0181,0,0.0088,-0.2163,0.9763,0,0.0441,0.9755,0.2157,0,0,0.0138,0.0712,1]},
{"frame":230,"values":[-0.9848,0.1738,-0.0022,0,0.009,0.0637,0.9979,0,0.1736,0.9827,-0.0643,0,0,0.0138,0.325,1]},
{"frame":231,"values":[-0.9852,0.1715,-0.0019,0,0.0085,0.0597,0.9982,0,0.1713,0.9834,-0.0602,0,0,0.0138,0.325,1]},
{"frame":232,"values":[-0.9864,0.1643,-0.0012,0,0.0068,0.0479,0.9988,0,0.1642,0.9852,-0.0484,0,0,0.0138,0.325,1]},
{"frame":233,"values":[-0.9883,0.1523,-0.0003,0,0.0045,0.031,0.9995,0,0.1523,0.9878,-0.0313,0,0,0.0138,0.325,1]},
{"frame":234,"values":[-0.9907,0.1357,0.0003,0,0.0022,0.014,0.9999,0,0.1357,0.9906,-0.0142,0,0,0.0138,0.325,1]},
{"frame":235,"values":[-0.9934,0.1148,0.0004,0,0.0007,0.0022,1,0,0.1148,0.9934,-0.0023,0,0,0.0138,0.325,1]},
{"frame":236,"values":[-0.9959,0.09,0.0001,0,-0.0001,-0.0018,1,0,0.09,0.9959,0.0018,0,0,0.0138,0.325,1]},
{"frame":237,"values":[-0.9981,0.062,-0.0004,0,-0.0004,0.0006,1,0,0.062,0.9981,-0.0006,0,0,0.0138,0.325,1]},
{"frame":238,"values":[-0.9995,0.0316,-0.0008,0,-0.0006,0.0078,1,0,0.0316,0.9995,-0.0077,0,0,0.0138,0.325,1]},
{"frame":239,"values":[-1,0,-0.0009,0,-0.0009,0.0193,0.9998,0,0,0.9998,-0.0193,0,0,0.0138,0.325,1]},
{"frame":240,"values":[-0.9995,-0.0316,-0.0005,0,-0.0015,0.0339,0.9994,0,-0.0316,0.9989,-0.0339,0,0,0.0138,0.325,1]},
{"frame":241,"values":[-0.9981,-0.0619,0.0004,0,-0.0027,0.0496,0.9988,0,-0.0619,0.9968,-0.0497,0,0,0.0138,0.325,1]},
{"frame":242,"values":[-0.9959,-0.0899,0.0015,0,-0.0043,0.0641,0.9979,0,-0.0899,0.9939,-0.0642,0,0,0.0138,0.325,1]},
{"frame":243,"values":[-0.9934,-0.1147,0.0026,0,-0.0061,0.0754,0.9971,0,-0.1146,0.9905,-0.0756,0,0,0.0138,0.325,1]},
{"frame":244,"values":[-0.9908,-0.1355,0.0034,0,-0.0079,0.0824,0.9966,0,-0.1353,0.9873,-0.0827,0,0,0.0138,0.325,1]},
{"frame":245,"values":[-0.9884,-0.152,0.0035,0,-0.0094,0.0846,0.9964,0,-0.1517,0.9848,-0.0851,0,0,0.0138,0.325,1]},
{"frame":246,"values":[-0.9865,-0.164,0.0022,0,-0.0112,0.0809,0.9967,0,-0.1636,0.9831,-0.0817,0,0,0.0138,0.325,1]},
{"frame":247,"values":[-0.9852,-0.1714,-0.0006,0,-0.013,0.0715,0.9974,0,-0.1709,0.9826,-0.0727,0,0,0.0138,0.325,1]},
{"frame":248,"values":[-0.9848,-0.1739,-0.0022,0,-0.0133,0.063,0.9979,0,-0.1734,0.9827,-0.0643,0,0,0.0138,0.325,1]},
{"frame":249,"values":[-0.985,-0.1723,-0.0023,0,-0.0121,0.0559,0.9984,0,-0.1719,0.9834,-0.0572,0,0,0.0138,0.325,1]},
{"frame":250,"values":[-0.986,-0.1669,-0.0015,0,-0.0096,0.048,0.9988,0,-0.1666,0.9848,-0.0489,0,0,0.0138,0.325,1]},
{"frame":251,"values":[-0.9876,-0.1571,0,0,-0.0064,0.0402,0.9992,0,-0.157,0.9868,-0.0407,0,0,0.0138,0.325,1]},
{"frame":252,"values":[-0.9896,-0.1435,0.0017,0,-0.0032,0.0339,0.9994,0,-0.1435,0.9891,-0.034,0,0,0.0138,0.325,1]},
{"frame":253,"values":[-0.9918,-0.1275,0.0028,0,-0.001,0.0301,0.9995,0,-0.1275,0.9914,-0.0299,0,0,0.0138,0.325,1]},
{"frame":254,"values":[-0.9939,-0.1105,0.0031,0,-0.0001,0.0288,0.9996,0,-0.1106,0.9935,-0.0287,0,0,0.0138,0.325,1]},
{"frame":255,"values":[-0.9958,-0.0911,0.0028,0,0,0.0304,0.9995,0,-0.0911,0.9954,-0.0303,0,0,0.0138,0.325,1]},
{"frame":256,"values":[-0.9978,-0.0669,0.0022,0,-0.0001,0.035,0.9994,0,-0.0669,0.9971,-0.035,0,0,0.0138,0.325,1]},
{"frame":257,"values":[-0.9993,-0.0383,0.0013,0,-0.0003,0.0425,0.9991,0,-0.0383,0.9984,-0.0425,0,0,0.0138,0.325,1]},
{"frame":258,"values":[-1,-0.0063,-0.0001,0,-0.0004,0.052,0.9986,0,-0.0062,0.9986,-0.052,0,0,0.0138,0.325,1]},
{"frame":259,"values":[-0.9996,0.0277,-0.0019,0,-0.0001,0.0622,0.9981,0,0.0278,0.9977,-0.0622,0,0,0.0138,0.325,1]},
{"frame":260,"values":[-0.9981,0.0618,-0.0039,0,0.0005,0.0717,0.9974,0,0.0619,0.9955,-0.0716,0,0,0.0138,0.325,1]},
{"frame":261,"values":[-0.9956,0.0937,-0.006,0,0.0015,0.0791,0.9969,0,0.0939,0.9925,-0.0789,0,0,0.0138,0.325,1]},
{"frame":262,"values":[-0.9925,0.1216,-0.0077,0,0.0025,0.0836,0.9965,0,0.1218,0.989,-0.0833,0,0,0.0138,0.325,1]},
{"frame":263,"values":[-0.9895,0.1441,-0.0089,0,0.0035,0.0851,0.9964,0,0.1443,0.9859,-0.0847,0,0,0.0138,0.325,1]},
{"frame":264,"values":[-0.987,0.1605,-0.0077,0,0.0053,0.0799,0.9968,0,0.1605,0.9838,-0.0797,0,0,0.0138,0.325,1]},
{"frame":265,"values":[-0.9854,0.1705,-0.004,0,0.0079,0.0689,0.9976,0,0.1704,0.9829,-0.0692,0,0,0.0138,0.325,1]},
{"frame":266,"values":[-0.9848,0.1738,-0.0022,0,0.009,0.0637,0.9979,0,0.1736,0.9827,-0.0643,0,0,0.0138,0.325,1]},
{"frame":280,"values":[-0.9848,0.1738,-0.0022,0,0.009,0.0637,0.9979,0,0.1736,0.9827,-0.0643,0,0,0.0138,0.325,1]},
{"frame":281,"values":[-0.9854,0.1705,-0.004,0,0.0079,0.0689,0.9976,0,0.1704,0.9829,-0.0692,0,0,0.0138,0.325,1]},
{"frame":282,"values":[-0.987,0.1605,-0.0077,0,0.0053,0.0799,0.9968,0,0.1605,0.9838,-0.0797,0,0,0.0138,0.325,1]},
{"frame":283,"values":[-0.9895,0.1441,-0.0089,0,0.0035,0.0851,0.9964,0,0.1443,0.9859,-0.0847,0,0,0.0138,0.325,1]},
{"frame":284,"values":[-0.9925,0.1216,-0.0077,0,0.0025,0.0836,0.9965,0,0.1218,0.989,-0.0833,0,0,0.0138,0.325,1]},
{"frame":285,"values":[-0.9956,0.0937,-0.006,0,0.0015,0.0791,0.9969,0,0.0939,0.9925,-0.0789,0,0,0.0138,0.325,1]},
{"frame":286,"values":[-0.9981,0.0618,-0.0039,0,0.0005,0.0717,0.9974,0,0.0619,0.9955,-0.0716,0,0,0.0138,0.325,1]},
{"frame":287,"values":[-0.9996,0.0277,-0.0019,0,-0.0001,0.0622,0.9981,0,0.0278,0.9977,-0.0622,0,0,0.0138,0.325,1]},
{"frame":288,"values":[-1,-0.0063,-0.0001,0,-0.0004,0.052,0.9986,0,-0.0062,0.9986,-0.052,0,0,0.0138,0.325,1]},
{"frame":289,"values":[-0.9993,-0.0383,0.0013,0,-0.0003,0.0425,0.9991,0,-0.0383,0.9984,-0.0425,0,0,0.0138,0.325,1]},
{"frame":290,"values":[-0.9978,-0.0669,0.0022,0,-0.0001,0.035,0.9994,0,-0.0669,0.9971,-0.035,0,0,0.0138,0.325,1]},
{"frame":291,"values":[-0.9958,-0.0911,0.0028,0,0,0.0304,0.9995,0,-0.0911,0.9954,-0.0303,0,0,0.0138,0.325,1]},
{"frame":292,"values":[-0.9939,-0.1105,0.0031,0,-0.0001,0.0288,0.9996,0,-0.1106,0.9935,-0.0287,0,0,0.0138,0.325,1]},
{"frame":293,"values":[-0.9918,-0.1275,0.0028,0,-0.001,0.0301,0.9995,0,-0.1275,0.9914,-0.0299,0,0,0.0138,0.325,1]},
{"frame":294,"values":[-0.9896,-0.1435,0.0017,0,-0.0032,0.0339,0.9994,0,-0.1435,0.9891,-0.034,0,0,0.0138,0.325,1]},
{"frame":295,"values":[-0.9876,-0.1571,0,0,-0.0064,0.0402,0.9992,0,-0.157,0.9868,-0.0407,0,0,0.0138,0.325,1]},
{"frame":296,"values":[-0.986,-0.1669,-0.0015,0,-0.0096,0.048,0.9988,0,-0.1666,0.9848,-0.0489,0,0,0.0138,0.325,1]},
{"frame":297,"values":[-0.985,-0.1723,-0.0023,0,-0.0121,0.0559,0.9984,0,-0.1719,0.9834,-0.0572,0,0,0.0138,0.325,1]},
{"frame":298,"values":[-0.9848,-0.1739,-0.0022,0,-0.0133,0.063,0.9979,0,-0.1734,0.9827,-0.0643,0,0,0.0138,0.325,1]},
{"frame":299,"values":[-0.9854,-0.1702,-0.0007,0,-0.013,0.0716,0.9974,0,-0.1697,0.9828,-0.0727,0,0,0.0138,0.325,1]},
{"frame":300,"values":[-0.9873,-0.1588,0.0019,0,-0.0111,0.081,0.9967,0,-0.1584,0.984,-0.0817,0,0,0.0138,0.325,1]},
{"frame":301,"values":[-0.9902,-0.1399,0.003,0,-0.0089,0.0847,0.9964,0,-0.1396,0.9865,-0.0851,0,0,0.0138,0.325,1]},
{"frame":302,"values":[-0.9935,-0.1141,0.0027,0,-0.0068,0.0831,0.9965,0,-0.114,0.99,-0.0833,0,0,0.0138,0.325,1]},
{"frame":303,"values":[-0.9965,-0.0833,0.0019,0,-0.0046,0.0776,0.997,0,-0.0832,0.9935,-0.0777,0,0,0.0138,0.325,1]},
{"frame":304,"values":[-0.9987,-0.0503,0.0009,0,-0.0026,0.069,0.9976,0,-0.0502,0.9964,-0.069,0,0,0.0138,0.325,1]},
{"frame":305,"values":[-0.9998,-0.0177,-0.0001,0,-0.0011,0.0589,0.9983,0,-0.0176,0.9981,-0.0589,0,0,0.0138,0.325,1]},
{"frame":306,"values":[-0.9999,0.0123,-0.0008,0,-0.0002,0.0496,0.9988,0,0.0123,0.9987,-0.0496,0,0,0.0138,0.325,1]},
{"frame":307,"values":[-0.9993,0.0383,-0.0013,0,0.0003,0.0425,0.9991,0,0.0383,0.9984,-0.0425,0,0,0.0138,0.325,1]},
{"frame":308,"values":[-0.998,0.0631,-0.0019,0,0.0004,0.0361,0.9993,0,0.0632,0.9973,-0.0361,0,0,0.0138,0.325,1]},
{"frame":309,"values":[-0.9961,0.0883,-0.0026,0,0.0001,0.0307,0.9995,0,0.0883,0.9956,-0.0306,0,0,0.0138,0.325,1]},
{"frame":310,"values":[-0.9939,0.1106,-0.0031,0,0.0001,0.0288,0.9996,0,0.1106,0.9935,-0.0287,0,0,0.0138,0.325,1]},
{"frame":311,"values":[-0.9918,0.1275,-0.0028,0,0.001,0.0301,0.9995,0,0.1275,0.9914,-0.0299,0,0,0.0138,0.325,1]},
{"frame":312,"values":[-0.99,0.141,-0.0025,0,0.0025,0.0353,0.9994,0,0.141,0.9894,-0.0353,0,0,0.0138,0.325,1]},
{"frame":313,"values":[-0.988,0.1543,-0.0023,0,0.0046,0.0442,0.999,0,0.1543,0.987,-0.0444,0,0,0.0138,0.325,1]},
{"frame":314,"values":[-0.9862,0.1652,-0.0022,0,0.0069,0.0541,0.9985,0,0.1651,0.9848,-0.0544,0,0,0.0138,0.325,1]},
{"frame":315,"values":[-0.9851,0.1718,-0.0022,0,0.0085,0.0613,0.9981,0,0.1716,0.9832,-0.0618,0,0,0.0138,0.325,1]},
{"frame":316,"values":[-0.9848,0.1738,-0.0022,0,0.009,0.0637,0.9979,0,0.1736,0.9827,-0.0643,0,0,0.0138,0.325,1]},
{"frame":330,"values":[-0.9848,0.1703,-0.0347,0,0.009,0.2496,0.9683,0,0.1736,0.9532,-0.2474,0,0,0.0138,0.325,1]},
{"frame":332,"values":[-0.9873,0.1557,-0.0317,0,0.0083,0.2498,0.9683,0,0.1587,0.9557,-0.2479,0,0,0.0138,0.325,1]},
{"frame":333,"values":[-0.9911,0.1302,-0.0265,0,0.0069,0.25,0.9682,0,0.1326,0.9595,-0.2486,0,0,0.0138,0.325,1]},
{"frame":334,"values":[-0.9946,0.1013,-0.0206,0,0.0054,0.2501,0.9682,0,0.1032,0.9629,-0.2493,0,0,0.0138,0.325,1]},
{"frame":335,"values":[-0.9974,0.0712,-0.0145,0,0.0038,0.2503,0.9682,0,0.0725,0.9656,-0.2499,0,0,0.0138,0.325,1]},
{"frame":336,"values":[-0.9991,0.041,-0.0083,0,0.0022,0.2504,0.9681,0,0.0417,0.9673,-0.2502,0,0,0.0138,0.325,1]},
{"frame":337,"values":[-0.9999,0.0113,-0.0023,0,0.0006,0.2504,0.9681,0,0.0115,0.9681,-0.2504,0,0,0.0138,0.325,1]},
{"frame":338,"values":[-0.9998,-0.0174,0.0036,0,-0.0009,0.2504,0.9681,0,-0.0178,0.968,-0.2504,0,0,0.0138,0.325,1]},
{"frame":339,"values":[-0.999,-0.0447,0.0091,0,-0.0024,0.2504,0.9682,0,-0.0456,0.9671,-0.2502,0,0,0.0138,0.325,1]},
{"frame":340,"values":[-0.9974,-0.0703,0.0143,0,-0.0037,0.2503,0.9682,0,-0.0716,0.9656,-0.2499,0,0,0.0138,0.325,1]},
{"frame":341,"values":[-0.9954,-0.0938,0.0191,0,-0.005,0.2502,0.9682,0,-0.0956,0.9636,-0.2495,0,0,0.0138,0.325,1]},
{"frame":342,"values":[-0.9931,-0.1149,0.0234,0,-0.0061,0.2501,0.9682,0,-0.1171,0.9614,-0.249,0,0,0.0138,0.325,1]},
{"frame":343,"values":[-0.9907,-0.1332,0.0272,0,-0.0071,0.2499,0.9682,0,-0.1358,0.9591,-0.2486,0,0,0.0138,0.325,1]},
{"frame":344,"values":[-0.9885,-0.1484,0.0303,0,-0.0079,0.2498,0.9683,0,-0.1513,0.9568,-0.2481,0,0,0.0138,0.325,1]},
{"frame":345,"values":[-0.9866,-0.1601,0.0326,0,-0.0085,0.2497,0.9683,0,-0.1632,0.955,-0.2477,0,0,0.0138,0.325,1]},
{"frame":346,"values":[-0.9853,-0.1676,0.0342,0,-0.0089,0.2497,0.9683,0,-0.1708,0.9537,-0.2475,0,0,0.0138,0.325,1]},
{"frame":347,"values":[-0.9848,-0.1703,0.0347,0,-0.009,0.2496,0.9683,0,-0.1736,0.9532,-0.2474,0,0,0.0138,0.325,1]},
{"frame":360,"values":[-1,0,0,0,0,-0.0018,1,0,0,1,0.0018,0,0,0.0138,0.325,1]},
{"frame":361,"values":[-1,0,0,0,0,-0.0018,1,0,0,1,0.0018,0,0,0.0134,0.3111,1]},
{"frame":362,"values":[-1,0,0,0,0,-0.0018,1,0,0,1,0.0018,0,0,0.0127,0.2812,1]},
{"frame":363,"values":[-1,0,0,0,0,-0.0018,1,0,0,1,0.0018,0,0,0.0124,0.2672,1]},
{"frame":364,"values":[-1,0,0,0,0,-0.0018,1,0,0,1,0.0018,0,0,0.0124,0.2679,1]},
{"frame":365,"values":[-1,0,0,0,0,-0.0018,1,0,0,1,0.0018,0,0,0.0125,0.2702,1]},
{"frame":366,"values":[-1,0,0,0,0,-0.0018,1,0,0,1,0.0018,0,0,0.0126,0.274,1]},
{"frame":367,"values":[-1,0,0,0,0,-0.0018,1,0,0,1,0.0018,0,0,0.0127,0.2792,1]},
{"frame":368,"values":[-1,0,0,0,0,-0.0018,1,0,0,1,0.0018,0,0,0.0128,0.2854,1]},
{"frame":369,"values":[-1,0,0,0,0,-0.0018,1,0,0,1,0.0018,0,0,0.013,0.2925,1]},
{"frame":370,"values":[-1,0,0,0,0,-0.0018,1,0,0,1,0.0018,0,0,0.0132,0.2997,1]},
{"frame":371,"values":[-1,0,0,0,0,-0.0018,1,0,0,1,0.0018,0,0,0.0133,0.3068,1]},
{"frame":372,"values":[-1,0,0,0,0,-0.0018,1,0,0,1,0.0018,0,0,0.0135,0.3131,1]},
{"frame":373,"values":[-1,0,0,0,0,-0.0018,1,0,0,1,0.0018,0,0,0.0136,0.3182,1]},
{"frame":374,"values":[-1,0,0,0,0,-0.0018,1,0,0,1,0.0018,0,0,0.0137,0.322,1]},
