{"producer":{"name":"Blender","version":"2.79 (sub 0)","exporter_version":"5.6.3","file":"characters.babylon"},
"autoClear":true,"clearColor":[0.0509,0.0509,0.0509],"ambientColor":[0,0,0],"gravity":[0,-9.81,0],
"materials":[{"name":"characters.fox","id":"characters.fox","ambient":[0.8,0.8,0.8],"diffuse":[0.64,0.64,0.64],"specular":[0,0,0],"emissive":[0,0,0],"specularPower":50,"alpha":1,"backFaceCulling":true,"checkReadyOnlyOnce":false,"maxSimultaneousLights":4, 
"diffuseTexture":{"name":"foxRed.png","level":1,"hasAlpha":1,"coordinatesMode":0,"uOffset":0,"vOffset":0,"uScale":1,"vScale":1,"uAng":0,"vAng":0,"wAng":0,"wrapU":1,"wrapV":1,"coordinatesIndex":0}}],
"multiMaterials":[],
"skeletons":[{"name":"characterSkeleton","id":0,"dimensionsAtRest":[1.1693,1.2675,0.878],"bones":[
{"name":"ROOT","index":0,"matrix":[-1,0,0,0,0,0,-1,0,0,1,0,0,0,0,0,1],"rest":[-1,0,0,0,0,0,-1,0,0,1,0,0,0,0,0,1],"parentBoneIndex":-1,"length":0.2
,"animation":{"dataType":3,"framePerSecond":24,"keys":[
{"frame":1,"values":[-1,0,0,0,0,0,-1,0,0,1,0,0,0,0,0,1]},
{"frame":13,"values":[-1,0,0,0,0,0,-1,0,0,1,0,0,0,0,0,1]},
{"frame":20,"values":[-1,0,0,0,0,0,-1,0,0,1,0,0,0,0,0,1]},
{"frame":21,"values":[-1,0,0,0,0,0,-1,0,0,1,0,0,0,0,0,1]},
{"frame":30,"values":[-1,0,0,0,0,0,-1,0,0,1,0,0,0,0,0,1]},
{"frame":31,"values":[-1,0,0,0,0,0,-1,0,0,1,0,0,0,0,0,1]},
{"frame":40,"values":[-1,0,0,0,0,0,-1,0,0,1,0,0,0,0,0,1]},
{"frame":41,"values":[-1,0,0,0,0,0,-1,0,0,1,0,0,0,0,0,1]},
{"frame":50,"values":[-1,0,0,0,0,0,-1,0,0,1,0,0,0,0,0,1]},
{"frame":51,"values":[-1,0,0,0,0,0,-1,0,0,1,0,0,0,0,0,1]},
{"frame":60,"values":[-1,0,0,0,0,0,-1,0,0,1,0,0,0,0,0,1]},
{"frame":61,"values":[-1,0,0,0,0,0,-1,0,0,1,0,0,0,0,0,1]},
{"frame":70,"values":[-1,0,0,0,0,0,-1,0,0,1,0,0,0,0,0,1]},
{"frame":71,"values":[-1,0,0,0,0,0,-1,0,0,1,0,0,0,0,0,1]},
{"frame":80,"values":[-1,0,0,0,0,0,-1,0,0,1,0,0,0,0,0,1]},
{"frame":81,"values":[-1,0,0,0,0,0,-1,0,0,1,0,0,0,0,0,1]},
{"frame":90,"values":[-1,0,0,0,0,0,-1,0,0,1,0,0,0,0,0,1]},
{"frame":91,"values":[-1,0,0,0,0,0,-1,0,0,1,0,0,0,0,0,1]},
{"frame":100,"values":[-1,0,0,0,0,0,-1,0,0,1,0,0,0,0,0,1]},
{"frame":101,"values":[-1,0,0,0,0,0,-1,0,0,1,0,0,0,0,0,1]},
{"frame":111,"values":[-1,0,0,0,0,0,-1,0,0,1,0,0,0,0,0,1]},
{"frame":139,"values":[-1,0,0,0,0,0,-1,0,0,1,0,0,0,0,0,1]},
{"frame":151,"values":[-1,0,0,0,0,0,-1,0,0,1,0,0,0,0,0,1]},
{"frame":198,"values":[-1,0,0,0,0,0,-1,0,0,1,0,0,0,0,0,1]},
{"frame":210,"values":[-1,0,0,0,0,0,-1,0,0,1,0,0,0,0,0,1]},
{"frame":211,"values":[-1,0,0,0,0,0,-1,0,0,1,0,0,0,0,0,1]},
{"frame":220,"values":[-1,0,0,0,0,0,-1,0,0,1,0,0,0,0,0,1]},
{"frame":256,"values":[-1,0,0,0,0,0,-1,0,0,1,0,0,0,0,0,1]},
{"frame":271,"values":[-1,0,0,0,0,0,-1,0,0,1,0,0,0,0,0,1]},
{"frame":309,"values":[-1,0,0,0,0,0,-1,0,0,1,0,0,0,0,0,1]},
{"frame":321,"values":[-1,0,0,0,0,0,-1,0,0,1,0,0,0,0,0,1]},
{"frame":353,"values":[-1,0,0,0,0,0,-1,0,0,1,0,0,0,0,0,1]},
{"frame":360,"values":[-1,0,0,0,0,0,-1,0,0,1,0,0,0,0,0,1]},
{"frame":373,"values":[-1,0,0,0,0,0,-1,0,0,1,0,0,0,0,0,1]},
{"frame":380,"values":[-1,0,0,0,0,0,-1,0,0,1,0,0,0,0,0,1]},
{"frame":393,"values":[-1,0,0,0,0,0,-1,0,0,1,0,0,0,0,0,1]},
{"frame":400,"values":[-1,0,0,0,0,0,-1,0,0,1,0,0,0,0,0,1]},
{"frame":416,"values":[-1,0,0,0,0,0,-1,0,0,1,0,0,0,0,0,1]},
{"frame":430,"values":[-1,0,0,0,0,0,-1,0,0,1,0,0,0,0,0,1]},
{"frame":431,"values":[-1,0,0,0,0,0,-1,0,0,1,0,0,0,0,0,1]}],"loopBehavior":1,"name":"anim","property":"_matrix"}},
{"name":"POLE.elbow.l","index":1,"matrix":[-1,0,0,0,0,0,1,0,0,1,0,0,-0.7051,-0.2187,0.8328,1],"rest":[-1,0,0,0,0,0,1,0,0,1,0,0,-0.2652,-0.2187,0.8328,1],"parentBoneIndex":0,"length":0.2166
,"animation":{"dataType":3,"framePerSecond":24,"keys":[
{"frame":1,"values":[-1,0,0,0,0,0,1,0,0,1,0,0,-0.7051,-0.2187,0.8328,1]},
{"frame":13,"values":[-1,0,0,0,0,0,1,0,0,1,0,0,-0.7051,-0.2187,0.8328,1]},
{"frame":20,"values":[-1,0,0,0,0,0,1,0,0,1,0,0,-0.7051,-0.2187,0.8328,1]},
{"frame":21,"values":[-1,0,0,0,0,0,1,0,0,1,0,0,-0.7051,-0.2187,0.8328,1]},
{"frame":30,"values":[-1,0,0,0,0,0,1,0,0,1,0,0,-0.7051,-0.2187,0.8328,1]},
{"frame":31,"values":[-1,0,0,0,0,0,1,0,0,1,0,0,-0.7051,-0.2187,0.8328,1]},
{"frame":40,"values":[-1,0,0,0,0,0,1,0,0,1,0,0,-0.7051,-0.2187,0.8328,1]},
{"frame":41,"values":[-1,0,0,0,0,0,1,0,0,1,0,0,-0.7051,-0.2187,0.8328,1]},
{"frame":50,"values":[-1,0,0,0,0,0,1,0,0,1,0,0,-0.7051,-0.2187,0.8328,1]},
{"frame":51,"values":[-1,0,0,0,0,0,1,0,0,1,0,0,-0.7051,-0.2187,0.8328,1]},
{"frame":60,"values":[-1,0,0,0,0,0,1,0,0,1,0,0,-0.7051,-0.2187,0.8328,1]},
{"frame":61,"values":[-1,0,0,0,0,0,1,0,0,1,0,0,-0.7051,-0.2187,0.8328,1]},
{"frame":70,"values":[-1,0,0,0,0,0,1,0,0,1,0,0,-0.7051,-0.2187,0.8328,1]},
{"frame":71,"values":[-1,0,0,0,0,0,1,0,0,1,0,0,-0.7051,-0.2187,0.8328,1]},
{"frame":80,"values":[-1,0,0,0,0,0,1,0,0,1,0,0,-0.7051,-0.2187,0.8328,1]},
{"frame":81,"values":[-1,0,0,0,0,0,1,0,0,1,0,0,-0.7051,-0.2187,0.8328,1]},
{"frame":90,"values":[-1,0,0,0,0,0,1,0,0,1,0,0,-0.7051,-0.2187,0.8328,1]},
{"frame":91,"values":[-1,0,0,0,0,0,1,0,0,1,0,0,-0.7051,-0.2187,0.8328,1]},
{"frame":100,"values":[-1,0,0,0,0,0,1,0,0,1,0,0,-0.7051,-0.2187,0.8328,1]},
{"frame":101,"values":[-1,0,0,0,0,0,1,0,0,1,0,0,-0.7051,-0.2187,0.8328,1]},
{"frame":111,"values":[-1,0,0,0,0,0,1,0,0,1,0,0,-0.7051,-0.2187,0.8328,1]},
{"frame":139,"values":[-1,0,0,0,0,0,1,0,0,1,0,0,-0.7051,-0.2187,0.8328,1]},
{"frame":151,"values":[-1,0,0,0,0,0,1,0,0,1,0,0,-0.7051,-0.2187,0.8328,1]},
{"frame":198,"values":[-1,0,0,0,0,0,1,0,0,1,0,0,-0.7051,-0.2187,0.8328,1]},
{"frame":210,"values":[-1,0,0,0,0,0,1,0,0,1,0,0,-0.4707,-0.2187,0.8328,1]},
{"frame":211,"values":[-1,0,0,0,0,0,1,0,0,1,0,0,-0.4707,-0.2187,0.8328,1]},
{"frame":220,"values":[-1,0,0,0,0,0,1,0,0,1,0,0,-0.8152,-0.2187,0.8328,1]},
{"frame":221,"values":[-1,0,0,0,0,0,1,0,0,1,0,0,-0.8164,-0.2187,0.8328,1]},
{"frame":222,"values":[-1,0,0,0,0,0,1,0,0,1,0,0,-0.8201,-0.2187,0.8328,1]},
{"frame":223,"values":[-1,0,0,0,0,0,1,0,0,1,0,0,-0.8264,-0.2187,0.8328,1]},
{"frame":224,"values":[-1,0,0,0,0,0,1,0,0,1,0,0,-0.8351,-0.2187,0.8328,1]},
{"frame":225,"values":[-1,0,0,0,0,0,1,0,0,1,0,0,-0.846,-0.2187,0.8328,1]},
{"frame":226,"values":[-1,0,0,0,0,0,1,0,0,1,0,0,-0.859,-0.2187,0.8328,1]},
{"frame":227,"values":[-1,0,0,0,0,0,1,0,0,1,0,0,-0.8737,-0.2187,0.8328,1]},
{"frame":228,"values":[-1,0,0,0,0,0,1,0,0,1,0,0,-0.8895,-0.2187,0.8328,1]},
{"frame":229,"values":[-1,0,0,0,0,0,1,0,0,1,0,0,-0.9059,-0.2187,0.8328,1]},
{"frame":230,"values":[-1,0,0,0,0,0,1,0,0,1,0,0,-0.9224,-0.2187,0.8328,1]},
{"frame":231,"values":[-1,0,0,0,0,0,1,0,0,1,0,0,-0.9382,-0.2187,0.8328,1]},
{"frame":232,"values":[-1,0,0,0,0,0,1,0,0,1,0,0,-0.9529,-0.2187,0.8328,1]},
{"frame":233,"values":[-1,0,0,0,0,0,1,0,0,1,0,0,-0.9659,-0.2187,0.8328,1]},
{"frame":234,"values":[-1,0,0,0,0,0,1,0,0,1,0,0,-0.9768,-0.2187,0.8328,1]},
{"frame":235,"values":[-1,0,0,0,0,0,1,0,0,1,0,0,-0.9855,-0.2187,0.8328,1]},
{"frame":236,"values":[-1,0,0,0,0,0,1,0,0,1,0,0,-0.9918,-0.2187,0.8328,1]},
{"frame":237,"values":[-1,0,0,0,0,0,1,0,0,1,0,0,-0.9955,-0.2187,0.8328,1]},
{"frame":238,"values":[-1,0,0,0,0,0,1,0,0,1,0,0,-0.9967,-0.2187,0.8328,1]},
{"frame":239,"values":[-1,0,0,0,0,0,1,0,0,1,0,0,-0.9955,-0.2187,0.8328,1]},
{"frame":240,"values":[-1,0,0,0,0,0,1,0,0,1,0,0,-0.9918,-0.2187,0.8328,1]},
{"frame":241,"values":[-1,0,0,0,0,0,1,0,0,1,0,0,-0.9855,-0.2187,0.8328,1]},
{"frame":242,"values":[-1,0,0,0,0,0,1,0,0,1,0,0,-0.9768,-0.2187,0.8328,1]},
{"frame":243,"values":[-1,0,0,0,0,0,1,0,0,1,0,0,-0.9659,-0.2187,0.8328,1]},
{"frame":244,"values":[-1,0,0,0,0,0,1,0,0,1,0,0,-0.9529,-0.2187,0.8328,1]},
{"frame":245,"values":[-1,0,0,0,0,0,1,0,0,1,0,0,-0.9382,-0.2187,0.8328,1]},
{"frame":246,"values":[-1,0,0,0,0,0,1,0,0,1,0,0,-0.9224,-0.2187,0.8328,1]},
{"frame":247,"values":[-1,0,0,0,0,0,1,0,0,1,0,0,-0.9059,-0.2187,0.8328,1]},
{"frame":248,"values":[-1,0,0,0,0,0,1,0,0,1,0,0,-0.8895,-0.2187,0.8328,1]},
{"frame":249,"values":[-1,0,0,0,0,0,1,0,0,1,0,0,-0.8737,-0.2187,0.8328,1]},
{"frame":250,"values":[-1,0,0,0,0,0,1,0,0,1,0,0,-0.859,-0.2187,0.8328,1]},
{"frame":251,"values":[-1,0,0,0,0,0,1,0,0,1,0,0,-0.846,-0.2187,0.8328,1]},
{"frame":252,"values":[-1,0,0,0,0,0,1,0,0,1,0,0,-0.8351,-0.2187,0.8328,1]},
{"frame":253,"values":[-1,0,0,0,0,0,1,0,0,1,0,0,-0.8264,-0.2187,0.8328,1]},
{"frame":254,"values":[-1,0,0,0,0,0,1,0,0,1,0,0,-0.8201,-0.2187,0.8328,1]},
{"frame":255,"values":[-1,0,0,0,0,0,1,0,0,1,0,0,-0.8164,-0.2187,0.8328,1]},
{"frame":256,"values":[-1,0,0,0,0,0,1,0,0,1,0,0,-0.8152,-0.2187,0.8328,1]},
{"frame":271,"values":[-1,0,0,0,0,0,1,0,0,1,0,0,-0.8152,-0.2187,0.8328,1]},
{"frame":272,"values":[-1,0,0,0,0,0,1,0,0,1,0,0,-0.8163,-0.2187,0.8328,1]},
{"frame":273,"values":[-1,0,0,0,0,0,1,0,0,1,0,0,-0.8196,-0.2187,0.8328,1]},
{"frame":274,"values":[-1,0,0,0,0,0,1,0,0,1,0,0,-0.8252,-0.2187,0.8328,1]},
{"frame":275,"values":[-1,0,0,0,0,0,1,0,0,1,0,0,-0.833,-0.2187,0.8328,1]},
{"frame":276,"values":[-1,0,0,0,0,0,1,0,0,1,0,0,-0.8429,-0.2187,0.8328,1]},
{"frame":277,"values":[-1,0,0,0,0,0,1,0,0,1,0,0,-0.8547,-0.2187,0.8328,1]},
{"frame":278,"values":[-1,0,0,0,0,0,1,0,0,1,0,0,-0.8681,-0.2187,0.8328,1]},
{"frame":279,"values":[-1,0,0,0,0,0,1,0,0,1,0,0,-0.8827,-0.2187,0.8328,1]},
{"frame":280,"values":[-1,0,0,0,0,0,1,0,0,1,0,0,-0.8981,-0.2187,0.8328,1]},
{"frame":281,"values":[-1,0,0,0,0,0,1,0,0,1,0,0,-0.9138,-0.2187,0.8328,1]},
{"frame":282,"values":[-1,0,0,0,0,0,1,0,0,1,0,0,-0.9292,-0.2187,0.8328,1]},
{"frame":283,"values":[-1,0,0,0,0,0,1,0,0,1,0,0,-0.9438,-0.2187,0.8328,1]},
{"frame":284,"values":[-1,0,0,0,0,0,1,0,0,1,0,0,-0.9572,-0.2187,0.8328,1]},
{"frame":285,"values":[-1,0,0,0,0,0,1,0,0,1,0,0,-0.969,-0.2187,0.8328,1]},
{"frame":286,"values":[-1,0,0,0,0,0,1,0,0,1,0,0,-0.9789,-0.2187,0.8328,1]},
{"frame":287,"values":[-1,0,0,0,0,0,1,0,0,1,0,0,-0.9867,-0.2187,0.8328,1]},
{"frame":288,"values":[-1,0,0,0,0,0,1,0,0,1,0,0,-0.9923,-0.2187,0.8328,1]},
{"frame":289,"values":[-1,0,0,0,0,0,1,0,0,1,0,0,-0.9956,-0.2187,0.8328,1]},
{"frame":290,"values":[-1,0,0,0,0,0,1,0,0,1,0,0,-0.9967,-0.2187,0.8328,1]},
{"frame":291,"values":[-1,0,0,0,0,0,1,0,0,1,0,0,-0.9956,-0.2187,0.8328,1]},
{"frame":292,"values":[-1,0,0,0,0,0,1,0,0,1,0,0,-0.9923,-0.2187,0.8328,1]},
{"frame":293,"values":[-1,0,0,0,0,0,1,0,0,1,0,0,-0.9867,-0.2187,0.8328,1]},
{"frame":294,"values":[-1,0,0,0,0,0,1,0,0,1,0,0,-0.9789,-0.2187,0.8328,1]},
{"frame":295,"values":[-1,0,0,0,0,0,1,0,0,1,0,0,-0.969,-0.2187,0.8328,1]},
{"frame":296,"values":[-1,0,0,0,0,0,1,0,0,1,0,0,-0.9572,-0.2187,0.8328,1]},
{"frame":297,"values":[-1,0,0,0,0,0,1,0,0,1,0,0,-0.9438,-0.2187,0.8328,1]},
{"frame":298,"values":[-1,0,0,0,0,0,1,0,0,1,0,0,-0.9292,-0.2187,0.8328,1]},
{"frame":299,"values":[-1,0,0,0,0,0,1,0,0,1,0,0,-0.9138,-0.2187,0.8328,1]},
{"frame":300,"values":[-1,0,0,0,0,0,1,0,0,1,0,0,-0.8981,-0.2187,0.8328,1]},
{"frame":301,"values":[-1,0,0,0,0,0,1,0,0,1,0,0,-0.8827,-0.2187,0.8328,1]},
{"frame":302,"values":[-1,0,0,0,0,0,1,0,0,1,0,0,-0.8681,-0.2187,0.8328,1]},
{"frame":303,"values":[-1,0,0,0,0,0,1,0,0,1,0,0,-0.8547,-0.2187,0.8328,1]},
{"frame":304,"values":[-1,0,0,0,0,0,1,0,0,1,0,0,-0.8429,-0.2187,0.8328,1]},
{"frame":305,"values":[-1,0,0,0,0,0,1,0,0,1,0,0,-0.833,-0.2187,0.8328,1]},
{"frame":306,"values":[-1,0,0,0,0,0,1,0,0,1,0,0,-0.8252,-0.2187,0.8328,1]},
{"frame":307,"values":[-1,0,0,0,0,0,1,0,0,1,0,0,-0.8196,-0.2187,0.8328,1]},
{"frame":308,"values":[-1,0,0,0,0,0,1,0,0,1,0,0,-0.8163,-0.2187,0.8328,1]},
{"frame":309,"values":[-1,0,0,0,0,0,1,0,0,1,0,0,-0.8152,-0.2187,0.8328,1]},
{"frame":321,"values":[-1,0,0,0,0,0,1,0,0,1,0,0,-0.8152,-0.2187,0.8328,1]},
{"frame":322,"values":[-1,0,0,0,0,0,1,0,0,1,0,0,-0.8167,-0.2187,0.8328,1]},
{"frame":323,"values":[-1,0,0,0,0,0,1,0,0,1,0,0,-0.8215,-0.2187,0.8328,1]},
{"frame":324,"values":[-1,0,0,0,0,0,1,0,0,1,0,0,-0.8294,-0.2187,0.8328,1]},
{"frame":325,"values":[-1,0,0,0,0,0,1,0,0,1,0,0,-0.8403,-0.2187,0.8328,1]},
{"frame":326,"values":[-1,0,0,0,0,0,1,0,0,1,0,0,-0.8539,-0.2187,0.8328,1]},
{"frame":327,"values":[-1,0,0,0,0,0,1,0,0,1,0,0,-0.8699,-0.2187,0.8328,1]},
{"frame":328,"values":[-1,0,0,0,0,0,1,0,0,1,0,0,-0.8875,-0.2187,0.8328,1]},
{"frame":329,"values":[-1,0,0,0,0,0,1,0,0,1,0,0,-0.9059,-0.2187,0.8328,1]},
{"frame":330,"values":[-1,0,0,0,0,0,1,0,0,1,0,0,-0.9244,-0.2187,0.8328,1]},
{"frame":331,"values":[-1,0,0,0,0,0,1,0,0,1,0,0,-0.942,-0.2187,0.8328,1]},
{"frame":332,"values":[-1,0,0,0,0,0,1,0,0,1,0,0,-0.958,-0.2187,0.8328,1]},
{"frame":333,"values":[-1,0,0,0,0,0,1,0,0,1,0,0,-0.9716,-0.2187,0.8328,1]},
{"frame":334,"values":[-1,0,0,0,0,0,1,0,0,1,0,0,-0.9825,-0.2187,0.8328,1]},
{"frame":335,"values":[-1,0,0,0,0,0,1,0,0,1,0,0,-0.9904,-0.2187,0.8328,1]},
{"frame":336,"values":[-1,0,0,0,0,0,1,0,0,1,0,0,-0.9952,-0.2187,0.8328,1]},
{"frame":337,"values":[-1,0,0,0,0,0,1,0,0,1,0,0,-0.9967,-0.2187,0.8328,1]},
{"frame":338,"values":[-1,0,0,0,0,0,1,0,0,1,0,0,-0.9952,-0.2187,0.8328,1]},
{"frame":339,"values":[-1,0,0,0,0,0,1,0,0,1,0,0,-0.9904,-0.2187,0.8328,1]},
{"frame":340,"values":[-1,0,0,0,0,0,1,0,0,1,0,0,-0.9825,-0.2187,0.8328,1]},
{"frame":341,"values":[-1,0,0,0,0,0,1,0,0,1,0,0,-0.9716,-0.2187,0.8328,1]},
{"frame":342,"values":[-1,0,0,0,0,0,1,0,0,1,0,0,-0.958,-0.2187,0.8328,1]},
{"frame":343,"values":[-1,0,0,0,0,0,1,0,0,1,0,0,-0.942,-0.2187,0.8328,1]},
{"frame":344,"values":[-1,0,0,0,0,0,1,0,0,1,0,0,-0.9244,-0.2187,0.8328,1]},
{"frame":345,"values":[-1,0,0,0,0,0,1,0,0,1,0,0,-0.9059,-0.2187,0.8328,1]},
{"frame":346,"values":[-1,0,0,0,0,0,1,0,0,1,0,0,-0.8875,-0.2187,0.8328,1]},
{"frame":347,"values":[-1,0,0,0,0,0,1,0,0,1,0,0,-0.8699,-0.2187,0.8328,1]},
{"frame":348,"values":[-1,0,0,0,0,0,1,0,0,1,0,0,-0.8539,-0.2187,0.8328,1]},
{"frame":349,"values":[-1,0,0,0,0,0,1,0,0,1,0,0,-0.8403,-0.2187,0.8328,1]},
{"frame":350,"values":[-1,0,0,0,0,0,1,0,0,1,0,0,-0.8294,-0.2187,0.8328,1]},
{"frame":351,"values":[-1,0,0,0,0,0,1,0,0,1,0,0,-0.8215,-0.2187,0.8328,1]},
{"frame":352,"values":[-1,0,0,0,0,0,1,0,0,1,0,0,-0.8167,-0.2187,0.8328,1]},
{"frame":353,"values":[-1,0,0,0,0,0,1,0,0,1,0,0,-0.8152,-0.2187,0.8328,1]},
{"frame":360,"values":[-1,0,0,0,0,0,1,0,0,1,0,0,-0.7051,-0.2187,0.8328,1]},
{"frame":361,"values":[-1,0,0,0,0,0,1,0,0,1,0,0,-0.7066,-0.2187,0.8328,1]},
{"frame":362,"values":[-1,0,0,0,0,0,1,0,0,1,0,0,-0.7109,-0.2187,0.8328,1]},
{"frame":363,"values":[-1,0,0,0,0,0,1,0,0,1,0,0,-0.7181,-0.2187,0.8328,1]},
{"frame":364,"values":[-1,0,0,0,0,0,1,0,0,1,0,0,-0.7279,-0.2187,0.8328,1]},
{"frame":365,"values":[-1,0,0,0,0,0,1,0,0,1,0,0,-0.7399,-0.2187,0.8328,1]},
{"frame":366,"values":[-1,0,0,0,0,0,1,0,0,1,0,0,-0.7532,-0.2187,0.8328,1]},
{"frame":367,"values":[-1,0,0,0,0,0,1,0,0,1,0,0,-0.7671,-0.2187,0.8328,1]},
{"frame":368,"values":[-1,0,0,0,0,0,1,0,0,1,0,0,-0.7804,-0.2187,0.8328,1]},
{"frame":369,"values":[-1,0,0,0,0,0,1,0,0,1,0,0,-0.7924,-0.2187,0.8328,1]},
{"frame":370,"values":[-1,0,0,0,0,0,1,0,0,1,0,0,-0.8022,-0.2187,0.8328,1]},
{"frame":371,"values":[-1,0,0,0,0,0,1,0,0,1,0,0,-0.8094,-0.2187,0.8328,1]},
{"frame":372,"values":[-1,0,0,0,0,0,1,0,0,1,0,0,-0.8137,-0.2187,0.8328,1]},
{"frame":373,"values":[-1,0,0,0,0,0,1,0,0,1,0,0,-0.8152,-0.2187,0.8328,1]},
{"frame":380,"values":[-1,0,0,0,0,0,1,0,0,1,0,0,-0.7051,-0.2187,0.8328,1]},
{"frame":381,"values":[-1,0,0,0,0,0,1,0,0,1,0,0,-0.7066,-0.2187,0.8328,1]},
{"frame":382,"values":[-1,0,0,0,0,0,1,0,0,1,0,0,-0.7109,-0.2187,0.8328,1]},
{"frame":383,"values":[-1,0,0,0,0,0,1,0,0,1,0,0,-0.7181,-0.2187,0.8328,1]},
{"frame":384,"values":[-1,0,0,0,0,0,1,0,0,1,0,0,-0.7279,-0.2187,0.8328,1]},
{"frame":385,"values":[-1,0,0,0,0,0,1,0,0,1,0,0,-0.7399,-0.2187,0.8328,1]},
{"frame":386,"values":[-1,0,0,0,0,0,1,0,0,1,0,0,-0.7532,-0.2187,0.8328,1]},
{"frame":387,"values":[-1,0,0,0,0,0,1,0,0,1,0,0,-0.7671,-0.2187,0.8328,1]},
{"frame":388,"values":[-1,0,0,0,0,0,1,0,0,1,0,0,-0.7804,-0.2187,0.8328,1]},
{"frame":389,"values":[-1,0,0,0,0,0,1,0,0,1,0,0,-0.7924,-0.2187,0.8328,1]},
{"frame":390,"values":[-1,0,0,0,0,0,1,0,0,1,0,0,-0.8022,-0.2187,0.8328,1]},
{"frame":391,"values":[-1,0,0,0,0,0,1,0,0,1,0,0,-0.8094,-0.2187,0.8328,1]},
{"frame":392,"values":[-1,0,0,0,0,0,1,0,0,1,0,0,-0.8137,-0.2187,0.8328,1]},
{"frame":393,"values":[-1,0,0,0,0,0,1,0,0,1,0,0,-0.8152,-0.2187,0.8328,1]},
{"frame":400,"values":[-1,0,0,0,0,0,1,0,0,1,0,0,-0.7051,-0.2187,0.8328,1]},
{"frame":416,"values":[-1,0,0,0,0,0,1,0,0,1,0,0,-0.7051,-0.2187,0.8328,1]},
{"frame":430,"values":[-1,0,0,0,0,0,1,0,0,1,0,0,-0.7051,-0.2187,0.8328,1]},
{"frame":431,"values":[-1,0,0,0,0,0,1,0,0,1,0,0,-0.7051,-0.2187,0.8328,1]}],"loopBehavior":1,"name":"anim","property":"_matrix"}},
{"name":"POLE.elbow.r","index":2,"matrix":[-1,0,0,0,0,0,1,0,0,1,0,0,0.7045,-0.2187,0.8328,1],"rest":[-1,0,0,0,0,0,1,0,0,1,0,0,0.2646,-0.2187,0.8328,1],"parentBoneIndex":0,"length":0.2166
,"animation":{"dataType":3,"framePerSecond":24,"keys":[
{"frame":1,"values":[-1,0,0,0,0,0,1,0,0,1,0,0,0.7045,-0.2187,0.8328,1]},
{"frame":13,"values":[-1,0,0,0,0,0,1,0,0,1,0,0,0.7045,-0.2187,0.8328,1]},
{"frame":20,"values":[-1,0,0,0,0,0,1,0,0,1,0,0,0.7045,-0.2187,0.8328,1]},
{"frame":21,"values":[-1,0,0,0,0,0,1,0,0,1,0,0,0.7045,-0.2187,0.8328,1]},
{"frame":30,"values":[-1,0,0,0,0,0,1,0,0,1,0,0,0.7045,-0.2187,0.8328,1]},
{"frame":31,"values":[-1,0,0,0,0,0,1,0,0,1,0,0,0.7045,-0.2187,0.8328,1]},
{"frame":40,"values":[-1,0,0,0,0,0,1,0,0,1,0,0,0.7045,-0.2187,0.8328,1]},
{"frame":41,"values":[-1,0,0,0,0,0,1,0,0,1,0,0,0.7045,-0.2187,0.8328,1]},
{"frame":50,"values":[-1,0,0,0,0,0,1,0,0,1,0,0,0.7045,-0.2187,0.8328,1]},
{"frame":51,"values":[-1,0,0,0,0,0,1,0,0,1,0,0,0.7045,-0.2187,0.8328,1]},
{"frame":60,"values":[-1,0,0,0,0,0,1,0,0,1,0,0,0.7045,-0.2187,0.8328,1]},
{"frame":61,"values":[-1,0,0,0,0,0,1,0,0,1,0,0,0.7045,-0.2187,0.8328,1]},
{"frame":70,"values":[-1,0,0,0,0,0,1,0,0,1,0,0,0.7045,-0.2187,0.8328,1]},
{"frame":71,"values":[-1,0,0,0,0,0,1,0,0,1,0,0,0.7045,-0.2187,0.8328,1]},
{"frame":80,"values":[-1,0,0,0,0,0,1,0,0,1,0,0,0.7045,-0.2187,0.8328,1]},
{"frame":81,"values":[-1,0,0,0,0,0,1,0,0,1,0,0,0.7045,-0.2187,0.8328,1]},
{"frame":90,"values":[-1,0,0,0,0,0,1,0,0,1,0,0,0.7045,-0.2187,0.8328,1]},
{"frame":91,"values":[-1,0,0,0,0,0,1,0,0,1,0,0,0.7045,-0.2187,0.8328,1]},
{"frame":100,"values":[-1,0,0,0,0,0,1,0,0,1,0,0,0.7045,-0.2187,0.8328,1]},
{"frame":101,"values":[-1,0,0,0,0,0,1,0,0,1,0,0,0.7045,-0.2187,0.8328,1]},
{"frame":111,"values":[-1,0,0,0,0,0,1,0,0,1,0,0,0.7045,-0.2187,0.8328,1]},
{"frame":139,"values":[-1,0,0,0,0,0,1,0,0,1,0,0,0.7045,-0.2187,0.8328,1]},
{"frame":151,"values":[-1,0,0,0,0,0,1,0,0,1,0,0,0.7045,-0.2187,0.8328,1]},
{"frame":198,"values":[-1,0,0,0,0,0,1,0,0,1,0,0,0.7045,-0.2187,0.8328,1]},
{"frame":210,"values":[-1,0,0,0,0,0,1,0,0,1,0,0,0.8874,-0.2187,0.8328,1]},
{"frame":211,"values":[-1,0,0,0,0,0,1,0,0,1,0,0,0.8874,-0.2187,0.8328,1]},
{"frame":220,"values":[-1,0,0,0,0,0,1,0,0,1,0,0,0.9962,-0.2187,0.8328,1]},
{"frame":221,"values":[-1,0,0,0,0,0,1,0,0,1,0,0,0.9949,-0.2187,0.8328,1]},
{"frame":222,"values":[-1,0,0,0,0,0,1,0,0,1,0,0,0.9912,-0.2187,0.8328,1]},
{"frame":223,"values":[-1,0,0,0,0,0,1,0,0,1,0,0,0.9849,-0.2187,0.8328,1]},
{"frame":224,"values":[-1,0,0,0,0,0,1,0,0,1,0,0,0.9763,-0.2187,0.8328,1]},
{"frame":225,"values":[-1,0,0,0,0,0,1,0,0,1,0,0,0.9653,-0.2187,0.8328,1]},
{"frame":226,"values":[-1,0,0,0,0,0,1,0,0,1,0,0,0.9523,-0.2187,0.8328,1]},
{"frame":227,"values":[-1,0,0,0,0,0,1,0,0,1,0,0,0.9377,-0.2187,0.8328,1]},
{"frame":228,"values":[-1,0,0,0,0,0,1,0,0,1,0,0,0.9218,-0.2187,0.8328,1]},
{"frame":229,"values":[-1,0,0,0,0,0,1,0,0,1,0,0,0.9054,-0.2187,0.8328,1]},
{"frame":230,"values":[-1,0,0,0,0,0,1,0,0,1,0,0,0.8889,-0.2187,0.8328,1]},
{"frame":231,"values":[-1,0,0,0,0,0,1,0,0,1,0,0,0.8731,-0.2187,0.8328,1]},
{"frame":232,"values":[-1,0,0,0,0,0,1,0,0,1,0,0,0.8585,-0.2187,0.8328,1]},
{"frame":233,"values":[-1,0,0,0,0,0,1,0,0,1,0,0,0.8455,-0.2187,0.8328,1]},
{"frame":234,"values":[-1,0,0,0,0,0,1,0,0,1,0,0,0.8345,-0.2187,0.8328,1]},
{"frame":235,"values":[-1,0,0,0,0,0,1,0,0,1,0,0,0.8258,-0.2187,0.8328,1]},
{"frame":236,"values":[-1,0,0,0,0,0,1,0,0,1,0,0,0.8196,-0.2187,0.8328,1]},
{"frame":237,"values":[-1,0,0,0,0,0,1,0,0,1,0,0,0.8158,-0.2187,0.8328,1]},
{"frame":238,"values":[-1,0,0,0,0,0,1,0,0,1,0,0,0.8146,-0.2187,0.8328,1]},
{"frame":239,"values":[-1,0,0,0,0,0,1,0,0,1,0,0,0.8158,-0.2187,0.8328,1]},
{"frame":240,"values":[-1,0,0,0,0,0,1,0,0,1,0,0,0.8196,-0.2187,0.8328,1]},
{"frame":241,"values":[-1,0,0,0,0,0,1,0,0,1,0,0,0.8258,-0.2187,0.8328,1]},
{"frame":242,"values":[-1,0,0,0,0,0,1,0,0,1,0,0,0.8345,-0.2187,0.8328,1]},
{"frame":243,"values":[-1,0,0,0,0,0,1,0,0,1,0,0,0.8455,-0.2187,0.8328,1]},
{"frame":244,"values":[-1,0,0,0,0,0,1,0,0,1,0,0,0.8585,-0.2187,0.8328,1]},
{"frame":245,"values":[-1,0,0,0,0,0,1,0,0,1,0,0,0.8731,-0.2187,0.8328,1]},
{"frame":246,"values":[-1,0,0,0,0,0,1,0,0,1,0,0,0.8889,-0.2187,0.8328,1]},
{"frame":247,"values":[-1,0,0,0,0,0,1,0,0,1,0,0,0.9054,-0.2187,0.8328,1]},
{"frame":248,"values":[-1,0,0,0,0,0,1,0,0,1,0,0,0.9218,-0.2187,0.8328,1]},
{"frame":249,"values":[-1,0,0,0,0,0,1,0,0,1,0,0,0.9377,-0.2187,0.8328,1]},
{"frame":250,"values":[-1,0,0,0,0,0,1,0,0,1,0,0,0.9523,-0.2187,0.8328,1]},
{"frame":251,"values":[-1,0,0,0,0,0,1,0,0,1,0,0,0.9653,-0.2187,0.8328,1]},
{"frame":252,"values":[-1,0,0,0,0,0,1,0,0,1,0,0,0.9763,-0.2187,0.8328,1]},
{"frame":253,"values":[-1,0,0,0,0,0,1,0,0,1,0,0,0.9849,-0.2187,0.8328,1]},
{"frame":254,"values":[-1,0,0,0,0,0,1,0,0,1,0,0,0.9912,-0.2187,0.8328,1]},
{"frame":255,"values":[-1,0,0,0,0,0,1,0,0,1,0,0,0.9949,-0.2187,0.8328,1]},
{"frame":256,"values":[-1,0,0,0,0,0,1,0,0,1,0,0,0.9962,-0.2187,0.8328,1]},
{"frame":271,"values":[-1,0,0,0,0,0,1,0,0,1,0,0,0.9962,-0.2187,0.8328,1]},
{"frame":272,"values":[-1,0,0,0,0,0,1,0,0,1,0,0,0.9951,-0.2187,0.8328,1]},
{"frame":273,"values":[-1,0,0,0,0,0,1,0,0,1,0,0,0.9917,-0.2187,0.8328,1]},
{"frame":274,"values":[-1,0,0,0,0,0,1,0,0,1,0,0,0.9861,-0.2187,0.8328,1]},
{"frame":275,"values":[-1,0,0,0,0,0,1,0,0,1,0,0,0.9783,-0.2187,0.8328,1]},
{"frame":276,"values":[-1,0,0,0,0,0,1,0,0,1,0,0,0.9684,-0.2187,0.8328,1]},
{"frame":277,"values":[-1,0,0,0,0,0,1,0,0,1,0,0,0.9566,-0.2187,0.8328,1]},
{"frame":278,"values":[-1,0,0,0,0,0,1,0,0,1,0,0,0.9432,-0.2187,0.8328,1]},
{"frame":279,"values":[-1,0,0,0,0,0,1,0,0,1,0,0,0.9286,-0.2187,0.8328,1]},
{"frame":280,"values":[-1,0,0,0,0,0,1,0,0,1,0,0,0.9132,-0.2187,0.8328,1]},
{"frame":281,"values":[-1,0,0,0,0,0,1,0,0,1,0,0,0.8976,-0.2187,0.8328,1]},
{"frame":282,"values":[-1,0,0,0,0,0,1,0,0,1,0,0,0.8822,-0.2187,0.8328,1]},
{"frame":283,"values":[-1,0,0,0,0,0,1,0,0,1,0,0,0.8676,-0.2187,0.8328,1]},
{"frame":284,"values":[-1,0,0,0,0,0,1,0,0,1,0,0,0.8542,-0.2187,0.8328,1]},
{"frame":285,"values":[-1,0,0,0,0,0,1,0,0,1,0,0,0.8424,-0.2187,0.8328,1]},
{"frame":286,"values":[-1,0,0,0,0,0,1,0,0,1,0,0,0.8325,-0.2187,0.8328,1]},
{"frame":287,"values":[-1,0,0,0,0,0,1,0,0,1,0,0,0.8247,-0.2187,0.8328,1]},
{"frame":288,"values":[-1,0,0,0,0,0,1,0,0,1,0,0,0.8191,-0.2187,0.8328,1]},
{"frame":289,"values":[-1,0,0,0,0,0,1,0,0,1,0,0,0.8157,-0.2187,0.8328,1]},
{"frame":290,"values":[-1,0,0,0,0,0,1,0,0,1,0,0,0.8146,-0.2187,0.8328,1]},
{"frame":291,"values":[-1,0,0,0,0,0,1,0,0,1,0,0,0.8157,-0.2187,0.8328,1]},
{"frame":292,"values":[-1,0,0,0,0,0,1,0,0,1,0,0,0.8191,-0.2187,0.8328,1]},
{"frame":293,"values":[-1,0,0,0,0,0,1,0,0,1,0,0,0.8247,-0.2187,0.8328,1]},
{"frame":294,"values":[-1,0,0,0,0,0,1,0,0,1,0,0,0.8325,-0.2187,0.8328,1]},
{"frame":295,"values":[-1,0,0,0,0,0,1,0,0,1,0,0,0.8424,-0.2187,0.8328,1]},
{"frame":296,"values":[-1,0,0,0,0,0,1,0,0,1,0,0,0.8542,-0.2187,0.8328,1]},
{"frame":297,"values":[-1,0,0,0,0,0,1,0,0,1,0,0,0.8676,-0.2187,0.8328,1]},
{"frame":298,"values":[-1,0,0,0,0,0,1,0,0,1,0,0,0.8822,-0.2187,0.8328,1]},
{"frame":299,"values":[-1,0,0,0,0,0,1,0,0,1,0,0,0.8976,-0.2187,0.8328,1]},
{"frame":300,"values":[-1,0,0,0,0,0,1,0,0,1,0,0,0.9132,-0.2187,0.8328,1]},
{"frame":301,"values":[-1,0,0,0,0,0,1,0,0,1,0,0,0.9286,-0.2187,0.8328,1]},
{"frame":302,"values":[-1,0,0,0,0,0,1,0,0,1,0,0,0.9432,-0.2187,0.8328,1]},
{"frame":303,"values":[-1,0,0,0,0,0,1,0,0,1,0,0,0.9566,-0.2187,0.8328,1]},
{"frame":304,"values":[-1,0,0,0,0,0,1,0,0,1,0,0,0.9684,-0.2187,0.8328,1]},
{"frame":305,"values":[-1,0,0,0,0,0,1,0,0,1,0,0,0.9783,-0.2187,0.8328,1]},
{"frame":306,"values":[-1,0,0,0,0,0,1,0,0,1,0,0,0.9861,-0.2187,0.8328,1]},
{"frame":307,"values":[-1,0,0,0,0,0,1,0,0,1,0,0,0.9917,-0.2187,0.8328,1]},
{"frame":308,"values":[-1,0,0,0,0,0,1,0,0,1,0,0,0.9951,-0.2187,0.8328,1]},
{"frame":309,"values":[-1,0,0,0,0,0,1,0,0,1,0,0,0.9962,-0.2187,0.8328,1]},
{"frame":321,"values":[-1,0,0,0,0,0,1,0,0,1,0,0,0.9962,-0.2187,0.8328,1]},
{"frame":322,"values":[-1,0,0,0,0,0,1,0,0,1,0,0,0.9946,-0.2187,0.8328,1]},
{"frame":323,"values":[-1,0,0,0,0,0,1,0,0,1,0,0,0.9899,-0.2187,0.8328,1]},
{"frame":324,"values":[-1,0,0,0,0,0,1,0,0,1,0,0,0.982,-0.2187,0.8328,1]},
{"frame":325,"values":[-1,0,0,0,0,0,1,0,0,1,0,0,0.9711,-0.2187,0.8328,1]},
{"frame":326,"values":[-1,0,0,0,0,0,1,0,0,1,0,0,0.9574,-0.2187,0.8328,1]},
{"frame":327,"values":[-1,0,0,0,0,0,1,0,0,1,0,0,0.9415,-0.2187,0.8328,1]},
{"frame":328,"values":[-1,0,0,0,0,0,1,0,0,1,0,0,0.9239,-0.2187,0.8328,1]},
{"frame":329,"values":[-1,0,0,0,0,0,1,0,0,1,0,0,0.9054,-0.2187,0.8328,1]},
{"frame":330,"values":[-1,0,0,0,0,0,1,0,0,1,0,0,0.8869,-0.2187,0.8328,1]},
{"frame":331,"values":[-1,0,0,0,0,0,1,0,0,1,0,0,0.8693,-0.2187,0.8328,1]},
{"frame":332,"values":[-1,0,0,0,0,0,1,0,0,1,0,0,0.8534,-0.2187,0.8328,1]},
{"frame":333,"values":[-1,0,0,0,0,0,1,0,0,1,0,0,0.8397,-0.2187,0.8328,1]},
{"frame":334,"values":[-1,0,0,0,0,0,1,0,0,1,0,0,0.8288,-0.2187,0.8328,1]},
{"frame":335,"values":[-1,0,0,0,0,0,1,0,0,1,0,0,0.8209,-0.2187,0.8328,1]},
{"frame":336,"values":[-1,0,0,0,0,0,1,0,0,1,0,0,0.8162,-0.2187,0.8328,1]},
{"frame":337,"values":[-1,0,0,0,0,0,1,0,0,1,0,0,0.8146,-0.2187,0.8328,1]},
{"frame":338,"values":[-1,0,0,0,0,0,1,0,0,1,0,0,0.8162,-0.2187,0.8328,1]},
{"frame":339,"values":[-1,0,0,0,0,0,1,0,0,1,0,0,0.8209,-0.2187,0.8328,1]},
{"frame":340,"values":[-1,0,0,0,0,0,1,0,0,1,0,0,0.8288,-0.2187,0.8328,1]},
{"frame":341,"values":[-1,0,0,0,0,0,1,0,0,1,0,0,0.8397,-0.2187,0.8328,1]},
{"frame":342,"values":[-1,0,0,0,0,0,1,0,0,1,0,0,0.8534,-0.2187,0.8328,1]},
{"frame":343,"values":[-1,0,0,0,0,0,1,0,0,1,0,0,0.8693,-0.2187,0.8328,1]},
{"frame":344,"values":[-1,0,0,0,0,0,1,0,0,1,0,0,0.8869,-0.2187,0.8328,1]},
{"frame":345,"values":[-1,0,0,0,0,0,1,0,0,1,0,0,0.9054,-0.2187,0.8328,1]},
{"frame":346,"values":[-1,0,0,0,0,0,1,0,0,1,0,0,0.9239,-0.2187,0.8328,1]},
{"frame":347,"values":[-1,0,0,0,0,0,1,0,0,1,0,0,0.9415,-0.2187,0.8328,1]},
{"frame":348,"values":[-1,0,0,0,0,0,1,0,0,1,0,0,0.9574,-0.2187,0.8328,1]},
{"frame":349,"values":[-1,0,0,0,0,0,1,0,0,1,0,0,0.9711,-0.2187,0.8328,1]},
{"frame":350,"values":[-1,0,0,0,0,0,1,0,0,1,0,0,0.982,-0.2187,0.8328,1]},
{"frame":351,"values":[-1,0,0,0,0,0,1,0,0,1,0,0,0.9899,-0.2187,0.8328,1]},
{"frame":352,"values":[-1,0,0,0,0,0,1,0,0,1,0,0,0.9946,-0.2187,0.8328,1]},
{"frame":353,"values":[-1,0,0,0,0,0,1,0,0,1,0,0,0.9962,-0.2187,0.8328,1]},
{"frame":360,"values":[-1,0,0,0,0,0,1,0,0,1,0,0,0.7045,-0.2187,0.8328,1]},
{"frame":361,"values":[-1,0,0,0,0,0,1,0,0,1,0,0,0.7084,-0.2187,0.8328,1]},
{"frame":362,"values":[-1,0,0,0,0,0,1,0,0,1,0,0,0.7199,-0.2187,0.8328,1]},
{"frame":363,"values":[-1,0,0,0,0,0,1,0,0,1,0,0,0.739,-0.2187,0.8328,1]},
{"frame":364,"values":[-1,0,0,0,0,0,1,0,0,1,0,0,0.765,-0.2187,0.8328,1]},
{"frame":365,"values":[-1,0,0,0,0,0,1,0,0,1,0,0,0.7966,-0.2187,0.8328,1]},
{"frame":366,"values":[-1,0,0,0,0,0,1,0,0,1,0,0,0.832,-0.2187,0.8328,1]},
{"frame":367,"values":[-1,0,0,0,0,0,1,0,0,1,0,0,0.8687,-0.2187,0.8328,1]},
{"frame":368,"values":[-1,0,0,0,0,0,1,0,0,1,0,0,0.9041,-0.2187,0.8328,1]},
{"frame":369,"values":[-1,0,0,0,0,0,1,0,0,1,0,0,0.9357,-0.2187,0.8328,1]},
{"frame":370,"values":[-1,0,0,0,0,0,1,0,0,1,0,0,0.9617,-0.2187,0.8328,1]},
{"frame":371,"values":[-1,0,0,0,0,0,1,0,0,1,0,0,0.9808,-0.2187,0.8328,1]},
{"frame":372,"values":[-1,0,0,0,0,0,1,0,0,1,0,0,0.9923,-0.2187,0.8328,1]},
{"frame":373,"values":[-1,0,0,0,0,0,1,0,0,1,0,0,0.9962,-0.2187,0.8328,1]},
{"frame":380,"values":[-1,0,0,0,0,0,1,0,0,1,0,0,0.7045,-0.2187,0.8328,1]},
{"frame":381,"values":[-1,0,0,0,0,0,1,0,0,1,0,0,0.7084,-0.2187,0.8328,1]},
{"frame":382,"values":[-1,0,0,0,0,0,1,0,0,1,0,0,0.7199,-0.2187,0.8328,1]},
{"frame":383,"values":[-1,0,0,0,0,0,1,0,0,1,0,0,0.739,-0.2187,0.8328,1]},
{"frame":384,"values":[-1,0,0,0,0,0,1,0,0,1,0,0,0.765,-0.2187,0.8328,1]},
{"frame":385,"values":[-1,0,0,0,0,0,1,0,0,1,0,0,0.7966,-0.2187,0.8328,1]},
{"frame":386,"values":[-1,0,0,0,0,0,1,0,0,1,0,0,0.832,-0.2187,0.8328,1]},
{"frame":387,"values":[-1,0,0,0,0,0,1,0,0,1,0,0,0.8687,-0.2187,0.8328,1]},
{"frame":388,"values":[-1,0,0,0,0,0,1,0,0,1,0,0,0.9041,-0.2187,0.8328,1]},
{"frame":389,"values":[-1,0,0,0,0,0,1,0,0,1,0,0,0.9357,-0.2187,0.8328,1]},
{"frame":390,"values":[-1,0,0,0,0,0,1,0,0,1,0,0,0.9617,-0.2187,0.8328,1]},
{"frame":391,"values":[-1,0,0,0,0,0,1,0,0,1,0,0,0.9808,-0.2187,0.8328,1]},
{"frame":392,"values":[-1,0,0,0,0,0,1,0,0,1,0,0,0.9923,-0.2187,0.8328,1]},
{"frame":393,"values":[-1,0,0,0,0,0,1,0,0,1,0,0,0.9962,-0.2187,0.8328,1]},
{"frame":400,"values":[-1,0,0,0,0,0,1,0,0,1,0,0,0.7045,-0.2187,0.8328,1]},
{"frame":416,"values":[-1,0,0,0,0,0,1,0,0,1,0,0,0.7045,-0.2187,0.8328,1]},
{"frame":430,"values":[-1,0,0,0,0,0,1,0,0,1,0,0,0.7045,-0.2187,0.8328,1]},
{"frame":431,"values":[-1,0,0,0,0,0,1,0,0,1,0,0,0.7045,-0.2187,0.8328,1]}],"loopBehavior":1,"name":"anim","property":"_matrix"}},
{"name":"pelvis","index":3,"matrix":[-1,0,0,0,0,-0.0018,1,0,0,1,0.0018,0,0,0.0138,0.325,1],"rest":[-1,0,0,0,0,-0.0018,1,0,0,1,0.0018,0,0,0.0138,0.325,1],"parentBoneIndex":0,"length":0.1352
,"animation":{"dataType":3,"framePerSecond":24,"keys":[
{"frame":1,"values":[-1,0,0,0,0,-0.0018,1,0,0,1,0.0018,0,0,0.0138,0.325,1]},
{"frame":13,"values":[-1,0,0,0,0,-0.0018,1,0,0,1,0.0018,0,0,0.0138,0.325,1]},
{"frame":20,"values":[-1,0,0,0,0,-0.0018,1,0,0,1,0.0018,0,0,0.0138,0.325,1]},
{"frame":21,"values":[-1,0,0,0,0,-0.0018,1,0,0,1,0.0018,0,0,0.0138,0.325,1]},
{"frame":30,"values":[-1,0,0,0,0,-0.0018,1,0,0,1,0.0018,0,0,0.0138,0.325,1]},
{"frame":31,"values":[-1,0,0,0,0,-0.0018,1,0,0,1,0.0018,0,0,0.0138,0.325,1]},
{"frame":40,"values":[-1,0,0,0,0,-0.0018,1,0,0,1,0.0018,0,0,0.0138,0.325,1]},
{"frame":41,"values":[-1,0,0,0,0,-0.0018,1,0,0,1,0.0018,0,0,0.0138,0.325,1]},
{"frame":50,"values":[-1,0,0,0,0,-0.0018,1,0,0,1,0.0018,0,0,0.0138,0.325,1]},
{"frame":51,"values":[-1,0,0,0,0,-0.0018,1,0,0,1,0.0018,0,0,0.0138,0.325,1]},
{"frame":60,"values":[-1,0,0,0,0,-0.0018,1,0,0,1,0.0018,0,0,0.0138,0.325,1]},
{"frame":61,"values":[-1,0,0,0,0,-0.0018,1,0,0,1,0.0018,0,0,0.0138,0.325,1]},
{"frame":70,"values":[-1,0,0,0,0,-0.0018,1,0,0,1,0.0018,0,0,0.0138,0.325,1]},
{"frame":71,"values":[-1,0,0,0,0,-0.0018,1,0,0,1,0.0018,0,0,0.0138,0.325,1]},
{"frame":80,"values":[-1,0,0,0,0,-0.0018,1,0,0,1,0.0018,0,0,0.0138,0.325,1]},
{"frame":81,"values":[-1,0,0,0,0,-0.0018,1,0,0,1,0.0018,0,0,0.0138,0.325,1]},
{"frame":90,"values":[-1,0,0,0,0,-0.0018,1,0,0,1,0.0018,0,0,0.0138,0.325,1]},
{"frame":91,"values":[-1,0,0,0,0,-0.0018,1,0,0,1,0.0018,0,0,0.0138,0.325,1]},
{"frame":100,"values":[-1,0,0,0,0,-0.0018,1,0,0,1,0.0018,0,0,0.0138,0.325,1]},
{"frame":101,"values":[-1,0,0,0,0,-0.0018,1,0,0,1,0.0018,0,0,0.0138,0.325,1]},
{"frame":111,"values":[-1,0,0,0,0,-0.0018,1,0,0,1,0.0018,0,0,0.0138,0.325,1]},
{"frame":112,"values":[-1,-0.0011,-0.0001,0,-0.0001,-0.0006,1,0,-0.0011,1,0.0006,0,0,0.0138,0.325,1]},
{"frame":113,"values":[-1,-0.0046,-0.0002,0,-0.0002,0.0032,1,0,-0.0046,1,-0.0032,0,0,0.0138,0.325,1]},
{"frame":114,"values":[-0.9999,-0.0103,-0.0004,0,-0.0005,0.0094,1,0,-0.0103,0.9999,-0.0094,0,0,0.0138,0.325,1]},
{"frame":115,"values":[-0.9998,-0.0181,-0.0007,0,-0.001,0.0179,0.9998,0,-0.018,0.9997,-0.0179,0,0,0.0138,0.325,1]},
{"frame":116,"values":[-0.9996,-0.0275,-0.0009,0,-0.0017,0.0282,0.9996,0,-0.0275,0.9992,-0.0282,0,0,0.0138,0.325,1]},
{"frame":117,"values":[-0.9993,-0.0381,-0.001,0,-0.0025,0.0397,0.9992,0,-0.0381,0.9985,-0.0397,0,0,0.0138,0.325,1]},
{"frame":118,"values":[-0.9988,-0.0491,-0.001,0,-0.0036,0.0516,0.9987,0,-0.049,0.9975,-0.0517,0,0,0.0138,0.325,1]},
{"frame":119,"values":[-0.9982,-0.0597,-0.0009,0,-0.0047,0.063,0.998,0,-0.0595,0.9962,-0.0632,0,0,0.0138,0.325,1]},
{"frame":120,"values":[-0.9976,-0.0691,-0.0007,0,-0.0058,0.0733,0.9973,0,-0.0689,0.9949,-0.0735,0,0,0.0138,0.325,1]},
{"frame":121,"values":[-0.997,-0.0769,-0.0004,0,-0.0067,0.0817,0.9966,0,-0.0766,0.9937,-0.0819,0,0,0.0138,0.325,1]},
{"frame":122,"values":[-0.9966,-0.0826,-0.0002,0,-0.0075,0.0878,0.9961,0,-0.0822,0.9927,-0.0881,0,0,0.0138,0.325,1]},
{"frame":123,"values":[-0.9963,-0.086,-0.0001,0,-0.008,0.0915,0.9958,0,-0.0856,0.9921,-0.0919,0,0,0.0138,0.325,1]},
{"frame":124,"values":[-0.9962,-0.0871,0,0,-0.0081,0.0928,0.9957,0,-0.0868,0.9919,-0.0931,0,0,0.0138,0.325,1]},
{"frame":125,"values":[-0.9963,-0.0863,0,0,-0.008,0.0918,0.9957,0,-0.0859,0.992,-0.0922,0,0,0.0138,0.325,1]},
{"frame":126,"values":[-0.9965,-0.0837,-0.0002,0,-0.0076,0.0891,0.996,0,-0.0834,0.9925,-0.0894,0,0,0.0138,0.325,1]},
{"frame":127,"values":[-0.9968,-0.0794,-0.0003,0,-0.0071,0.0844,0.9964,0,-0.0791,0.9933,-0.0847,0,0,0.0138,0.325,1]},
{"frame":128,"values":[-0.9973,-0.0735,-0.0005,0,-0.0063,0.078,0.9969,0,-0.0732,0.9942,-0.0783,0,0,0.0138,0.325,1]},
{"frame":129,"values":[-0.9978,-0.0661,-0.0008,0,-0.0054,0.07,0.9975,0,-0.0659,0.9953,-0.0702,0,0,0.0138,0.325,1]},
{"frame":130,"values":[-0.9983,-0.0576,-0.0009,0,-0.0044,0.0608,0.9981,0,-0.0575,0.9965,-0.061,0,0,0.0138,0.325,1]},
{"frame":131,"values":[-0.9988,-0.0484,-0.001,0,-0.0035,0.0508,0.9987,0,-0.0483,0.9975,-0.0509,0,0,0.0138,0.325,1]},
{"frame":132,"values":[-0.9992,-0.0389,-0.001,0,-0.0026,0.0404,0.9992,0,-0.0388,0.9984,-0.0405,0,0,0.0138,0.325,1]},
{"frame":133,"values":[-0.9996,-0.0296,-0.0009,0,-0.0018,0.0304,0.9995,0,-0.0295,0.9991,-0.0304,0,0,0.0138,0.325,1]},
{"frame":134,"values":[-0.9998,-0.0211,-0.0008,0,-0.0012,0.0211,0.9998,0,-0.021,0.9996,-0.0211,0,0,0.0138,0.325,1]},
{"frame":135,"values":[-0.9999,-0.0137,-0.0005,0,-0.0007,0.0131,0.9999,0,-0.0137,0.9998,-0.0131,0,0,0.0138,0.325,1]},
{"frame":136,"values":[-1,-0.0077,-0.0003,0,-0.0004,0.0066,1,0,-0.0077,0.9999,-0.0066,0,0,0.0138,0.325,1]},
{"frame":137,"values":[-1,-0.0034,-0.0002,0,-0.0002,0.0019,1,0,-0.0034,1,-0.0019,0,0,0.0138,0.325,1]},
{"frame":138,"values":[-1,-0.0008,0,0,0,-0.0009,1,0,-0.0008,1,0.0009,0,0,0.0138,0.325,1]},
{"frame":139,"values":[-1,0,0,0,0,-0.0018,1,0,0,1,0.0018,0,0,0.0138,0.325,1]},
{"frame":151,"values":[-1,0,0,0,0,-0.0018,1,0,0,1,0.0018,0,0,0.0138,0.325,1]},
{"frame":198,"values":[-1,0,0,0,0,-0.0018,1,0,0,1,0.0018,0,0,0.0138,0.325,1]},
{"frame":210,"values":[-0.999,0.0412,0.0181,0,0.0088,-0.2163,0.9763,0,0.0441,0.9755,0.2157,0,0,0.0138,0.0712,1]},
{"frame":211,"values":[-0.999,0.0412,0.0181,0,0.0088,-0.2163,0.9763,0,0.0441,0.9755,0.2157,0,0,0.0138,0.0712,1]},
{"frame":220,"values":[-0.9848,0.1738,-0.0022,0,0.009,0.0637,0.9979,0,0.1736,0.9827,-0.0643,0,0,0.0138,0.325,1]},
{"frame":221,"values":[-0.9852,0.1715,-0.0019,0,0.0085,0.0597,0.9982,0,0.1713,0.9834,-0.0602,0,0,0.0138,0.325,1]},
{"frame":222,"values":[-0.9864,0.1643,-0.0012,0,0.0068,0.0479,0.9988,0,0.1642,0.9852,-0.0484,0,0,0.0138,0.325,1]},
{"frame":223,"values":[-0.9883,0.1523,-0.0003,0,0.0045,0.031,0.9995,0,0.1523,0.9878,-0.0313,0,0,0.0138,0.325,1]},
{"frame":224,"values":[-0.9907,0.1357,0.0003,0,0.0022,0.014,0.9999,0,0.1357,0.9906,-0.0142,0,0,0.0138,0.325,1]},
{"frame":225,"values":[-0.9934,0.1148,0.0004,0,0.0007,0.0022,1,0,0.1148,0.9934,-0.0023,0,0,0.0138,0.325,1]},
{"frame":226,"values":[-0.9959,0.09,0.0001,0,-0.0001,-0.0018,1,0,0.09,0.9959,0.0018,0,0,0.0138,0.325,1]},
{"frame":227,"values":[-0.9981,0.062,-0.0004,0,-0.0004,0.0006,1,0,0.062,0.9981,-0.0006,0,0,0.0138,0.325,1]},
{"frame":228,"values":[-0.9995,0.0316,-0.0008,0,-0.0006,0.0078,1,0,0.0316,0.9995,-0.0077,0,0,0.0138,0.325,1]},
{"frame":229,"values":[-1,0,-0.0009,0,-0.0009,0.0193,0.9998,0,0,0.9998,-0.0193,0,0,0.0138,0.325,1]},
{"frame":230,"values":[-0.9995,-0.0316,-0.0005,0,-0.0015,0.0339,0.9994,0,-0.0316,0.9989,-0.0339,0,0,0.0138,0.325,1]},
{"frame":231,"values":[-0.9981,-0.0619,0.0004,0,-0.0027,0.0496,0.9988,0,-0.0619,0.9968,-0.0497,0,0,0.0138,0.325,1]},
{"frame":232,"values":[-0.9959,-0.0899,0.0015,0,-0.0043,0.0641,0.9979,0,-0.0899,0.9939,-0.0642,0,0,0.0138,0.325,1]},
{"frame":233,"values":[-0.9934,-0.1147,0.0026,0,-0.0061,0.0754,0.9971,0,-0.1146,0.9905,-0.0756,0,0,0.0138,0.325,1]},
{"frame":234,"values":[-0.9908,-0.1355,0.0034,0,-0.0079,0.0824,0.9966,0,-0.1353,0.9873,-0.0827,0,0,0.0138,0.325,1]},
{"frame":235,"values":[-0.9884,-0.152,0.0035,0,-0.0094,0.0846,0.9964,0,-0.1517,0.9848,-0.0851,0,0,0.0138,0.325,1]},
{"frame":236,"values":[-0.9865,-0.164,0.0022,0,-0.0112,0.0809,0.9967,0,-0.1636,0.9831,-0.0817,0,0,0.0138,0.325,1]},
{"frame":237,"values":[-0.9852,-0.1714,-0.0006,0,-0.013,0.0715,0.9974,0,-0.1709,0.9826,-0.0727,0,0,0.0138,0.325,1]},
{"frame":238,"values":[-0.9848,-0.1739,-0.0022,0,-0.0133,0.063,0.9979,0,-0.1734,0.9827,-0.0643,0,0,0.0138,0.325,1]},
{"frame":239,"values":[-0.985,-0.1723,-0.0023,0,-0.0121,0.0559,0.9984,0,-0.1719,0.9834,-0.0572,0,0,0.0138,0.325,1]},
{"frame":240,"values":[-0.986,-0.1669,-0.0015,0,-0.0096,0.048,0.9988,0,-0.1666,0.9848,-0.0489,0,0,0.0138,0.325,1]},
{"frame":241,"values":[-0.9876,-0.1571,0,0,-0.0064,0.0402,0.9992,0,-0.157,0.9868,-0.0407,0,0,0.0138,0.325,1]},
{"frame":242,"values":[-0.9896,-0.1435,0.0017,0,-0.0032,0.0339,0.9994,0,-0.1435,0.9891,-0.034,0,0,0.0138,0.325,1]},
{"frame":243,"values":[-0.9918,-0.1275,0.0028,0,-0.001,0.0301,0.9995,0,-0.1275,0.9914,-0.0299,0,0,0.0138,0.325,1]},
{"frame":244,"values":[-0.9939,-0.1105,0.0031,0,-0.0001,0.0288,0.9996,0,-0.1106,0.9935,-0.0287,0,0,0.0138,0.325,1]},
{"frame":245,"values":[-0.9958,-0.0911,0.0028,0,0,0.0304,0.9995,0,-0.0911,0.9954,-0.0303,0,0,0.0138,0.325,1]},
{"frame":246,"values":[-0.9978,-0.0669,0.0022,0,-0.0001,0.035,0.9994,0,-0.0669,0.9971,-0.035,0,0,0.0138,0.325,1]},
{"frame":247,"values":[-0.9993,-0.0383,0.0013,0,-0.0003,0.0425,0.9991,0,-0.0383,0.9984,-0.0425,0,0,0.0138,0.325,1]},
{"frame":248,"values":[-1,-0.0063,-0.0001,0,-0.0004,0.052,0.9986,0,-0.0062,0.9986,-0.052,0,0,0.0138,0.325,1]},
{"frame":249,"values":[-0.9996,0.0277,-0.0019,0,-0.0001,0.0622,0.9981,0,0.0278,0.9977,-0.0622,0,0,0.0138,0.325,1]},
{"frame":250,"values":[-0.9981,0.0618,-0.0039,0,0.0005,0.0717,0.9974,0,0.0619,0.9955,-0.0716,0,0,0.0138,0.325,1]},
{"frame":251,"values":[-0.9956,0.0937,-0.006,0,0.0015,0.0791,0.9969,0,0.0939,0.9925,-0.0789,0,0,0.0138,0.325,1]},
{"frame":252,"values":[-0.9925,0.1216,-0.0077,0,0.0025,0.0836,0.9965,0,0.1218,0.989,-0.0833,0,0,0.0138,0.325,1]},
{"frame":253,"values":[-0.9895,0.1441,-0.0089,0,0.0035,0.0851,0.9964,0,0.1443,0.9859,-0.0847,0,0,0.0138,0.325,1]},
{"frame":254,"values":[-0.987,0.1605,-0.0077,0,0.0053,0.0799,0.9968,0,0.1605,0.9838,-0.0797,0,0,0.0138,0.325,1]},
{"frame":255,"values":[-0.9854,0.1705,-0.004,0,0.0079,0.0689,0.9976,0,0.1704,0.9829,-0.0692,0,0,0.0138,0.325,1]},
{"frame":256,"values":[-0.9848,0.1738,-0.0022,0,0.009,0.0637,0.9979,0,0.1736,0.9827,-0.0643,0,0,0.0138,0.325,1]},
{"frame":271,"values":[-0.9848,0.1738,-0.0022,0,0.009,0.0637,0.9979,0,0.1736,0.9827,-0.0643,0,0,0.0138,0.325,1]},
{"frame":272,"values":[-0.9853,0.171,-0.004,0,0.0079,0.0689,0.9976,0,0.1708,0.9829,-0.0692,0,0,0.0138,0.325,1]},
{"frame":273,"values":[-0.9867,0.1625,-0.0077,0,0.0053,0.0799,0.9968,0,0.1625,0.9835,-0.0797,0,0,0.0138,0.325,1]},
{"frame":274,"values":[-0.9889,0.1486,-0.009,0,0.0037,0.0851,0.9964,0,0.1488,0.9852,-0.0847,0,0,0.0138,0.325,1]},
{"frame":275,"values":[-0.9915,0.1295,-0.0081,0,0.0029,0.0839,0.9965,0,0.1298,0.988,-0.0836,0,0,0.0138,0.325,1]},
{"frame":276,"values":[-0.9944,0.1056,-0.0066,0,0.0019,0.0802,0.9968,0,0.1057,0.9912,-0.08,0,0,0.0138,0.325,1]},
{"frame":277,"values":[-0.997,0.0776,-0.0048,0,0.001,0.0741,0.9972,0,0.0777,0.9942,-0.074,0,0,0.0138,0.325,1]},
{"frame":278,"values":[-0.9989,0.047,-0.0029,0,0.0003,0.0662,0.9978,0,0.0471,0.9967,-0.0661,0,0,0.0138,0.325,1]},
{"frame":279,"values":[-0.9999,0.0155,-0.0011,0,-0.0002,0.0571,0.9984,0,0.0155,0.9982,-0.0571,0,0,0.0138,0.325,1]},
{"frame":280,"values":[-0.9999,-0.0155,0.0004,0,-0.0003,0.048,0.9988,0,-0.0155,0.9987,-0.048,0,0,0.0138,0.325,1]},
