{"producer":{"name":"Blender","version":"2.79 (sub 0)","exporter_version":"5.6.2","file":"fox.babylon"},
"autoClear":true,"clearColor":[0.0509,0.0509,0.0509],"ambientColor":[0,0,0],"gravity":[0,-9.81,0],
"materials":[{"name":"fox.fox","id":"fox.fox","ambient":[0.8,0.8,0.8],"diffuse":[0.64,0.64,0.64],"specular":[0,0,0],"emissive":[0,0,0],"specularPower":50,"alpha":1,"backFaceCulling":true,"checkReadyOnlyOnce":false,"maxSimultaneousLights":4, 
"diffuseTexture":{"name":"fox.png","level":1,"hasAlpha":1,"coordinatesMode":0,"uOffset":0,"vOffset":0,"uScale":1,"vScale":1,"uAng":0,"vAng":0,"wAng":0,"wrapU":1,"wrapV":1,"coordinatesIndex":0}}],
"multiMaterials":[],
"skeletons":[{"name":"characterSkeleton","id":0,"dimensionsAtRest":[1.1595,1.3129,0.8566],"bones":[
{"name":"ROOT","index":0,"matrix":[1,0,0,0,0,0,1,0,0,1,0,0,0,0,0,1],"rest":[1,0,0,0,0,0,1,0,0,1,0,0,0,0,0,1],"parentBoneIndex":-1,"length":0.2113
,"animation":{"dataType":3,"framePerSecond":24,"keys":[
{"frame":1,"values":[1,0,0,0,0,0,1,0,0,1,0,0,0,0,0,1]},
{"frame":13,"values":[1,0,0,0,0,0,1,0,0,1,0,0,0,0,0,1]},
{"frame":20,"values":[1,0,0,0,0,0,1,0,0,1,0,0,0,0,0,1]},
{"frame":21,"values":[1,0,0,0,0,0,1,0,0,1,0,0,0,0,0,1]},
{"frame":30,"values":[1,0,0,0,0,0,1,0,0,1,0,0,0,0,0,1]},
{"frame":31,"values":[1,0,0,0,0,0,1,0,0,1,0,0,0,0,0,1]},
{"frame":40,"values":[1,0,0,0,0,0,1,0,0,1,0,0,0,0,0,1]},
{"frame":41,"values":[1,0,0,0,0,0,1,0,0,1,0,0,0,0,0,1]},
{"frame":50,"values":[1,0,0,0,0,0,1,0,0,1,0,0,0,0,0,1]},
{"frame":51,"values":[1,0,0,0,0,0,1,0,0,1,0,0,0,0,0,1]},
{"frame":60,"values":[1,0,0,0,0,0,1,0,0,1,0,0,0,0,0,1]},
{"frame":61,"values":[1,0,0,0,0,0,1,0,0,1,0,0,0,0,0,1]},
{"frame":70,"values":[1,0,0,0,0,0,1,0,0,1,0,0,0,0,0,1]},
{"frame":71,"values":[1,0,0,0,0,0,1,0,0,1,0,0,0,0,0,1]},
{"frame":80,"values":[1,0,0,0,0,0,1,0,0,1,0,0,0,0,0,1]},
{"frame":81,"values":[1,0,0,0,0,0,1,0,0,1,0,0,0,0,0,1]},
{"frame":90,"values":[1,0,0,0,0,0,1,0,0,1,0,0,0,0,0,1]},
{"frame":91,"values":[1,0,0,0,0,0,1,0,0,1,0,0,0,0,0,1]},
{"frame":100,"values":[1,0,0,0,0,0,1,0,0,1,0,0,0,0,0,1]},
{"frame":101,"values":[1,0,0,0,0,0,1,0,0,1,0,0,0,0,0,1]},
{"frame":110,"values":[1,0,0,0,0,0,1,0,0,1,0,0,0,0,0,1]},
{"frame":134,"values":[1,0,0,0,0,0,1,0,0,1,0,0,0,0,0,1]},
{"frame":140,"values":[1,0,0,0,0,0,1,0,0,1,0,0,0,0,0,1]},
{"frame":188,"values":[1,0,0,0,0,0,1,0,0,1,0,0,0,0,0,1]},
{"frame":200,"values":[1,0,0,0,0,0,1,0,0,1,0,0,0,0,0,1]},
{"frame":201,"values":[1,0,0,0,0,0,1,0,0,1,0,0,0,0,0,1]},
{"frame":210,"values":[1,0,0,0,0,0,1,0,0,1,0,0,0,0,0,1]},
{"frame":211,"values":[1,0,0,0,0,0,1,0,0,1,0,0,0,0,0,1]},
{"frame":220,"values":[1,0,0,0,0,0,1,0,0,1,0,0,0,0,0,1]},
{"frame":257,"values":[1,0,0,0,0,0,1,0,0,1,0,0,0,0,0,1]},
{"frame":270,"values":[1,0,0,0,0,0,1,0,0,1,0,0,0,0,0,1]},
{"frame":307,"values":[1,0,0,0,0,0,1,0,0,1,0,0,0,0,0,1]},
{"frame":320,"values":[1,0,0,0,0,0,1,0,0,1,0,0,0,0,0,1]},
{"frame":321,"values":[1,0,0,0,0,0,1,0,0,1,0,0,0,0,0,1]}],"loopBehavior":1,"name":"anim","property":"_matrix"}},
{"name":"POLE.elbow.l","index":1,"matrix":[-1,0,0,0,0,0,1,0,0,1,0,0,-0.2587,-0.2133,0.8125,1],"rest":[-1,0,0,0,0,0,1,0,0,1,0,0,-0.2587,-0.2133,0.8125,1],"parentBoneIndex":0,"length":0.2113
,"animation":{"dataType":3,"framePerSecond":24,"keys":[
{"frame":1,"values":[-1,0,0,0,0,0,1,0,0,1,0,0,-0.2587,-0.2133,0.8125,1]},
{"frame":13,"values":[-1,0,0,0,0,0,1,0,0,1,0,0,-0.2587,-0.2133,0.8125,1]},
{"frame":20,"values":[-1,0,0,0,0,0,1,0,0,1,0,0,-0.2587,-0.2133,0.8125,1]},
{"frame":21,"values":[-1,0,0,0,0,0,1,0,0,1,0,0,-0.2587,-0.2133,0.8125,1]},
{"frame":30,"values":[-1,0,0,0,0,0,1,0,0,1,0,0,-0.2587,-0.2133,0.8125,1]},
{"frame":31,"values":[-1,0,0,0,0,0,1,0,0,1,0,0,-0.2587,-0.2133,0.8125,1]},
{"frame":40,"values":[-1,0,0,0,0,0,1,0,0,1,0,0,-0.2587,-0.2133,0.8125,1]},
{"frame":41,"values":[-1,0,0,0,0,0,1,0,0,1,0,0,-0.2587,-0.2133,0.8125,1]},
{"frame":50,"values":[-1,0,0,0,0,0,1,0,0,1,0,0,-0.2587,-0.2133,0.8125,1]},
{"frame":51,"values":[-1,0,0,0,0,0,1,0,0,1,0,0,-0.2587,-0.2133,0.8125,1]},
{"frame":60,"values":[-1,0,0,0,0,0,1,0,0,1,0,0,-0.2587,-0.2133,0.8125,1]},
{"frame":61,"values":[-1,0,0,0,0,0,1,0,0,1,0,0,-0.2587,-0.2133,0.8125,1]},
{"frame":70,"values":[-1,0,0,0,0,0,1,0,0,1,0,0,-0.2587,-0.2133,0.8125,1]},
{"frame":71,"values":[-1,0,0,0,0,0,1,0,0,1,0,0,-0.2587,-0.2133,0.8125,1]},
{"frame":80,"values":[-1,0,0,0,0,0,1,0,0,1,0,0,-0.2587,-0.2133,0.8125,1]},
{"frame":81,"values":[-1,0,0,0,0,0,1,0,0,1,0,0,-0.2587,-0.2133,0.8125,1]},
{"frame":90,"values":[-1,0,0,0,0,0,1,0,0,1,0,0,-0.2587,-0.2133,0.8125,1]},
{"frame":91,"values":[-1,0,0,0,0,0,1,0,0,1,0,0,-0.2587,-0.2133,0.8125,1]},
{"frame":100,"values":[-1,0,0,0,0,0,1,0,0,1,0,0,-0.2587,-0.2133,0.8125,1]},
{"frame":101,"values":[-1,0,0,0,0,0,1,0,0,1,0,0,-0.2587,-0.2133,0.8125,1]},
{"frame":110,"values":[-1,0,0,0,0,0,1,0,0,1,0,0,-0.2587,-0.2133,0.8125,1]},
{"frame":111,"values":[-1,0,0,0,0,0,1,0,0,1,0,0,-0.6987,-0.2133,0.8125,1]},
{"frame":134,"values":[-1,0,0,0,0,0,1,0,0,1,0,0,-0.6987,-0.2133,0.8125,1]},
{"frame":140,"values":[-1,0,0,0,0,0,1,0,0,1,0,0,-0.2587,-0.2133,0.8125,1]},
{"frame":141,"values":[-1,0,0,0,0,0,1,0,0,1,0,0,-0.6987,-0.2133,0.8125,1]},
{"frame":188,"values":[-1,0,0,0,0,0,1,0,0,1,0,0,-0.6987,-0.2133,0.8125,1]},
{"frame":200,"values":[-1,0,0,0,0,0,1,0,0,1,0,0,-0.2587,-0.2133,0.8125,1]},
{"frame":201,"values":[-1,0,0,0,0,0,1,0,0,1,0,0,-0.6987,-0.2133,0.8125,1]},
{"frame":210,"values":[-1,0,0,0,0,0,1,0,0,1,0,0,-0.2587,-0.2133,0.8125,1]},
{"frame":211,"values":[-1,0,0,0,0,0,1,0,0,1,0,0,-0.4643,-0.2133,0.8125,1]},
{"frame":220,"values":[-1,0,0,0,0,0,1,0,0,1,0,0,-0.2587,-0.2133,0.8125,1]},
{"frame":221,"values":[-1,0,0,0,0,0,1,0,0,1,0,0,-0.3892,-0.2133,0.8125,1]},
{"frame":222,"values":[-1,0,0,0,0,0,1,0,0,1,0,0,-0.4416,-0.2133,0.8125,1]},
{"frame":223,"values":[-1,0,0,0,0,0,1,0,0,1,0,0,-0.4774,-0.2133,0.8125,1]},
{"frame":224,"values":[-1,0,0,0,0,0,1,0,0,1,0,0,-0.5067,-0.2133,0.8125,1]},
{"frame":225,"values":[-1,0,0,0,0,0,1,0,0,1,0,0,-0.5318,-0.2133,0.8125,1]},
{"frame":226,"values":[-1,0,0,0,0,0,1,0,0,1,0,0,-0.5541,-0.2133,0.8125,1]},
{"frame":227,"values":[-1,0,0,0,0,0,1,0,0,1,0,0,-0.574,-0.2133,0.8125,1]},
{"frame":228,"values":[-1,0,0,0,0,0,1,0,0,1,0,0,-0.592,-0.2133,0.8125,1]},
{"frame":229,"values":[-1,0,0,0,0,0,1,0,0,1,0,0,-0.6083,-0.2133,0.8125,1]},
{"frame":230,"values":[-1,0,0,0,0,0,1,0,0,1,0,0,-0.6231,-0.2133,0.8125,1]},
{"frame":231,"values":[-1,0,0,0,0,0,1,0,0,1,0,0,-0.6364,-0.2133,0.8125,1]},
{"frame":232,"values":[-1,0,0,0,0,0,1,0,0,1,0,0,-0.6483,-0.2133,0.8125,1]},
{"frame":233,"values":[-1,0,0,0,0,0,1,0,0,1,0,0,-0.6588,-0.2133,0.8125,1]},
{"frame":234,"values":[-1,0,0,0,0,0,1,0,0,1,0,0,-0.6679,-0.2133,0.8125,1]},
{"frame":235,"values":[-1,0,0,0,0,0,1,0,0,1,0,0,-0.6755,-0.2133,0.8125,1]},
{"frame":236,"values":[-1,0,0,0,0,0,1,0,0,1,0,0,-0.6817,-0.2133,0.8125,1]},
{"frame":237,"values":[-1,0,0,0,0,0,1,0,0,1,0,0,-0.6864,-0.2133,0.8125,1]},
{"frame":238,"values":[-1,0,0,0,0,0,1,0,0,1,0,0,-0.6893,-0.2133,0.8125,1]},
{"frame":239,"values":[-1,0,0,0,0,0,1,0,0,1,0,0,-0.6903,-0.2133,0.8125,1]},
{"frame":240,"values":[-1,0,0,0,0,0,1,0,0,1,0,0,-0.6882,-0.2133,0.8125,1]},
{"frame":241,"values":[-1,0,0,0,0,0,1,0,0,1,0,0,-0.682,-0.2133,0.8125,1]},
{"frame":242,"values":[-1,0,0,0,0,0,1,0,0,1,0,0,-0.6717,-0.2133,0.8125,1]},
{"frame":243,"values":[-1,0,0,0,0,0,1,0,0,1,0,0,-0.6573,-0.2133,0.8125,1]},
{"frame":244,"values":[-1,0,0,0,0,0,1,0,0,1,0,0,-0.6391,-0.2133,0.8125,1]},
{"frame":245,"values":[-1,0,0,0,0,0,1,0,0,1,0,0,-0.6176,-0.2133,0.8125,1]},
{"frame":246,"values":[-1,0,0,0,0,0,1,0,0,1,0,0,-0.5933,-0.2133,0.8125,1]},
{"frame":247,"values":[-1,0,0,0,0,0,1,0,0,1,0,0,-0.567,-0.2133,0.8125,1]},
{"frame":248,"values":[-1,0,0,0,0,0,1,0,0,1,0,0,-0.5398,-0.2133,0.8125,1]},
{"frame":249,"values":[-1,0,0,0,0,0,1,0,0,1,0,0,-0.5125,-0.2133,0.8125,1]},
{"frame":250,"values":[-1,0,0,0,0,0,1,0,0,1,0,0,-0.4863,-0.2133,0.8125,1]},
{"frame":251,"values":[-1,0,0,0,0,0,1,0,0,1,0,0,-0.462,-0.2133,0.8125,1]},
{"frame":252,"values":[-1,0,0,0,0,0,1,0,0,1,0,0,-0.4404,-0.2133,0.8125,1]},
{"frame":253,"values":[-1,0,0,0,0,0,1,0,0,1,0,0,-0.4222,-0.2133,0.8125,1]},
{"frame":254,"values":[-1,0,0,0,0,0,1,0,0,1,0,0,-0.4078,-0.2133,0.8125,1]},
{"frame":255,"values":[-1,0,0,0,0,0,1,0,0,1,0,0,-0.3975,-0.2133,0.8125,1]},
{"frame":256,"values":[-1,0,0,0,0,0,1,0,0,1,0,0,-0.3913,-0.2133,0.8125,1]},
{"frame":257,"values":[-1,0,0,0,0,0,1,0,0,1,0,0,-0.3892,-0.2133,0.8125,1]},
{"frame":270,"values":[-1,0,0,0,0,0,1,0,0,1,0,0,-0.2587,-0.2133,0.8125,1]},
{"frame":271,"values":[-1,0,0,0,0,0,1,0,0,1,0,0,-0.2892,-0.2133,0.8325,1]},
{"frame":272,"values":[-1,0,0,0,0,0,1,0,0,1,0,0,-0.3143,-0.2133,0.8325,1]},
{"frame":273,"values":[-1,0,0,0,0,0,1,0,0,1,0,0,-0.3396,-0.2133,0.8325,1]},
{"frame":274,"values":[-1,0,0,0,0,0,1,0,0,1,0,0,-0.3644,-0.2133,0.8325,1]},
{"frame":275,"values":[-1,0,0,0,0,0,1,0,0,1,0,0,-0.3884,-0.2133,0.8325,1]},
{"frame":276,"values":[-1,0,0,0,0,0,1,0,0,1,0,0,-0.4116,-0.2133,0.8325,1]},
{"frame":277,"values":[-1,0,0,0,0,0,1,0,0,1,0,0,-0.4338,-0.2133,0.8325,1]},
{"frame":278,"values":[-1,0,0,0,0,0,1,0,0,1,0,0,-0.4551,-0.2133,0.8325,1]},
{"frame":279,"values":[-1,0,0,0,0,0,1,0,0,1,0,0,-0.4752,-0.2133,0.8325,1]},
{"frame":280,"values":[-1,0,0,0,0,0,1,0,0,1,0,0,-0.4941,-0.2133,0.8325,1]},
{"frame":281,"values":[-1,0,0,0,0,0,1,0,0,1,0,0,-0.5118,-0.2133,0.8325,1]},
{"frame":282,"values":[-1,0,0,0,0,0,1,0,0,1,0,0,-0.5281,-0.2133,0.8325,1]},
{"frame":283,"values":[-1,0,0,0,0,0,1,0,0,1,0,0,-0.543,-0.2133,0.8325,1]},
{"frame":284,"values":[-1,0,0,0,0,0,1,0,0,1,0,0,-0.5562,-0.2133,0.8325,1]},
{"frame":285,"values":[-1,0,0,0,0,0,1,0,0,1,0,0,-0.5675,-0.2133,0.8325,1]},
{"frame":286,"values":[-1,0,0,0,0,0,1,0,0,1,0,0,-0.5769,-0.2133,0.8325,1]},
{"frame":287,"values":[-1,0,0,0,0,0,1,0,0,1,0,0,-0.5841,-0.2133,0.8325,1]},
{"frame":288,"values":[-1,0,0,0,0,0,1,0,0,1,0,0,-0.5887,-0.2133,0.8325,1]},
{"frame":289,"values":[-1,0,0,0,0,0,1,0,0,1,0,0,-0.5903,-0.2133,0.8325,1]},
{"frame":290,"values":[-1,0,0,0,0,0,1,0,0,1,0,0,-0.5882,-0.2133,0.8325,1]},
{"frame":291,"values":[-1,0,0,0,0,0,1,0,0,1,0,0,-0.582,-0.2133,0.8325,1]},
{"frame":292,"values":[-1,0,0,0,0,0,1,0,0,1,0,0,-0.5717,-0.2133,0.8325,1]},
{"frame":293,"values":[-1,0,0,0,0,0,1,0,0,1,0,0,-0.5573,-0.2133,0.8325,1]},
{"frame":294,"values":[-1,0,0,0,0,0,1,0,0,1,0,0,-0.5391,-0.2133,0.8325,1]},
{"frame":295,"values":[-1,0,0,0,0,0,1,0,0,1,0,0,-0.5176,-0.2133,0.8325,1]},
{"frame":296,"values":[-1,0,0,0,0,0,1,0,0,1,0,0,-0.4933,-0.2133,0.8325,1]},
{"frame":297,"values":[-1,0,0,0,0,0,1,0,0,1,0,0,-0.467,-0.2133,0.8325,1]},
{"frame":298,"values":[-1,0,0,0,0,0,1,0,0,1,0,0,-0.4398,-0.2133,0.8325,1]},
{"frame":299,"values":[-1,0,0,0,0,0,1,0,0,1,0,0,-0.4125,-0.2133,0.8325,1]},
{"frame":300,"values":[-1,0,0,0,0,0,1,0,0,1,0,0,-0.3863,-0.2133,0.8325,1]},
{"frame":301,"values":[-1,0,0,0,0,0,1,0,0,1,0,0,-0.362,-0.2133,0.8325,1]},
{"frame":302,"values":[-1,0,0,0,0,0,1,0,0,1,0,0,-0.3404,-0.2133,0.8325,1]},
{"frame":303,"values":[-1,0,0,0,0,0,1,0,0,1,0,0,-0.3222,-0.2133,0.8325,1]},
{"frame":304,"values":[-1,0,0,0,0,0,1,0,0,1,0,0,-0.3078,-0.2133,0.8325,1]},
{"frame":305,"values":[-1,0,0,0,0,0,1,0,0,1,0,0,-0.2975,-0.2133,0.8325,1]},
{"frame":306,"values":[-1,0,0,0,0,0,1,0,0,1,0,0,-0.2913,-0.2133,0.8325,1]},
{"frame":307,"values":[-1,0,0,0,0,0,1,0,0,1,0,0,-0.2892,-0.2133,0.8325,1]},
{"frame":320,"values":[-1,0,0,0,0,0,1,0,0,1,0,0,-0.2587,-0.2133,0.8125,1]},
{"frame":321,"values":[-1,0,0,0,0,0,1,0,0,1,0,0,-0.2587,-0.2133,0.8125,1]}],"loopBehavior":1,"name":"anim","property":"_matrix"}},
{"name":"POLE.elbow.r","index":2,"matrix":[-1,0,0,0,0,0,1,0,0,1,0,0,0.2582,-0.2133,0.8125,1],"rest":[-1,0,0,0,0,0,1,0,0,1,0,0,0.2582,-0.2133,0.8125,1],"parentBoneIndex":0,"length":0.2113
,"animation":{"dataType":3,"framePerSecond":24,"keys":[
{"frame":1,"values":[-1,0,0,0,0,0,1,0,0,1,0,0,0.2582,-0.2133,0.8125,1]},
{"frame":13,"values":[-1,0,0,0,0,0,1,0,0,1,0,0,0.2582,-0.2133,0.8125,1]},
{"frame":20,"values":[-1,0,0,0,0,0,1,0,0,1,0,0,0.2582,-0.2133,0.8125,1]},
{"frame":21,"values":[-1,0,0,0,0,0,1,0,0,1,0,0,0.2582,-0.2133,0.8125,1]},
{"frame":30,"values":[-1,0,0,0,0,0,1,0,0,1,0,0,0.2582,-0.2133,0.8125,1]},
{"frame":31,"values":[-1,0,0,0,0,0,1,0,0,1,0,0,0.2582,-0.2133,0.8125,1]},
{"frame":40,"values":[-1,0,0,0,0,0,1,0,0,1,0,0,0.2582,-0.2133,0.8125,1]},
{"frame":41,"values":[-1,0,0,0,0,0,1,0,0,1,0,0,0.2582,-0.2133,0.8125,1]},
{"frame":50,"values":[-1,0,0,0,0,0,1,0,0,1,0,0,0.2582,-0.2133,0.8125,1]},
{"frame":51,"values":[-1,0,0,0,0,0,1,0,0,1,0,0,0.2582,-0.2133,0.8125,1]},
{"frame":60,"values":[-1,0,0,0,0,0,1,0,0,1,0,0,0.2582,-0.2133,0.8125,1]},
{"frame":61,"values":[-1,0,0,0,0,0,1,0,0,1,0,0,0.2582,-0.2133,0.8125,1]},
{"frame":70,"values":[-1,0,0,0,0,0,1,0,0,1,0,0,0.2582,-0.2133,0.8125,1]},
{"frame":71,"values":[-1,0,0,0,0,0,1,0,0,1,0,0,0.2582,-0.2133,0.8125,1]},
{"frame":80,"values":[-1,0,0,0,0,0,1,0,0,1,0,0,0.2582,-0.2133,0.8125,1]},
{"frame":81,"values":[-1,0,0,0,0,0,1,0,0,1,0,0,0.2582,-0.2133,0.8125,1]},
{"frame":90,"values":[-1,0,0,0,0,0,1,0,0,1,0,0,0.2582,-0.2133,0.8125,1]},
{"frame":91,"values":[-1,0,0,0,0,0,1,0,0,1,0,0,0.2582,-0.2133,0.8125,1]},
{"frame":100,"values":[-1,0,0,0,0,0,1,0,0,1,0,0,0.2582,-0.2133,0.8125,1]},
{"frame":101,"values":[-1,0,0,0,0,0,1,0,0,1,0,0,0.2582,-0.2133,0.8125,1]},
{"frame":110,"values":[-1,0,0,0,0,0,1,0,0,1,0,0,0.2582,-0.2133,0.8125,1]},
{"frame":111,"values":[-1,0,0,0,0,0,1,0,0,1,0,0,0.6981,-0.2133,0.8125,1]},
{"frame":134,"values":[-1,0,0,0,0,0,1,0,0,1,0,0,0.6981,-0.2133,0.8125,1]},
{"frame":140,"values":[-1,0,0,0,0,0,1,0,0,1,0,0,0.2582,-0.2133,0.8125,1]},
{"frame":141,"values":[-1,0,0,0,0,0,1,0,0,1,0,0,0.6981,-0.2133,0.8125,1]},
{"frame":188,"values":[-1,0,0,0,0,0,1,0,0,1,0,0,0.6981,-0.2133,0.8125,1]},
{"frame":200,"values":[-1,0,0,0,0,0,1,0,0,1,0,0,0.2582,-0.2133,0.8125,1]},
{"frame":201,"values":[-1,0,0,0,0,0,1,0,0,1,0,0,0.6981,-0.2133,0.8125,1]},
{"frame":210,"values":[-1,0,0,0,0,0,1,0,0,1,0,0,0.2582,-0.2133,0.8125,1]},
{"frame":211,"values":[-1,0,0,0,0,0,1,0,0,1,0,0,0.8809,-0.2133,0.8125,1]},
{"frame":220,"values":[-1,0,0,0,0,0,1,0,0,1,0,0,0.2582,-0.2133,0.8125,1]},
{"frame":221,"values":[-1,0,0,0,0,0,1,0,0,1,0,0,0.6897,-0.2133,0.8125,1]},
{"frame":222,"values":[-1,0,0,0,0,0,1,0,0,1,0,0,0.6776,-0.2133,0.8125,1]},
{"frame":223,"values":[-1,0,0,0,0,0,1,0,0,1,0,0,0.6573,-0.2133,0.8125,1]},
{"frame":224,"values":[-1,0,0,0,0,0,1,0,0,1,0,0,0.6346,-0.2133,0.8125,1]},
{"frame":225,"values":[-1,0,0,0,0,0,1,0,0,1,0,0,0.611,-0.2133,0.8125,1]},
{"frame":226,"values":[-1,0,0,0,0,0,1,0,0,1,0,0,0.5874,-0.2133,0.8125,1]},
{"frame":227,"values":[-1,0,0,0,0,0,1,0,0,1,0,0,0.5641,-0.2133,0.8125,1]},
{"frame":228,"values":[-1,0,0,0,0,0,1,0,0,1,0,0,0.5414,-0.2133,0.8125,1]},
{"frame":229,"values":[-1,0,0,0,0,0,1,0,0,1,0,0,0.5195,-0.2133,0.8125,1]},
{"frame":230,"values":[-1,0,0,0,0,0,1,0,0,1,0,0,0.4985,-0.2133,0.8125,1]},
{"frame":231,"values":[-1,0,0,0,0,0,1,0,0,1,0,0,0.4788,-0.2133,0.8125,1]},
{"frame":232,"values":[-1,0,0,0,0,0,1,0,0,1,0,0,0.4604,-0.2133,0.8125,1]},
{"frame":233,"values":[-1,0,0,0,0,0,1,0,0,1,0,0,0.4435,-0.2133,0.8125,1]},
{"frame":234,"values":[-1,0,0,0,0,0,1,0,0,1,0,0,0.4284,-0.2133,0.8125,1]},
{"frame":235,"values":[-1,0,0,0,0,0,1,0,0,1,0,0,0.4152,-0.2133,0.8125,1]},
{"frame":236,"values":[-1,0,0,0,0,0,1,0,0,1,0,0,0.4043,-0.2133,0.8125,1]},
{"frame":237,"values":[-1,0,0,0,0,0,1,0,0,1,0,0,0.396,-0.2133,0.8125,1]},
{"frame":238,"values":[-1,0,0,0,0,0,1,0,0,1,0,0,0.3906,-0.2133,0.8125,1]},
{"frame":239,"values":[-1,0,0,0,0,0,1,0,0,1,0,0,0.3887,-0.2133,0.8125,1]},
{"frame":240,"values":[-1,0,0,0,0,0,1,0,0,1,0,0,0.3907,-0.2133,0.8125,1]},
{"frame":241,"values":[-1,0,0,0,0,0,1,0,0,1,0,0,0.3969,-0.2133,0.8125,1]},
{"frame":242,"values":[-1,0,0,0,0,0,1,0,0,1,0,0,0.4073,-0.2133,0.8125,1]},
{"frame":243,"values":[-1,0,0,0,0,0,1,0,0,1,0,0,0.4217,-0.2133,0.8125,1]},
{"frame":244,"values":[-1,0,0,0,0,0,1,0,0,1,0,0,0.4399,-0.2133,0.8125,1]},
{"frame":245,"values":[-1,0,0,0,0,0,1,0,0,1,0,0,0.4614,-0.2133,0.8125,1]},
{"frame":246,"values":[-1,0,0,0,0,0,1,0,0,1,0,0,0.4857,-0.2133,0.8125,1]},
{"frame":247,"values":[-1,0,0,0,0,0,1,0,0,1,0,0,0.512,-0.2133,0.8125,1]},
{"frame":248,"values":[-1,0,0,0,0,0,1,0,0,1,0,0,0.5392,-0.2133,0.8125,1]},
{"frame":249,"values":[-1,0,0,0,0,0,1,0,0,1,0,0,0.5665,-0.2133,0.8125,1]},
{"frame":250,"values":[-1,0,0,0,0,0,1,0,0,1,0,0,0.5927,-0.2133,0.8125,1]},
{"frame":251,"values":[-1,0,0,0,0,0,1,0,0,1,0,0,0.617,-0.2133,0.8125,1]},
{"frame":252,"values":[-1,0,0,0,0,0,1,0,0,1,0,0,0.6386,-0.2133,0.8125,1]},
{"frame":253,"values":[-1,0,0,0,0,0,1,0,0,1,0,0,0.6567,-0.2133,0.8125,1]},
{"frame":254,"values":[-1,0,0,0,0,0,1,0,0,1,0,0,0.6711,-0.2133,0.8125,1]},
{"frame":255,"values":[-1,0,0,0,0,0,1,0,0,1,0,0,0.6815,-0.2133,0.8125,1]},
{"frame":256,"values":[-1,0,0,0,0,0,1,0,0,1,0,0,0.6877,-0.2133,0.8125,1]},
{"frame":257,"values":[-1,0,0,0,0,0,1,0,0,1,0,0,0.6897,-0.2133,0.8125,1]},
{"frame":270,"values":[-1,0,0,0,0,0,1,0,0,1,0,0,0.2582,-0.2133,0.8125,1]},
{"frame":271,"values":[-1,0,0,0,0,0,1,0,0,1,0,0,0.5897,-0.2133,0.8325,1]},
{"frame":272,"values":[-1,0,0,0,0,0,1,0,0,1,0,0,0.5776,-0.2133,0.8325,1]},
{"frame":273,"values":[-1,0,0,0,0,0,1,0,0,1,0,0,0.5573,-0.2133,0.8325,1]},
{"frame":274,"values":[-1,0,0,0,0,0,1,0,0,1,0,0,0.5346,-0.2133,0.8325,1]},
{"frame":275,"values":[-1,0,0,0,0,0,1,0,0,1,0,0,0.511,-0.2133,0.8325,1]},
{"frame":276,"values":[-1,0,0,0,0,0,1,0,0,1,0,0,0.4874,-0.2133,0.8325,1]},
{"frame":277,"values":[-1,0,0,0,0,0,1,0,0,1,0,0,0.4641,-0.2133,0.8325,1]},
{"frame":278,"values":[-1,0,0,0,0,0,1,0,0,1,0,0,0.4414,-0.2133,0.8325,1]},
{"frame":279,"values":[-1,0,0,0,0,0,1,0,0,1,0,0,0.4195,-0.2133,0.8325,1]},
{"frame":280,"values":[-1,0,0,0,0,0,1,0,0,1,0,0,0.3985,-0.2133,0.8325,1]},
{"frame":281,"values":[-1,0,0,0,0,0,1,0,0,1,0,0,0.3788,-0.2133,0.8325,1]},
{"frame":282,"values":[-1,0,0,0,0,0,1,0,0,1,0,0,0.3604,-0.2133,0.8325,1]},
{"frame":283,"values":[-1,0,0,0,0,0,1,0,0,1,0,0,0.3435,-0.2133,0.8325,1]},
{"frame":284,"values":[-1,0,0,0,0,0,1,0,0,1,0,0,0.3284,-0.2133,0.8325,1]},
{"frame":285,"values":[-1,0,0,0,0,0,1,0,0,1,0,0,0.3152,-0.2133,0.8325,1]},
{"frame":286,"values":[-1,0,0,0,0,0,1,0,0,1,0,0,0.3043,-0.2133,0.8325,1]},
{"frame":287,"values":[-1,0,0,0,0,0,1,0,0,1,0,0,0.296,-0.2133,0.8325,1]},
{"frame":288,"values":[-1,0,0,0,0,0,1,0,0,1,0,0,0.2906,-0.2133,0.8325,1]},
{"frame":289,"values":[-1,0,0,0,0,0,1,0,0,1,0,0,0.2887,-0.2133,0.8325,1]},
{"frame":290,"values":[-1,0,0,0,0,0,1,0,0,1,0,0,0.2907,-0.2133,0.8325,1]},
{"frame":291,"values":[-1,0,0,0,0,0,1,0,0,1,0,0,0.2969,-0.2133,0.8325,1]},
{"frame":292,"values":[-1,0,0,0,0,0,1,0,0,1,0,0,0.3073,-0.2133,0.8325,1]},
{"frame":293,"values":[-1,0,0,0,0,0,1,0,0,1,0,0,0.3217,-0.2133,0.8325,1]},
{"frame":294,"values":[-1,0,0,0,0,0,1,0,0,1,0,0,0.3399,-0.2133,0.8325,1]},
{"frame":295,"values":[-1,0,0,0,0,0,1,0,0,1,0,0,0.3614,-0.2133,0.8325,1]},
{"frame":296,"values":[-1,0,0,0,0,0,1,0,0,1,0,0,0.3857,-0.2133,0.8325,1]},
{"frame":297,"values":[-1,0,0,0,0,0,1,0,0,1,0,0,0.412,-0.2133,0.8325,1]},
{"frame":298,"values":[-1,0,0,0,0,0,1,0,0,1,0,0,0.4392,-0.2133,0.8325,1]},
{"frame":299,"values":[-1,0,0,0,0,0,1,0,0,1,0,0,0.4665,-0.2133,0.8325,1]},
{"frame":300,"values":[-1,0,0,0,0,0,1,0,0,1,0,0,0.4927,-0.2133,0.8325,1]},
{"frame":301,"values":[-1,0,0,0,0,0,1,0,0,1,0,0,0.517,-0.2133,0.8325,1]},
{"frame":302,"values":[-1,0,0,0,0,0,1,0,0,1,0,0,0.5386,-0.2133,0.8325,1]},
{"frame":303,"values":[-1,0,0,0,0,0,1,0,0,1,0,0,0.5567,-0.2133,0.8325,1]},
{"frame":304,"values":[-1,0,0,0,0,0,1,0,0,1,0,0,0.5711,-0.2133,0.8325,1]},
{"frame":305,"values":[-1,0,0,0,0,0,1,0,0,1,0,0,0.5815,-0.2133,0.8325,1]},
{"frame":306,"values":[-1,0,0,0,0,0,1,0,0,1,0,0,0.5877,-0.2133,0.8325,1]},
{"frame":307,"values":[-1,0,0,0,0,0,1,0,0,1,0,0,0.5897,-0.2133,0.8325,1]},
{"frame":320,"values":[-1,0,0,0,0,0,1,0,0,1,0,0,0.2582,-0.2133,0.8125,1]},
{"frame":321,"values":[-1,0,0,0,0,0,1,0,0,1,0,0,0.2582,-0.2133,0.8125,1]}],"loopBehavior":1,"name":"anim","property":"_matrix"}},
{"name":"pelvis","index":3,"matrix":[-1,0,0,0,0,-0.0018,1,0,0,1,0.0018,0,0,0.0134,0.3172,1],"rest":[-1,0,0,0,0,-0.0018,1,0,0,1,0.0018,0,0,0.0134,0.3172,1],"parentBoneIndex":0,"length":0.132
,"animation":{"dataType":3,"framePerSecond":24,"keys":[
{"frame":1,"values":[-1,0,0,0,0,-0.0018,1,0,0,1,0.0018,0,0,0.0134,0.3172,1]},
{"frame":13,"values":[-1,0,0,0,0,-0.0018,1,0,0,1,0.0018,0,0,0.0134,0.3172,1]},
{"frame":20,"values":[-1,0,0,0,0,-0.0018,1,0,0,1,0.0018,0,0,0.0134,0.3172,1]},
{"frame":21,"values":[-1,0,0,0,0,-0.0018,1,0,0,1,0.0018,0,0,0.0134,0.3172,1]},
{"frame":30,"values":[-1,0,0,0,0,-0.0018,1,0,0,1,0.0018,0,0,0.0134,0.3172,1]},
{"frame":31,"values":[-1,0,0,0,0,-0.0018,1,0,0,1,0.0018,0,0,0.0134,0.3172,1]},
{"frame":40,"values":[-1,0,0,0,0,-0.0018,1,0,0,1,0.0018,0,0,0.0134,0.3172,1]},
{"frame":41,"values":[-1,0,0,0,0,-0.0018,1,0,0,1,0.0018,0,0,0.0134,0.3172,1]},
{"frame":50,"values":[-1,0,0,0,0,-0.0018,1,0,0,1,0.0018,0,0,0.0134,0.3172,1]},
{"frame":51,"values":[-1,0,0,0,0,-0.0018,1,0,0,1,0.0018,0,0,0.0134,0.3172,1]},
{"frame":60,"values":[-1,0,0,0,0,-0.0018,1,0,0,1,0.0018,0,0,0.0134,0.3172,1]},
{"frame":61,"values":[-1,0,0,0,0,-0.0018,1,0,0,1,0.0018,0,0,0.0134,0.3172,1]},
{"frame":70,"values":[-1,0,0,0,0,-0.0018,1,0,0,1,0.0018,0,0,0.0134,0.3172,1]},
{"frame":71,"values":[-1,0,0,0,0,-0.0018,1,0,0,1,0.0018,0,0,0.0134,0.3172,1]},
{"frame":80,"values":[-1,0,0,0,0,-0.0018,1,0,0,1,0.0018,0,0,0.0134,0.3172,1]},
{"frame":81,"values":[-1,0,0,0,0,-0.0018,1,0,0,1,0.0018,0,0,0.0134,0.3172,1]},
{"frame":90,"values":[-1,0,0,0,0,-0.0018,1,0,0,1,0.0018,0,0,0.0134,0.3172,1]},
{"frame":91,"values":[-1,0,0,0,0,-0.0018,1,0,0,1,0.0018,0,0,0.0134,0.3172,1]},
{"frame":100,"values":[-1,0,0,0,0,-0.0018,1,0,0,1,0.0018,0,0,0.0134,0.3172,1]},
{"frame":101,"values":[-1,0,0,0,0,-0.0018,1,0,0,1,0.0018,0,0,0.0134,0.3172,1]},
{"frame":110,"values":[-1,0,0,0,0,-0.0018,1,0,0,1,0.0018,0,0,0.0134,0.3172,1]},
{"frame":112,"values":[-1,0,0,0,0,0.0081,1,0,0,1,-0.0081,0,0,0.0134,0.3172,1]},
{"frame":113,"values":[-1,0,0,0,0,0.0275,0.9996,0,0,0.9996,-0.0275,0,0,0.0134,0.3172,1]},
{"frame":114,"values":[-1,0,0,0,0,0.0501,0.9987,0,0,0.9987,-0.0501,0,0,0.0134,0.3172,1]},
{"frame":115,"values":[-1,0,0,0,0,0.0735,0.9973,0,0,0.9973,-0.0735,0,0,0.0134,0.3172,1]},
{"frame":116,"values":[-1,0,0,0,0,0.0963,0.9953,0,0,0.9953,-0.0963,0,0,0.0134,0.3172,1]},
{"frame":117,"values":[-1,0,0,0,0,0.1177,0.9931,0,0,0.9931,-0.1177,0,0,0.0134,0.3172,1]},
{"frame":118,"values":[-1,0,0,0,0,0.1368,0.9906,0,0,0.9906,-0.1368,0,0,0.0134,0.3172,1]},
{"frame":119,"values":[-1,0,0,0,0,0.153,0.9882,0,0,0.9882,-0.153,0,0,0.0134,0.3172,1]},
{"frame":120,"values":[-1,0,0,0,0,0.1656,0.9862,0,0,0.9862,-0.1656,0,0,0.0134,0.3172,1]},
{"frame":121,"values":[-1,0,0,0,0,0.1738,0.9848,0,0,0.9848,-0.1738,0,0,0.0134,0.3172,1]},
{"frame":122,"values":[-1,0,0,0,0,0.1768,0.9842,0,0,0.9842,-0.1768,0,0,0.0134,0.3172,1]},
{"frame":123,"values":[-1,0,0,0,0,0.1741,0.9847,0,0,0.9847,-0.1741,0,0,0.0134,0.3172,1]},
{"frame":124,"values":[-1,0,0,0,0,0.1659,0.9861,0,0,0.9861,-0.1659,0,0,0.0134,0.3172,1]},
{"frame":125,"values":[-1,0,0,0,0,0.1523,0.9883,0,0,0.9883,-0.1523,0,0,0.0134,0.3172,1]},
{"frame":126,"values":[-1,0,0,0,0,0.134,0.991,0,0,0.991,-0.134,0,0,0.0134,0.3172,1]},
{"frame":127,"values":[-1,0,0,0,0,0.1119,0.9937,0,0,0.9937,-0.1119,0,0,0.0134,0.3172,1]},
{"frame":128,"values":[-1,0,0,0,0,0.0878,0.9961,0,0,0.9961,-0.0878,0,0,0.0134,0.3172,1]},
{"frame":129,"values":[-1,0,0,0,0,0.0637,0.998,0,0,0.998,-0.0637,0,0,0.0134,0.3172,1]},
{"frame":130,"values":[-1,0,0,0,0,0.0415,0.9991,0,0,0.9991,-0.0415,0,0,0.0134,0.3172,1]},
{"frame":131,"values":[-1,0,0,0,0,0.023,0.9997,0,0,0.9997,-0.023,0,0,0.0134,0.3172,1]},
{"frame":132,"values":[-1,0,0,0,0,0.0093,1,0,0,1,-0.0093,0,0,0.0134,0.3172,1]},
{"frame":133,"values":[-1,0,0,0,0,0.0009,1,0,0,1,-0.0009,0,0,0.0134,0.3172,1]},
{"frame":134,"values":[-1,0,0,0,0,-0.0018,1,0,0,1,0.0018,0,0,0.0134,0.3172,1]},
{"frame":140,"values":[-1,0,0,0,0,-0.0018,1,0,0,1,0.0018,0,0,0.0134,0.3172,1]},
{"frame":188,"values":[-1,0,0,0,0,-0.0018,1,0,0,1,0.0018,0,0,0.0134,0.3172,1]},
{"frame":200,"values":[-1,0,0,0,0,-0.0018,1,0,0,1,0.0018,0,0,0.0134,0.3172,1]},
{"frame":201,"values":[-1,0,0,0,0,-0.0018,1,0,0,1,0.0018,0,0,0.0134,0.3172,1]},
{"frame":210,"values":[-1,0,0,0,0,-0.0018,1,0,0,1,0.0018,0,0,0.0134,0.3172,1]},
{"frame":211,"values":[-0.999,0.0412,0.0181,0,0.0088,-0.2163,0.9763,0,0.0441,0.9755,0.2157,0,0,0.0134,0.0633,1]},
{"frame":220,"values":[-1,0,0,0,0,-0.0018,1,0,0,1,0.0018,0,0,0.0134,0.3172,1]},
{"frame":221,"values":[-0.9848,0.1738,-0.0022,0,0.009,0.0637,0.9979,0,0.1736,0.9827,-0.0643,0,0,0.0134,0.3172,1]},
{"frame":222,"values":[-0.9871,0.1598,-0.0044,0,0.0083,0.0783,0.9969,0,0.1596,0.984,-0.0786,0,0,0.0134,0.3172,1]},
{"frame":223,"values":[-0.9907,0.1361,-0.007,0,0.0046,0.0844,0.9964,0,0.1362,0.9871,-0.0843,0,0,0.0134,0.3172,1]},
{"frame":224,"values":[-0.9939,0.1099,-0.0074,0,0.002,0.0852,0.9964,0,0.1102,0.9903,-0.0849,0,0,0.0134,0.3172,1]},
{"frame":225,"values":[-0.9965,0.0829,-0.0061,0,0.0008,0.0829,0.9966,0,0.0831,0.9931,-0.0827,0,0,0.0134,0.3172,1]},
{"frame":226,"values":[-0.9984,0.0557,-0.0046,0,-0.0004,0.0758,0.9971,0,0.0559,0.9956,-0.0757,0,0,0.0134,0.3172,1]},
{"frame":227,"values":[-0.9996,0.0288,-0.0031,0,-0.0012,0.0643,0.9979,0,0.0289,0.9975,-0.0643,0,0,0.0134,0.3172,1]},
{"frame":228,"values":[-1,0.0025,-0.0018,0,-0.0017,0.0497,0.9988,0,0.0026,0.9988,-0.0497,0,0,0.0134,0.3172,1]},
{"frame":229,"values":[-0.9997,-0.0229,-0.0009,0,-0.0016,0.0339,0.9994,0,-0.0229,0.9992,-0.0339,0,0,0.0134,0.3172,1]},
{"frame":230,"values":[-0.9989,-0.0471,-0.0004,0,-0.0013,0.0192,0.9998,0,-0.0471,0.9987,-0.0193,0,0,0.0134,0.3172,1]},
{"frame":231,"values":[-0.9975,-0.07,-0.0002,0,-0.0007,0.0077,1,0,-0.07,0.9975,-0.0077,0,0,0.0134,0.3172,1]},
{"frame":232,"values":[-0.9958,-0.0912,-0.0002,0,-0.0003,0.0006,1,0,-0.0912,0.9958,-0.0006,0,0,0.0134,0.3172,1]},
{"frame":233,"values":[-0.9939,-0.1106,-0.0003,0,-0.0001,-0.0018,1,0,-0.1106,0.9939,0.0018,0,0,0.0134,0.3172,1]},
{"frame":234,"values":[-0.9918,-0.128,-0.0006,0,-0.0008,0.001,1,0,-0.128,0.9918,-0.001,0,0,0.0134,0.3172,1]},
{"frame":235,"values":[-0.9897,-0.1431,-0.0014,0,-0.0027,0.0094,1,0,-0.1431,0.9897,-0.0097,0,0,0.0134,0.3172,1]},
{"frame":236,"values":[-0.9878,-0.1557,-0.0022,0,-0.0058,0.0227,0.9997,0,-0.1556,0.9875,-0.0233,0,0,0.0134,0.3172,1]},
{"frame":237,"values":[-0.9862,-0.1654,-0.0027,0,-0.0091,0.038,0.9992,0,-0.1652,0.9855,-0.039,0,0,0.0134,0.3172,1]},
{"frame":238,"values":[-0.9851,-0.1717,-0.0027,0,-0.0118,0.0521,0.9986,0,-0.1713,0.9838,-0.0533,0,0,0.0134,0.3172,1]},
{"frame":239,"values":[-0.9848,-0.1739,-0.0022,0,-0.0133,0.063,0.9979,0,-0.1734,0.9827,-0.0643,0,0,0.0134,0.3172,1]},
{"frame":240,"values":[-0.9852,-0.1714,-0.0004,0,-0.0131,0.0729,0.9973,0,-0.1709,0.9825,-0.074,0,0,0.0134,0.3172,1]},
{"frame":241,"values":[-0.9865,-0.164,0.0022,0,-0.0113,0.0815,0.9966,0,-0.1636,0.9831,-0.0823,0,0,0.0134,0.3172,1]},
{"frame":242,"values":[-0.9884,-0.152,0.0035,0,-0.0094,0.0846,0.9964,0,-0.1517,0.9848,-0.0851,0,0,0.0134,0.3172,1]},
{"frame":243,"values":[-0.9908,-0.1355,0.0034,0,-0.0079,0.0824,0.9966,0,-0.1353,0.9873,-0.0827,0,0,0.0134,0.3172,1]},
{"frame":244,"values":[-0.9934,-0.1147,0.0026,0,-0.0061,0.0754,0.9971,0,-0.1146,0.9905,-0.0756,0,0,0.0134,0.3172,1]},
{"frame":245,"values":[-0.9959,-0.0899,0.0015,0,-0.0043,0.0641,0.9979,0,-0.0899,0.9939,-0.0642,0,0,0.0134,0.3172,1]},
{"frame":246,"values":[-0.9981,-0.0619,0.0004,0,-0.0027,0.0496,0.9988,0,-0.0619,0.9968,-0.0497,0,0,0.0134,0.3172,1]},
{"frame":247,"values":[-0.9995,-0.0316,-0.0005,0,-0.0015,0.0339,0.9994,0,-0.0316,0.9989,-0.0339,0,0,0.0134,0.3172,1]},
{"frame":248,"values":[-1,0,-0.0009,0,-0.0009,0.0193,0.9998,0,0,0.9998,-0.0193,0,0,0.0134,0.3172,1]},
{"frame":249,"values":[-0.9995,0.0316,-0.0008,0,-0.0006,0.0078,1,0,0.0316,0.9995,-0.0077,0,0,0.0134,0.3172,1]},
{"frame":250,"values":[-0.9981,0.062,-0.0004,0,-0.0004,0.0006,1,0,0.062,0.9981,-0.0006,0,0,0.0134,0.3172,1]},
{"frame":251,"values":[-0.9959,0.09,0.0001,0,-0.0001,-0.0018,1,0,0.09,0.9959,0.0018,0,0,0.0134,0.3172,1]},
{"frame":252,"values":[-0.9934,0.1148,0.0004,0,0.0007,0.0022,1,0,0.1148,0.9934,-0.0023,0,0,0.0134,0.3172,1]},
{"frame":253,"values":[-0.9907,0.1357,0.0003,0,0.0022,0.014,0.9999,0,0.1357,0.9906,-0.0142,0,0,0.0134,0.3172,1]},
{"frame":254,"values":[-0.9883,0.1523,-0.0003,0,0.0045,0.031,0.9995,0,0.1523,0.9878,-0.0313,0,0,0.0134,0.3172,1]},
{"frame":255,"values":[-0.9864,0.1643,-0.0012,0,0.0068,0.0479,0.9988,0,0.1642,0.9852,-0.0484,0,0,0.0134,0.3172,1]},
{"frame":256,"values":[-0.9852,0.1715,-0.0019,0,0.0085,0.0597,0.9982,0,0.1713,0.9834,-0.0602,0,0,0.0134,0.3172,1]},
{"frame":257,"values":[-0.9848,0.1738,-0.0022,0,0.009,0.0637,0.9979,0,0.1736,0.9827,-0.0643,0,0,0.0134,0.3172,1]},
{"frame":270,"values":[-1,0,0,0,0,-0.0018,1,0,0,1,0.0018,0,0,0.0134,0.3172,1]},
{"frame":271,"values":[-0.9848,0.1738,-0.0022,0,0.009,0.0637,0.9979,0,0.1736,0.9827,-0.0643,0,0,0.0134,0.3372,1]},
{"frame":272,"values":[-0.9871,0.1598,-0.0044,0,0.0083,0.0783,0.9969,0,0.1596,0.984,-0.0786,0,0,0.0134,0.3372,1]},
{"frame":273,"values":[-0.9907,0.1361,-0.007,0,0.0046,0.0844,0.9964,0,0.1362,0.9871,-0.0843,0,0,0.0134,0.3372,1]},
{"frame":274,"values":[-0.9939,0.1099,-0.0074,0,0.002,0.0852,0.9964,0,0.1102,0.9903,-0.0849,0,0,0.0134,0.3372,1]},
{"frame":275,"values":[-0.9965,0.0829,-0.0061,0,0.0008,0.0829,0.9966,0,0.0831,0.9931,-0.0827,0,0,0.0134,0.3372,1]},
{"frame":276,"values":[-0.9984,0.0557,-0.0046,0,-0.0004,0.0758,0.9971,0,0.0559,0.9956,-0.0757,0,0,0.0134,0.3372,1]},
{"frame":277,"values":[-0.9996,0.0288,-0.0031,0,-0.0012,0.0643,0.9979,0,0.0289,0.9975,-0.0643,0,0,0.0134,0.3372,1]},
{"frame":278,"values":[-1,0.0025,-0.0018,0,-0.0017,0.0497,0.9988,0,0.0026,0.9988,-0.0497,0,0,0.0134,0.3372,1]},
{"frame":279,"values":[-0.9997,-0.0229,-0.0009,0,-0.0016,0.0339,0.9994,0,-0.0229,0.9992,-0.0339,0,0,0.0134,0.3372,1]},
{"frame":280,"values":[-0.9989,-0.0471,-0.0004,0,-0.0013,0.0192,0.9998,0,-0.0471,0.9987,-0.0193,0,0,0.0134,0.3372,1]},
{"frame":281,"values":[-0.9975,-0.07,-0.0002,0,-0.0007,0.0077,1,0,-0.07,0.9975,-0.0077,0,0,0.0134,0.3372,1]},
{"frame":282,"values":[-0.9958,-0.0912,-0.0002,0,-0.0003,0.0006,1,0,-0.0912,0.9958,-0.0006,0,0,0.0134,0.3372,1]},
{"frame":283,"values":[-0.9939,-0.1106,-0.0003,0,-0.0001,-0.0018,1,0,-0.1106,0.9939,0.0018,0,0,0.0134,0.3372,1]},
{"frame":284,"values":[-0.9918,-0.128,-0.0006,0,-0.0008,0.001,1,0,-0.128,0.9918,-0.001,0,0,0.0134,0.3372,1]},
{"frame":285,"values":[-0.9897,-0.1431,-0.0014,0,-0.0027,0.0094,1,0,-0.1431,0.9897,-0.0097,0,0,0.0134,0.3372,1]},
{"frame":286,"values":[-0.9878,-0.1557,-0.0022,0,-0.0058,0.0227,0.9997,0,-0.1556,0.9875,-0.0233,0,0,0.0134,0.3372,1]},
{"frame":287,"values":[-0.9862,-0.1654,-0.0027,0,-0.0091,0.038,0.9992,0,-0.1652,0.9855,-0.039,0,0,0.0134,0.3372,1]},
{"frame":288,"values":[-0.9851,-0.1717,-0.0027,0,-0.0118,0.0521,0.9986,0,-0.1713,0.9838,-0.0533,0,0,0.0134,0.3372,1]},
{"frame":289,"values":[-0.9848,-0.1739,-0.0022,0,-0.0133,0.063,0.9979,0,-0.1734,0.9827,-0.0643,0,0,0.0134,0.3372,1]},
{"frame":290,"values":[-0.9852,-0.1714,-0.0004,0,-0.0131,0.0729,0.9973,0,-0.1709,0.9825,-0.074,0,0,0.0134,0.3372,1]},
{"frame":291,"values":[-0.9865,-0.164,0.0022,0,-0.0113,0.0815,0.9966,0,-0.1636,0.9831,-0.0823,0,0,0.0134,0.3372,1]},
{"frame":292,"values":[-0.9884,-0.152,0.0035,0,-0.0094,0.0846,0.9964,0,-0.1517,0.9848,-0.0851,0,0,0.0134,0.3372,1]},
{"frame":293,"values":[-0.9908,-0.1355,0.0034,0,-0.0079,0.0824,0.9966,0,-0.1353,0.9873,-0.0827,0,0,0.0134,0.3372,1]},
{"frame":294,"values":[-0.9934,-0.1147,0.0026,0,-0.0061,0.0754,0.9971,0,-0.1146,0.9905,-0.0756,0,0,0.0134,0.3372,1]},
{"frame":295,"values":[-0.9959,-0.0899,0.0015,0,-0.0043,0.0641,0.9979,0,-0.0899,0.9939,-0.0642,0,0,0.0134,0.3372,1]},
{"frame":296,"values":[-0.9981,-0.0619,0.0004,0,-0.0027,0.0496,0.9988,0,-0.0619,0.9968,-0.0497,0,0,0.0134,0.3372,1]},
{"frame":297,"values":[-0.9995,-0.0316,-0.0005,0,-0.0015,0.0339,0.9994,0,-0.0316,0.9989,-0.0339,0,0,0.0134,0.3372,1]},
{"frame":298,"values":[-1,0,-0.0009,0,-0.0009,0.0193,0.9998,0,0,0.9998,-0.0193,0,0,0.0134,0.3372,1]},
{"frame":299,"values":[-0.9995,0.0316,-0.0008,0,-0.0006,0.0078,1,0,0.0316,0.9995,-0.0077,0,0,0.0134,0.3372,1]},
{"frame":300,"values":[-0.9981,0.062,-0.0004,0,-0.0004,0.0006,1,0,0.062,0.9981,-0.0006,0,0,0.0134,0.3372,1]},
{"frame":301,"values":[-0.9959,0.09,0.0001,0,-0.0001,-0.0018,1,0,0.09,0.9959,0.0018,0,0,0.0134,0.3372,1]},
{"frame":302,"values":[-0.9934,0.1148,0.0004,0,0.0007,0.0022,1,0,0.1148,0.9934,-0.0023,0,0,0.0134,0.3372,1]},
{"frame":303,"values":[-0.9907,0.1357,0.0003,0,0.0022,0.014,0.9999,0,0.1357,0.9906,-0.0142,0,0,0.0134,0.3372,1]},
{"frame":304,"values":[-0.9883,0.1523,-0.0003,0,0.0045,0.031,0.9995,0,0.1523,0.9878,-0.0313,0,0,0.0134,0.3372,1]},
{"frame":305,"values":[-0.9864,0.1643,-0.0012,0,0.0068,0.0479,0.9988,0,0.1642,0.9852,-0.0484,0,0,0.0134,0.3372,1]},
{"frame":306,"values":[-0.9852,0.1715,-0.0019,0,0.0085,0.0597,0.9982,0,0.1713,0.9834,-0.0602,0,0,0.0134,0.3372,1]},
{"frame":307,"values":[-0.9848,0.1738,-0.0022,0,0.009,0.0637,0.9979,0,0.1736,0.9827,-0.0643,0,0,0.0134,0.3372,1]},
{"frame":320,"values":[-1,0,0,0,0,-0.0018,1,0,0,1,0.0018,0,0,0.0134,0.3172,1]},
{"frame":321,"values":[-1,0,0,0,0,-0.0018,1,0,0,1,0.0018,0,0,0.0134,0.3172,1]}],"loopBehavior":1,"name":"anim","property":"_matrix"}},
{"name":"tailBaseUpper","index":4,"matrix":[1,0,0,0,0,-0.7309,-0.6825,0,0,0.6825,-0.7309,0,0,0.0804,-0.0744,1],"rest":[1,0,0,0,0,-0.7309,-0.6825,0,0,0.6825,-0.7309,0,0,0.0804,-0.0744,1],"parentBoneIndex":3,"length":0.07
,"animation":{"dataType":3,"framePerSecond":24,"keys":[
{"frame":1,"values":[1,0,0,0,0,-0.7309,-0.6825,0,0,0.6825,-0.7309,0,0,0.0804,-0.0744,1]},
{"frame":13,"values":[1,0,0,0,0,-0.7309,-0.6825,0,0,0.6825,-0.7309,0,0,0.0804,-0.0744,1]},
{"frame":20,"values":[1,0,0,0,0,-0.7309,-0.6825,0,0,0.6825,-0.7309,0,0,0.0804,-0.0744,1]},
{"frame":21,"values":[1,0,0,0,0,-0.7309,-0.6825,0,0,0.6825,-0.7309,0,0,0.0804,-0.0744,1]},
{"frame":30,"values":[1,0,0,0,0,-0.7309,-0.6825,0,0,0.6825,-0.7309,0,0,0.0804,-0.0744,1]},
{"frame":31,"values":[1,0,0,0,0,-0.7309,-0.6825,0,0,0.6825,-0.7309,0,0,0.0804,-0.0744,1]},
{"frame":40,"values":[1,0,0,0,0,-0.7309,-0.6825,0,0,0.6825,-0.7309,0,0,0.0804,-0.0744,1]},
{"frame":41,"values":[1,0,0,0,0,-0.7309,-0.6825,0,0,0.6825,-0.7309,0,0,0.0804,-0.0744,1]},
{"frame":50,"values":[1,0,0,0,0,-0.7309,-0.6825,0,0,0.6825,-0.7309,0,0,0.0804,-0.0744,1]},
{"frame":51,"values":[1,0,0,0,0,-0.7309,-0.6825,0,0,0.6825,-0.7309,0,0,0.0804,-0.0744,1]},
{"frame":60,"values":[1,0,0,0,0,-0.7309,-0.6825,0,0,0.6825,-0.7309,0,0,0.0804,-0.0744,1]},
{"frame":61,"values":[1,0,0,0,0,-0.7309,-0.6825,0,0,0.6825,-0.7309,0,0,0.0804,-0.0744,1]},
{"frame":70,"values":[1,0,0,0,0,-0.7309,-0.6825,0,0,0.6825,-0.7309,0,0,0.0804,-0.0744,1]},
{"frame":71,"values":[1,0,0,0,0,-0.7309,-0.6825,0,0,0.6825,-0.7309,0,0,0.0804,-0.0744,1]},
{"frame":80,"values":[1,0,0,0,0,-0.7309,-0.6825,0,0,0.6825,-0.7309,0,0,0.0804,-0.0744,1]},
{"frame":81,"values":[1,0,0,0,0,-0.7309,-0.6825,0,0,0.6825,-0.7309,0,0,0.0804,-0.0744,1]},
{"frame":90,"values":[1,0,0,0,0,-0.7309,-0.6825,0,0,0.6825,-0.7309,0,0,0.0804,-0.0744,1]},
{"frame":91,"values":[1,0,0,0,0,-0.7309,-0.6825,0,0,0.6825,-0.7309,0,0,0.0804,-0.0744,1]},
{"frame":100,"values":[1,0,0,0,0,-0.7309,-0.6825,0,0,0.6825,-0.7309,0,0,0.0804,-0.0744,1]},
{"frame":101,"values":[1,0,0,0,0,-0.7309,-0.6825,0,0,0.6825,-0.7309,0,0,0.0804,-0.0744,1]},
{"frame":110,"values":[1,0,0,0,0,-0.7309,-0.6825,0,0,0.6825,-0.7309,0,0,0.0804,-0.0744,1]},
{"frame":134,"values":[1,0,0,0,0,-0.7309,-0.6825,0,0,0.6825,-0.7309,0,0,0.0804,-0.0744,1]},
{"frame":140,"values":[1,0,0,0,0,-0.7309,-0.6825,0,0,0.6825,-0.7309,0,0,0.0804,-0.0744,1]},
{"frame":142,"values":[1,0,0.0031,0,0.0021,-0.7309,-0.6825,0,0.0022,0.6825,-0.7309,0,0,0.0804,-0.0744,1]},
{"frame":143,"values":[1,0,0.0079,0,0.0054,-0.7309,-0.6825,0,0.0058,0.6825,-0.7308,0,0,0.0804,-0.0744,1]},
{"frame":144,"values":[0.9999,0,0.0133,0,0.009,-0.7309,-0.6825,0,0.0097,0.6825,-0.7308,0,0,0.0804,-0.0744,1]},
{"frame":145,"values":[0.9998,0,0.0188,0,0.0128,-0.7309,-0.6824,0,0.0137,0.6825,-0.7307,0,0,0.0804,-0.0744,1]},
{"frame":146,"values":[0.9997,0,0.0243,0,0.0166,-0.7309,-0.6823,0,0.0178,0.6825,-0.7306,0,0,0.0804,-0.0744,1]},
{"frame":147,"values":[0.9996,0,0.0298,0,0.0203,-0.7309,-0.6822,0,0.0218,0.6825,-0.7305,0,0,0.0804,-0.0744,1]},
{"frame":148,"values":[0.9994,0,0.0353,0,0.024,-0.7309,-0.6821,0,0.0258,0.6825,-0.7304,0,0,0.0804,-0.0744,1]},
{"frame":149,"values":[0.9992,-0.0001,0.0406,0,0.0277,-0.7309,-0.682,0,0.0297,0.6825,-0.7303,0,0,0.0804,-0.0744,1]},
{"frame":150,"values":[0.9989,-0.0001,0.0458,0,0.0312,-0.7309,-0.6818,0,0.0336,0.6825,-0.7301,0,0,0.0804,-0.0744,1]},
{"frame":151,"values":[0.9987,-0.0001,0.0509,0,0.0347,-0.7309,-0.6816,0,0.0373,0.6825,-0.7299,0,0,0.0804,-0.0744,1]},
{"frame":152,"values":[0.9984,-0.0001,0.0558,0,0.038,-0.7309,-0.6815,0,0.0409,0.6825,-0.7297,0,0,0.0804,-0.0744,1]},
{"frame":153,"values":[0.9982,-0.0001,0.0606,0,0.0413,-0.7309,-0.6813,0,0.0443,0.6825,-0.7295,0,0,0.0804,-0.0744,1]},
{"frame":154,"values":[0.9979,-0.0001,0.0651,0,0.0443,-0.7309,-0.6811,0,0.0476,0.6825,-0.7293,0,0,0.0804,-0.0744,1]},
{"frame":155,"values":[0.9976,-0.0001,0.0694,0,0.0473,-0.7309,-0.6809,0,0.0508,0.6825,-0.7291,0,0,0.0804,-0.0744,1]},
{"frame":156,"values":[0.9973,-0.0001,0.0734,0,0.05,-0.7309,-0.6807,0,0.0537,0.6825,-0.7289,0,0,0.0804,-0.0744,1]},
{"frame":157,"values":[0.997,-0.0001,0.0772,0,0.0526,-0.7309,-0.6805,0,0.0565,0.6825,-0.7287,0,0,0.0804,-0.0744,1]},
{"frame":158,"values":[0.9967,-0.0001,0.0807,0,0.055,-0.7309,-0.6803,0,0.0591,0.6825,-0.7285,0,0,0.0804,-0.0744,1]},
{"frame":159,"values":[0.9965,-0.0001,0.0838,0,0.0571,-0.7309,-0.6801,0,0.0614,0.6825,-0.7283,0,0,0.0804,-0.0744,1]},
{"frame":160,"values":[0.9962,-0.0001,0.0866,0,0.059,-0.7309,-0.68,0,0.0634,0.6825,-0.7281,0,0,0.0804,-0.0744,1]},
{"frame":161,"values":[0.996,-0.0001,0.0891,0,0.0607,-0.7309,-0.6798,0,0.0652,0.6825,-0.7279,0,0,0.0804,-0.0744,1]},
{"frame":162,"values":[0.9958,-0.0002,0.0911,0,0.062,-0.7309,-0.6797,0,0.0667,0.6825,-0.7278,0,0,0.0804,-0.0744,1]},
{"frame":163,"values":[0.9957,-0.0002,0.0926,0,0.0631,-0.7309,-0.6796,0,0.0678,0.6825,-0.7277,0,0,0.0804,-0.0744,1]},
{"frame":164,"values":[0.9956,-0.0002,0.0935,0,0.0637,-0.7309,-0.6795,0,0.0685,0.6825,-0.7276,0,0,0.0804,-0.0744,1]},
{"frame":165,"values":[0.9956,-0.0002,0.0939,0,0.0639,-0.7309,-0.6795,0,0.0687,0.6825,-0.7276,0,0,0.0804,-0.0744,1]},
{"frame":166,"values":[0.9956,-0.0002,0.0935,0,0.0637,-0.7309,-0.6795,0,0.0684,0.6825,-0.7277,0,0,0.0804,-0.0744,1]},
{"frame":167,"values":[0.9957,-0.0002,0.0923,0,0.0629,-0.7309,-0.6796,0,0.0676,0.6825,-0.7277,0,0,0.0804,-0.0744,1]},
{"frame":168,"values":[0.9959,-0.0001,0.0903,0,0.0615,-0.7309,-0.6797,0,0.0661,0.6825,-0.7279,0,0,0.0804,-0.0744,1]},
{"frame":169,"values":[0.9962,-0.0001,0.0876,0,0.0597,-0.7309,-0.6799,0,0.0641,0.6825,-0.728,0,0,0.0804,-0.0744,1]},
{"frame":170,"values":[0.9965,-0.0001,0.0841,0,0.0573,-0.7309,-0.6801,0,0.0615,0.6825,-0.7283,0,0,0.0804,-0.0744,1]},
{"frame":171,"values":[0.9968,-0.0001,0.0798,0,0.0544,-0.7309,-0.6804,0,0.0584,0.6825,-0.7285,0,0,0.0804,-0.0744,1]},
{"frame":172,"values":[0.9972,-0.0001,0.0749,0,0.051,-0.7309,-0.6806,0,0.0548,0.6825,-0.7288,0,0,0.0804,-0.0744,1]},
{"frame":173,"values":[0.9976,-0.0001,0.0694,0,0.0473,-0.7309,-0.6809,0,0.0508,0.6825,-0.7291,0,0,0.0804,-0.0744,1]},
{"frame":174,"values":[0.998,-0.0001,0.0634,0,0.0432,-0.7309,-0.6812,0,0.0464,0.6825,-0.7294,0,0,0.0804,-0.0744,1]},
{"frame":175,"values":[0.9984,-0.0001,0.0571,0,0.0389,-0.7309,-0.6814,0,0.0418,0.6825,-0.7297,0,0,0.0804,-0.0744,1]},
