{"producer":{"name":"Blender","version":"2.79 (sub 0)","exporter_version":"5.6.2","file":"fox.babylon"},
"autoClear":true,"clearColor":[0.0509,0.0509,0.0509],"ambientColor":[0,0,0],"gravity":[0,-9.81,0],
"materials":[{"name":"fox.fox","id":"fox.fox","ambient":[0.8,0.8,0.8],"diffuse":[0.64,0.64,0.64],"specular":[0,0,0],"emissive":[0,0,0],"specularPower":50,"alpha":1,"backFaceCulling":true,"checkReadyOnlyOnce":false,"maxSimultaneousLights":4, 
"diffuseTexture":{"name":"foxRed.png","level":1,"hasAlpha":1,"coordinatesMode":0,"uOffset":0,"vOffset":0,"uScale":1,"vScale":1,"uAng":0,"vAng":0,"wAng":0,"wrapU":1,"wrapV":1,"coordinatesIndex":0}}],
"multiMaterials":[],
"skeletons":[{"name":"characterSkeleton","id":0,"dimensionsAtRest":[1.1883,1.3456,0.878],"bones":[
{"name":"ROOT","index":0,"matrix":[-1,0,0,0,0,0,-1,0,0,1,0,0,0,0,0,1],"rest":[-1,0,0,0,0,0,-1,0,0,1,0,0,0,0,0,1],"parentBoneIndex":-1,"length":0.2165
,"animation":{"dataType":3,"framePerSecond":24,"keys":[
{"frame":1,"values":[-1,0,0,0,0,0,-1,0,0,1,0,0,0,0,0,1]},
{"frame":13,"values":[-1,0,0,0,0,0,-1,0,0,1,0,0,0,0,0,1]},
{"frame":20,"values":[-1,0,0,0,0,0,-1,0,0,1,0,0,0,0,0,1]},
{"frame":21,"values":[-1,0,0,0,0,0,-1,0,0,1,0,0,0,0,0,1]},
{"frame":30,"values":[-1,0,0,0,0,0,-1,0,0,1,0,0,0,0,0,1]},
{"frame":31,"values":[-1,0,0,0,0,0,-1,0,0,1,0,0,0,0,0,1]},
{"frame":40,"values":[-1,0,0,0,0,0,-1,0,0,1,0,0,0,0,0,1]},
{"frame":41,"values":[-1,0,0,0,0,0,-1,0,0,1,0,0,0,0,0,1]},
{"frame":50,"values":[-1,0,0,0,0,0,-1,0,0,1,0,0,0,0,0,1]},
{"frame":51,"values":[-1,0,0,0,0,0,-1,0,0,1,0,0,0,0,0,1]},
{"frame":60,"values":[-1,0,0,0,0,0,-1,0,0,1,0,0,0,0,0,1]},
{"frame":61,"values":[-1,0,0,0,0,0,-1,0,0,1,0,0,0,0,0,1]},
{"frame":70,"values":[-1,0,0,0,0,0,-1,0,0,1,0,0,0,0,0,1]},
{"frame":71,"values":[-1,0,0,0,0,0,-1,0,0,1,0,0,0,0,0,1]},
{"frame":80,"values":[-1,0,0,0,0,0,-1,0,0,1,0,0,0,0,0,1]},
{"frame":81,"values":[-1,0,0,0,0,0,-1,0,0,1,0,0,0,0,0,1]},
{"frame":90,"values":[-1,0,0,0,0,0,-1,0,0,1,0,0,0,0,0,1]},
{"frame":91,"values":[-1,0,0,0,0,0,-1,0,0,1,0,0,0,0,0,1]},
{"frame":100,"values":[-1,0,0,0,0,0,-1,0,0,1,0,0,0,0,0,1]},
{"frame":101,"values":[-1,0,0,0,0,0,-1,0,0,1,0,0,0,0,0,1]},
{"frame":110,"values":[-1,0,0,0,0,0,-1,0,0,1,0,0,0,0,0,1]},
{"frame":157,"values":[-1,0,0,0,0,0,-1,0,0,1,0,0,0,0,0,1]},
{"frame":170,"values":[-1,0,0,0,0,0,-1,0,0,1,0,0,0,0,0,1]},
{"frame":171,"values":[-1,0,0,0,0,0,-1,0,0,1,0,0,0,0,0,1]},
{"frame":180,"values":[-1,0,0,0,0,0,-1,0,0,1,0,0,0,0,0,1]},
{"frame":181,"values":[-1,0,0,0,0,0,-1,0,0,1,0,0,0,0,0,1]},
{"frame":190,"values":[-1,0,0,0,0,0,-1,0,0,1,0,0,0,0,0,1]},
{"frame":226,"values":[-1,0,0,0,0,0,-1,0,0,1,0,0,0,0,0,1]},
{"frame":240,"values":[-1,0,0,0,0,0,-1,0,0,1,0,0,0,0,0,1]},
{"frame":276,"values":[-1,0,0,0,0,0,-1,0,0,1,0,0,0,0,0,1]},
{"frame":290,"values":[-1,0,0,0,0,0,-1,0,0,1,0,0,0,0,0,1]},
{"frame":306,"values":[-1,0,0,0,0,0,-1,0,0,1,0,0,0,0,0,1]},
{"frame":320,"values":[-1,0,0,0,0,0,-1,0,0,1,0,0,0,0,0,1]},
{"frame":321,"values":[-1,0,0,0,0,0,-1,0,0,1,0,0,0,0,0,1]}],"loopBehavior":1,"name":"anim","property":"_matrix"}},
{"name":"POLE.elbow.l","index":1,"matrix":[-1,0,0,0,0,0,1,0,0,1,0,0,-0.7051,-0.2187,0.8328,1],"rest":[-1,0,0,0,0,0,1,0,0,1,0,0,-0.2652,-0.2187,0.8328,1],"parentBoneIndex":0,"length":0.2166
,"animation":{"dataType":3,"framePerSecond":24,"keys":[
{"frame":1,"values":[-1,0,0,0,0,0,1,0,0,1,0,0,-0.7051,-0.2187,0.8328,1]},
{"frame":13,"values":[-1,0,0,0,0,0,1,0,0,1,0,0,-0.7051,-0.2187,0.8328,1]},
{"frame":20,"values":[-1,0,0,0,0,0,1,0,0,1,0,0,-0.7051,-0.2187,0.8328,1]},
{"frame":21,"values":[-1,0,0,0,0,0,1,0,0,1,0,0,-0.7051,-0.2187,0.8328,1]},
{"frame":30,"values":[-1,0,0,0,0,0,1,0,0,1,0,0,-0.7051,-0.2187,0.8328,1]},
{"frame":31,"values":[-1,0,0,0,0,0,1,0,0,1,0,0,-0.7051,-0.2187,0.8328,1]},
{"frame":40,"values":[-1,0,0,0,0,0,1,0,0,1,0,0,-0.7051,-0.2187,0.8328,1]},
{"frame":41,"values":[-1,0,0,0,0,0,1,0,0,1,0,0,-0.7051,-0.2187,0.8328,1]},
{"frame":50,"values":[-1,0,0,0,0,0,1,0,0,1,0,0,-0.7051,-0.2187,0.8328,1]},
{"frame":51,"values":[-1,0,0,0,0,0,1,0,0,1,0,0,-0.7051,-0.2187,0.8328,1]},
{"frame":60,"values":[-1,0,0,0,0,0,1,0,0,1,0,0,-0.7051,-0.2187,0.8328,1]},
{"frame":61,"values":[-1,0,0,0,0,0,1,0,0,1,0,0,-0.7051,-0.2187,0.8328,1]},
{"frame":70,"values":[-1,0,0,0,0,0,1,0,0,1,0,0,-0.7051,-0.2187,0.8328,1]},
{"frame":71,"values":[-1,0,0,0,0,0,1,0,0,1,0,0,-0.7051,-0.2187,0.8328,1]},
{"frame":80,"values":[-1,0,0,0,0,0,1,0,0,1,0,0,-0.7051,-0.2187,0.8328,1]},
{"frame":81,"values":[-1,0,0,0,0,0,1,0,0,1,0,0,-0.7051,-0.2187,0.8328,1]},
{"frame":90,"values":[-1,0,0,0,0,0,1,0,0,1,0,0,-0.7051,-0.2187,0.8328,1]},
{"frame":91,"values":[-1,0,0,0,0,0,1,0,0,1,0,0,-0.7051,-0.2187,0.8328,1]},
{"frame":100,"values":[-1,0,0,0,0,0,1,0,0,1,0,0,-0.7051,-0.2187,0.8328,1]},
{"frame":101,"values":[-1,0,0,0,0,0,1,0,0,1,0,0,-0.7051,-0.2187,0.8328,1]},
{"frame":110,"values":[-1,0,0,0,0,0,1,0,0,1,0,0,-0.7051,-0.2187,0.8328,1]},
{"frame":157,"values":[-1,0,0,0,0,0,1,0,0,1,0,0,-0.7051,-0.2187,0.8328,1]},
{"frame":170,"values":[-1,0,0,0,0,0,1,0,0,1,0,0,-0.7051,-0.2187,0.8328,1]},
{"frame":171,"values":[-1,0,0,0,0,0,1,0,0,1,0,0,-0.7051,-0.2187,0.8328,1]},
{"frame":180,"values":[-1,0,0,0,0,0,1,0,0,1,0,0,-0.2652,-0.2187,0.8328,1]},
{"frame":181,"values":[-1,0,0,0,0,0,1,0,0,1,0,0,-0.4707,-0.2187,0.8328,1]},
{"frame":190,"values":[-1,0,0,0,0,0,1,0,0,1,0,0,-0.8152,-0.2187,0.8328,1]},
{"frame":191,"values":[-1,0,0,0,0,0,1,0,0,1,0,0,-0.8164,-0.2187,0.8328,1]},
{"frame":192,"values":[-1,0,0,0,0,0,1,0,0,1,0,0,-0.8201,-0.2187,0.8328,1]},
{"frame":193,"values":[-1,0,0,0,0,0,1,0,0,1,0,0,-0.8264,-0.2187,0.8328,1]},
{"frame":194,"values":[-1,0,0,0,0,0,1,0,0,1,0,0,-0.8351,-0.2187,0.8328,1]},
{"frame":195,"values":[-1,0,0,0,0,0,1,0,0,1,0,0,-0.846,-0.2187,0.8328,1]},
{"frame":196,"values":[-1,0,0,0,0,0,1,0,0,1,0,0,-0.859,-0.2187,0.8328,1]},
{"frame":197,"values":[-1,0,0,0,0,0,1,0,0,1,0,0,-0.8737,-0.2187,0.8328,1]},
{"frame":198,"values":[-1,0,0,0,0,0,1,0,0,1,0,0,-0.8895,-0.2187,0.8328,1]},
{"frame":199,"values":[-1,0,0,0,0,0,1,0,0,1,0,0,-0.9059,-0.2187,0.8328,1]},
{"frame":200,"values":[-1,0,0,0,0,0,1,0,0,1,0,0,-0.9224,-0.2187,0.8328,1]},
{"frame":201,"values":[-1,0,0,0,0,0,1,0,0,1,0,0,-0.9382,-0.2187,0.8328,1]},
{"frame":202,"values":[-1,0,0,0,0,0,1,0,0,1,0,0,-0.9529,-0.2187,0.8328,1]},
{"frame":203,"values":[-1,0,0,0,0,0,1,0,0,1,0,0,-0.9659,-0.2187,0.8328,1]},
{"frame":204,"values":[-1,0,0,0,0,0,1,0,0,1,0,0,-0.9768,-0.2187,0.8328,1]},
{"frame":205,"values":[-1,0,0,0,0,0,1,0,0,1,0,0,-0.9855,-0.2187,0.8328,1]},
{"frame":206,"values":[-1,0,0,0,0,0,1,0,0,1,0,0,-0.9918,-0.2187,0.8328,1]},
{"frame":207,"values":[-1,0,0,0,0,0,1,0,0,1,0,0,-0.9955,-0.2187,0.8328,1]},
{"frame":208,"values":[-1,0,0,0,0,0,1,0,0,1,0,0,-0.9967,-0.2187,0.8328,1]},
{"frame":209,"values":[-1,0,0,0,0,0,1,0,0,1,0,0,-0.9955,-0.2187,0.8328,1]},
{"frame":210,"values":[-1,0,0,0,0,0,1,0,0,1,0,0,-0.9918,-0.2187,0.8328,1]},
{"frame":211,"values":[-1,0,0,0,0,0,1,0,0,1,0,0,-0.9855,-0.2187,0.8328,1]},
{"frame":212,"values":[-1,0,0,0,0,0,1,0,0,1,0,0,-0.9768,-0.2187,0.8328,1]},
{"frame":213,"values":[-1,0,0,0,0,0,1,0,0,1,0,0,-0.9659,-0.2187,0.8328,1]},
{"frame":214,"values":[-1,0,0,0,0,0,1,0,0,1,0,0,-0.9529,-0.2187,0.8328,1]},
{"frame":215,"values":[-1,0,0,0,0,0,1,0,0,1,0,0,-0.9382,-0.2187,0.8328,1]},
{"frame":216,"values":[-1,0,0,0,0,0,1,0,0,1,0,0,-0.9224,-0.2187,0.8328,1]},
{"frame":217,"values":[-1,0,0,0,0,0,1,0,0,1,0,0,-0.9059,-0.2187,0.8328,1]},
{"frame":218,"values":[-1,0,0,0,0,0,1,0,0,1,0,0,-0.8895,-0.2187,0.8328,1]},
{"frame":219,"values":[-1,0,0,0,0,0,1,0,0,1,0,0,-0.8737,-0.2187,0.8328,1]},
{"frame":220,"values":[-1,0,0,0,0,0,1,0,0,1,0,0,-0.859,-0.2187,0.8328,1]},
{"frame":221,"values":[-1,0,0,0,0,0,1,0,0,1,0,0,-0.846,-0.2187,0.8328,1]},
{"frame":222,"values":[-1,0,0,0,0,0,1,0,0,1,0,0,-0.8351,-0.2187,0.8328,1]},
{"frame":223,"values":[-1,0,0,0,0,0,1,0,0,1,0,0,-0.8264,-0.2187,0.8328,1]},
{"frame":224,"values":[-1,0,0,0,0,0,1,0,0,1,0,0,-0.8201,-0.2187,0.8328,1]},
{"frame":225,"values":[-1,0,0,0,0,0,1,0,0,1,0,0,-0.8164,-0.2187,0.8328,1]},
{"frame":226,"values":[-1,0,0,0,0,0,1,0,0,1,0,0,-0.8152,-0.2187,0.8328,1]},
{"frame":240,"values":[-1,0,0,0,0,0,1,0,0,1,0,0,-0.8152,-0.2187,0.8328,1]},
{"frame":241,"values":[-1,0,0,0,0,0,1,0,0,1,0,0,-0.8164,-0.2187,0.8328,1]},
{"frame":242,"values":[-1,0,0,0,0,0,1,0,0,1,0,0,-0.8201,-0.2187,0.8328,1]},
{"frame":243,"values":[-1,0,0,0,0,0,1,0,0,1,0,0,-0.8264,-0.2187,0.8328,1]},
{"frame":244,"values":[-1,0,0,0,0,0,1,0,0,1,0,0,-0.8351,-0.2187,0.8328,1]},
{"frame":245,"values":[-1,0,0,0,0,0,1,0,0,1,0,0,-0.846,-0.2187,0.8328,1]},
{"frame":246,"values":[-1,0,0,0,0,0,1,0,0,1,0,0,-0.859,-0.2187,0.8328,1]},
{"frame":247,"values":[-1,0,0,0,0,0,1,0,0,1,0,0,-0.8737,-0.2187,0.8328,1]},
{"frame":248,"values":[-1,0,0,0,0,0,1,0,0,1,0,0,-0.8895,-0.2187,0.8328,1]},
{"frame":249,"values":[-1,0,0,0,0,0,1,0,0,1,0,0,-0.9059,-0.2187,0.8328,1]},
{"frame":250,"values":[-1,0,0,0,0,0,1,0,0,1,0,0,-0.9224,-0.2187,0.8328,1]},
{"frame":251,"values":[-1,0,0,0,0,0,1,0,0,1,0,0,-0.9382,-0.2187,0.8328,1]},
{"frame":252,"values":[-1,0,0,0,0,0,1,0,0,1,0,0,-0.9529,-0.2187,0.8328,1]},
{"frame":253,"values":[-1,0,0,0,0,0,1,0,0,1,0,0,-0.9659,-0.2187,0.8328,1]},
{"frame":254,"values":[-1,0,0,0,0,0,1,0,0,1,0,0,-0.9768,-0.2187,0.8328,1]},
{"frame":255,"values":[-1,0,0,0,0,0,1,0,0,1,0,0,-0.9855,-0.2187,0.8328,1]},
{"frame":256,"values":[-1,0,0,0,0,0,1,0,0,1,0,0,-0.9918,-0.2187,0.8328,1]},
{"frame":257,"values":[-1,0,0,0,0,0,1,0,0,1,0,0,-0.9955,-0.2187,0.8328,1]},
{"frame":258,"values":[-1,0,0,0,0,0,1,0,0,1,0,0,-0.9967,-0.2187,0.8328,1]},
{"frame":259,"values":[-1,0,0,0,0,0,1,0,0,1,0,0,-0.9955,-0.2187,0.8328,1]},
{"frame":260,"values":[-1,0,0,0,0,0,1,0,0,1,0,0,-0.9918,-0.2187,0.8328,1]},
{"frame":261,"values":[-1,0,0,0,0,0,1,0,0,1,0,0,-0.9855,-0.2187,0.8328,1]},
{"frame":262,"values":[-1,0,0,0,0,0,1,0,0,1,0,0,-0.9768,-0.2187,0.8328,1]},
{"frame":263,"values":[-1,0,0,0,0,0,1,0,0,1,0,0,-0.9659,-0.2187,0.8328,1]},
{"frame":264,"values":[-1,0,0,0,0,0,1,0,0,1,0,0,-0.9529,-0.2187,0.8328,1]},
{"frame":265,"values":[-1,0,0,0,0,0,1,0,0,1,0,0,-0.9382,-0.2187,0.8328,1]},
{"frame":266,"values":[-1,0,0,0,0,0,1,0,0,1,0,0,-0.9224,-0.2187,0.8328,1]},
{"frame":267,"values":[-1,0,0,0,0,0,1,0,0,1,0,0,-0.9059,-0.2187,0.8328,1]},
{"frame":268,"values":[-1,0,0,0,0,0,1,0,0,1,0,0,-0.8895,-0.2187,0.8328,1]},
{"frame":269,"values":[-1,0,0,0,0,0,1,0,0,1,0,0,-0.8737,-0.2187,0.8328,1]},
{"frame":270,"values":[-1,0,0,0,0,0,1,0,0,1,0,0,-0.859,-0.2187,0.8328,1]},
{"frame":271,"values":[-1,0,0,0,0,0,1,0,0,1,0,0,-0.846,-0.2187,0.8328,1]},
{"frame":272,"values":[-1,0,0,0,0,0,1,0,0,1,0,0,-0.8351,-0.2187,0.8328,1]},
{"frame":273,"values":[-1,0,0,0,0,0,1,0,0,1,0,0,-0.8264,-0.2187,0.8328,1]},
{"frame":274,"values":[-1,0,0,0,0,0,1,0,0,1,0,0,-0.8201,-0.2187,0.8328,1]},
{"frame":275,"values":[-1,0,0,0,0,0,1,0,0,1,0,0,-0.8164,-0.2187,0.8328,1]},
{"frame":276,"values":[-1,0,0,0,0,0,1,0,0,1,0,0,-0.8152,-0.2187,0.8328,1]},
{"frame":290,"values":[-1,0,0,0,0,0,1,0,0,1,0,0,-0.7051,-0.2187,0.8328,1]},
{"frame":306,"values":[-1,0,0,0,0,0,1,0,0,1,0,0,-0.7051,-0.2187,0.8328,1]},
{"frame":320,"values":[-1,0,0,0,0,0,1,0,0,1,0,0,-0.7051,-0.2187,0.8328,1]},
{"frame":321,"values":[-1,0,0,0,0,0,1,0,0,1,0,0,-0.7051,-0.2187,0.8328,1]}],"loopBehavior":1,"name":"anim","property":"_matrix"}},
{"name":"POLE.elbow.r","index":2,"matrix":[-1,0,0,0,0,0,1,0,0,1,0,0,0.7045,-0.2187,0.8328,1],"rest":[-1,0,0,0,0,0,1,0,0,1,0,0,0.2646,-0.2187,0.8328,1],"parentBoneIndex":0,"length":0.2166
,"animation":{"dataType":3,"framePerSecond":24,"keys":[
{"frame":1,"values":[-1,0,0,0,0,0,1,0,0,1,0,0,0.7045,-0.2187,0.8328,1]},
{"frame":13,"values":[-1,0,0,0,0,0,1,0,0,1,0,0,0.7045,-0.2187,0.8328,1]},
{"frame":20,"values":[-1,0,0,0,0,0,1,0,0,1,0,0,0.7045,-0.2187,0.8328,1]},
{"frame":21,"values":[-1,0,0,0,0,0,1,0,0,1,0,0,0.7045,-0.2187,0.8328,1]},
{"frame":30,"values":[-1,0,0,0,0,0,1,0,0,1,0,0,0.7045,-0.2187,0.8328,1]},
{"frame":31,"values":[-1,0,0,0,0,0,1,0,0,1,0,0,0.7045,-0.2187,0.8328,1]},
{"frame":40,"values":[-1,0,0,0,0,0,1,0,0,1,0,0,0.7045,-0.2187,0.8328,1]},
{"frame":41,"values":[-1,0,0,0,0,0,1,0,0,1,0,0,0.7045,-0.2187,0.8328,1]},
{"frame":50,"values":[-1,0,0,0,0,0,1,0,0,1,0,0,0.7045,-0.2187,0.8328,1]},
{"frame":51,"values":[-1,0,0,0,0,0,1,0,0,1,0,0,0.7045,-0.2187,0.8328,1]},
{"frame":60,"values":[-1,0,0,0,0,0,1,0,0,1,0,0,0.7045,-0.2187,0.8328,1]},
{"frame":61,"values":[-1,0,0,0,0,0,1,0,0,1,0,0,0.7045,-0.2187,0.8328,1]},
{"frame":70,"values":[-1,0,0,0,0,0,1,0,0,1,0,0,0.7045,-0.2187,0.8328,1]},
{"frame":71,"values":[-1,0,0,0,0,0,1,0,0,1,0,0,0.7045,-0.2187,0.8328,1]},
{"frame":80,"values":[-1,0,0,0,0,0,1,0,0,1,0,0,0.7045,-0.2187,0.8328,1]},
{"frame":81,"values":[-1,0,0,0,0,0,1,0,0,1,0,0,0.7045,-0.2187,0.8328,1]},
{"frame":90,"values":[-1,0,0,0,0,0,1,0,0,1,0,0,0.7045,-0.2187,0.8328,1]},
{"frame":91,"values":[-1,0,0,0,0,0,1,0,0,1,0,0,0.7045,-0.2187,0.8328,1]},
{"frame":100,"values":[-1,0,0,0,0,0,1,0,0,1,0,0,0.7045,-0.2187,0.8328,1]},
{"frame":101,"values":[-1,0,0,0,0,0,1,0,0,1,0,0,0.7045,-0.2187,0.8328,1]},
{"frame":110,"values":[-1,0,0,0,0,0,1,0,0,1,0,0,0.7045,-0.2187,0.8328,1]},
{"frame":157,"values":[-1,0,0,0,0,0,1,0,0,1,0,0,0.7045,-0.2187,0.8328,1]},
{"frame":170,"values":[-1,0,0,0,0,0,1,0,0,1,0,0,0.7045,-0.2187,0.8328,1]},
{"frame":171,"values":[-1,0,0,0,0,0,1,0,0,1,0,0,0.7045,-0.2187,0.8328,1]},
{"frame":180,"values":[-1,0,0,0,0,0,1,0,0,1,0,0,0.2646,-0.2187,0.8328,1]},
{"frame":181,"values":[-1,0,0,0,0,0,1,0,0,1,0,0,0.8874,-0.2187,0.8328,1]},
{"frame":190,"values":[-1,0,0,0,0,0,1,0,0,1,0,0,0.9962,-0.2187,0.8328,1]},
{"frame":191,"values":[-1,0,0,0,0,0,1,0,0,1,0,0,0.9949,-0.2187,0.8328,1]},
{"frame":192,"values":[-1,0,0,0,0,0,1,0,0,1,0,0,0.9912,-0.2187,0.8328,1]},
{"frame":193,"values":[-1,0,0,0,0,0,1,0,0,1,0,0,0.9849,-0.2187,0.8328,1]},
{"frame":194,"values":[-1,0,0,0,0,0,1,0,0,1,0,0,0.9763,-0.2187,0.8328,1]},
{"frame":195,"values":[-1,0,0,0,0,0,1,0,0,1,0,0,0.9653,-0.2187,0.8328,1]},
{"frame":196,"values":[-1,0,0,0,0,0,1,0,0,1,0,0,0.9523,-0.2187,0.8328,1]},
{"frame":197,"values":[-1,0,0,0,0,0,1,0,0,1,0,0,0.9377,-0.2187,0.8328,1]},
{"frame":198,"values":[-1,0,0,0,0,0,1,0,0,1,0,0,0.9218,-0.2187,0.8328,1]},
{"frame":199,"values":[-1,0,0,0,0,0,1,0,0,1,0,0,0.9054,-0.2187,0.8328,1]},
{"frame":200,"values":[-1,0,0,0,0,0,1,0,0,1,0,0,0.8889,-0.2187,0.8328,1]},
{"frame":201,"values":[-1,0,0,0,0,0,1,0,0,1,0,0,0.8731,-0.2187,0.8328,1]},
{"frame":202,"values":[-1,0,0,0,0,0,1,0,0,1,0,0,0.8585,-0.2187,0.8328,1]},
{"frame":203,"values":[-1,0,0,0,0,0,1,0,0,1,0,0,0.8455,-0.2187,0.8328,1]},
{"frame":204,"values":[-1,0,0,0,0,0,1,0,0,1,0,0,0.8345,-0.2187,0.8328,1]},
{"frame":205,"values":[-1,0,0,0,0,0,1,0,0,1,0,0,0.8258,-0.2187,0.8328,1]},
{"frame":206,"values":[-1,0,0,0,0,0,1,0,0,1,0,0,0.8196,-0.2187,0.8328,1]},
{"frame":207,"values":[-1,0,0,0,0,0,1,0,0,1,0,0,0.8158,-0.2187,0.8328,1]},
{"frame":208,"values":[-1,0,0,0,0,0,1,0,0,1,0,0,0.8146,-0.2187,0.8328,1]},
{"frame":209,"values":[-1,0,0,0,0,0,1,0,0,1,0,0,0.8158,-0.2187,0.8328,1]},
{"frame":210,"values":[-1,0,0,0,0,0,1,0,0,1,0,0,0.8196,-0.2187,0.8328,1]},
{"frame":211,"values":[-1,0,0,0,0,0,1,0,0,1,0,0,0.8258,-0.2187,0.8328,1]},
{"frame":212,"values":[-1,0,0,0,0,0,1,0,0,1,0,0,0.8345,-0.2187,0.8328,1]},
{"frame":213,"values":[-1,0,0,0,0,0,1,0,0,1,0,0,0.8455,-0.2187,0.8328,1]},
{"frame":214,"values":[-1,0,0,0,0,0,1,0,0,1,0,0,0.8585,-0.2187,0.8328,1]},
{"frame":215,"values":[-1,0,0,0,0,0,1,0,0,1,0,0,0.8731,-0.2187,0.8328,1]},
{"frame":216,"values":[-1,0,0,0,0,0,1,0,0,1,0,0,0.8889,-0.2187,0.8328,1]},
{"frame":217,"values":[-1,0,0,0,0,0,1,0,0,1,0,0,0.9054,-0.2187,0.8328,1]},
{"frame":218,"values":[-1,0,0,0,0,0,1,0,0,1,0,0,0.9218,-0.2187,0.8328,1]},
{"frame":219,"values":[-1,0,0,0,0,0,1,0,0,1,0,0,0.9377,-0.2187,0.8328,1]},
{"frame":220,"values":[-1,0,0,0,0,0,1,0,0,1,0,0,0.9523,-0.2187,0.8328,1]},
{"frame":221,"values":[-1,0,0,0,0,0,1,0,0,1,0,0,0.9653,-0.2187,0.8328,1]},
{"frame":222,"values":[-1,0,0,0,0,0,1,0,0,1,0,0,0.9763,-0.2187,0.8328,1]},
{"frame":223,"values":[-1,0,0,0,0,0,1,0,0,1,0,0,0.9849,-0.2187,0.8328,1]},
{"frame":224,"values":[-1,0,0,0,0,0,1,0,0,1,0,0,0.9912,-0.2187,0.8328,1]},
{"frame":225,"values":[-1,0,0,0,0,0,1,0,0,1,0,0,0.9949,-0.2187,0.8328,1]},
{"frame":226,"values":[-1,0,0,0,0,0,1,0,0,1,0,0,0.9962,-0.2187,0.8328,1]},
{"frame":240,"values":[-1,0,0,0,0,0,1,0,0,1,0,0,0.9962,-0.2187,0.8328,1]},
{"frame":241,"values":[-1,0,0,0,0,0,1,0,0,1,0,0,0.9949,-0.2187,0.8328,1]},
{"frame":242,"values":[-1,0,0,0,0,0,1,0,0,1,0,0,0.9912,-0.2187,0.8328,1]},
{"frame":243,"values":[-1,0,0,0,0,0,1,0,0,1,0,0,0.9849,-0.2187,0.8328,1]},
{"frame":244,"values":[-1,0,0,0,0,0,1,0,0,1,0,0,0.9763,-0.2187,0.8328,1]},
{"frame":245,"values":[-1,0,0,0,0,0,1,0,0,1,0,0,0.9653,-0.2187,0.8328,1]},
{"frame":246,"values":[-1,0,0,0,0,0,1,0,0,1,0,0,0.9523,-0.2187,0.8328,1]},
{"frame":247,"values":[-1,0,0,0,0,0,1,0,0,1,0,0,0.9377,-0.2187,0.8328,1]},
{"frame":248,"values":[-1,0,0,0,0,0,1,0,0,1,0,0,0.9218,-0.2187,0.8328,1]},
{"frame":249,"values":[-1,0,0,0,0,0,1,0,0,1,0,0,0.9054,-0.2187,0.8328,1]},
{"frame":250,"values":[-1,0,0,0,0,0,1,0,0,1,0,0,0.8889,-0.2187,0.8328,1]},
{"frame":251,"values":[-1,0,0,0,0,0,1,0,0,1,0,0,0.8731,-0.2187,0.8328,1]},
{"frame":252,"values":[-1,0,0,0,0,0,1,0,0,1,0,0,0.8585,-0.2187,0.8328,1]},
{"frame":253,"values":[-1,0,0,0,0,0,1,0,0,1,0,0,0.8455,-0.2187,0.8328,1]},
{"frame":254,"values":[-1,0,0,0,0,0,1,0,0,1,0,0,0.8345,-0.2187,0.8328,1]},
{"frame":255,"values":[-1,0,0,0,0,0,1,0,0,1,0,0,0.8258,-0.2187,0.8328,1]},
{"frame":256,"values":[-1,0,0,0,0,0,1,0,0,1,0,0,0.8196,-0.2187,0.8328,1]},
{"frame":257,"values":[-1,0,0,0,0,0,1,0,0,1,0,0,0.8158,-0.2187,0.8328,1]},
{"frame":258,"values":[-1,0,0,0,0,0,1,0,0,1,0,0,0.8146,-0.2187,0.8328,1]},
{"frame":259,"values":[-1,0,0,0,0,0,1,0,0,1,0,0,0.8158,-0.2187,0.8328,1]},
{"frame":260,"values":[-1,0,0,0,0,0,1,0,0,1,0,0,0.8196,-0.2187,0.8328,1]},
{"frame":261,"values":[-1,0,0,0,0,0,1,0,0,1,0,0,0.8258,-0.2187,0.8328,1]},
{"frame":262,"values":[-1,0,0,0,0,0,1,0,0,1,0,0,0.8345,-0.2187,0.8328,1]},
{"frame":263,"values":[-1,0,0,0,0,0,1,0,0,1,0,0,0.8455,-0.2187,0.8328,1]},
{"frame":264,"values":[-1,0,0,0,0,0,1,0,0,1,0,0,0.8585,-0.2187,0.8328,1]},
{"frame":265,"values":[-1,0,0,0,0,0,1,0,0,1,0,0,0.8731,-0.2187,0.8328,1]},
{"frame":266,"values":[-1,0,0,0,0,0,1,0,0,1,0,0,0.8889,-0.2187,0.8328,1]},
{"frame":267,"values":[-1,0,0,0,0,0,1,0,0,1,0,0,0.9054,-0.2187,0.8328,1]},
{"frame":268,"values":[-1,0,0,0,0,0,1,0,0,1,0,0,0.9218,-0.2187,0.8328,1]},
{"frame":269,"values":[-1,0,0,0,0,0,1,0,0,1,0,0,0.9377,-0.2187,0.8328,1]},
{"frame":270,"values":[-1,0,0,0,0,0,1,0,0,1,0,0,0.9523,-0.2187,0.8328,1]},
{"frame":271,"values":[-1,0,0,0,0,0,1,0,0,1,0,0,0.9653,-0.2187,0.8328,1]},
{"frame":272,"values":[-1,0,0,0,0,0,1,0,0,1,0,0,0.9763,-0.2187,0.8328,1]},
{"frame":273,"values":[-1,0,0,0,0,0,1,0,0,1,0,0,0.9849,-0.2187,0.8328,1]},
{"frame":274,"values":[-1,0,0,0,0,0,1,0,0,1,0,0,0.9912,-0.2187,0.8328,1]},
{"frame":275,"values":[-1,0,0,0,0,0,1,0,0,1,0,0,0.9949,-0.2187,0.8328,1]},
{"frame":276,"values":[-1,0,0,0,0,0,1,0,0,1,0,0,0.9962,-0.2187,0.8328,1]},
{"frame":290,"values":[-1,0,0,0,0,0,1,0,0,1,0,0,0.7045,-0.2187,0.8328,1]},
{"frame":306,"values":[-1,0,0,0,0,0,1,0,0,1,0,0,0.7045,-0.2187,0.8328,1]},
{"frame":320,"values":[-1,0,0,0,0,0,1,0,0,1,0,0,0.7045,-0.2187,0.8328,1]},
{"frame":321,"values":[-1,0,0,0,0,0,1,0,0,1,0,0,0.7045,-0.2187,0.8328,1]}],"loopBehavior":1,"name":"anim","property":"_matrix"}},
{"name":"pelvis","index":3,"matrix":[-1,0,0,0,0,-0.0018,1,0,0,1,0.0018,0,0,0.0138,0.325,1],"rest":[-1,0,0,0,0,-0.0018,1,0,0,1,0.0018,0,0,0.0138,0.325,1],"parentBoneIndex":0,"length":0.1352
,"animation":{"dataType":3,"framePerSecond":24,"keys":[
{"frame":1,"values":[-1,0,0,0,0,-0.0018,1,0,0,1,0.0018,0,0,0.0138,0.325,1]},
{"frame":13,"values":[-1,0,0,0,0,-0.0018,1,0,0,1,0.0018,0,0,0.0138,0.325,1]},
{"frame":20,"values":[-1,0,0,0,0,-0.0018,1,0,0,1,0.0018,0,0,0.0138,0.325,1]},
{"frame":21,"values":[-1,0,0,0,0,-0.0018,1,0,0,1,0.0018,0,0,0.0138,0.325,1]},
{"frame":30,"values":[-1,0,0,0,0,-0.0018,1,0,0,1,0.0018,0,0,0.0138,0.325,1]},
{"frame":31,"values":[-1,0,0,0,0,-0.0018,1,0,0,1,0.0018,0,0,0.0138,0.325,1]},
{"frame":40,"values":[-1,0,0,0,0,-0.0018,1,0,0,1,0.0018,0,0,0.0138,0.325,1]},
{"frame":41,"values":[-1,0,0,0,0,-0.0018,1,0,0,1,0.0018,0,0,0.0138,0.325,1]},
{"frame":50,"values":[-1,0,0,0,0,-0.0018,1,0,0,1,0.0018,0,0,0.0138,0.325,1]},
{"frame":51,"values":[-1,0,0,0,0,-0.0018,1,0,0,1,0.0018,0,0,0.0138,0.325,1]},
{"frame":60,"values":[-1,0,0,0,0,-0.0018,1,0,0,1,0.0018,0,0,0.0138,0.325,1]},
{"frame":61,"values":[-1,0,0,0,0,-0.0018,1,0,0,1,0.0018,0,0,0.0138,0.325,1]},
{"frame":70,"values":[-1,0,0,0,0,-0.0018,1,0,0,1,0.0018,0,0,0.0138,0.325,1]},
{"frame":71,"values":[-1,0,0,0,0,-0.0018,1,0,0,1,0.0018,0,0,0.0138,0.325,1]},
{"frame":80,"values":[-1,0,0,0,0,-0.0018,1,0,0,1,0.0018,0,0,0.0138,0.325,1]},
{"frame":81,"values":[-1,0,0,0,0,-0.0018,1,0,0,1,0.0018,0,0,0.0138,0.325,1]},
{"frame":90,"values":[-1,0,0,0,0,-0.0018,1,0,0,1,0.0018,0,0,0.0138,0.325,1]},
{"frame":91,"values":[-1,0,0,0,0,-0.0018,1,0,0,1,0.0018,0,0,0.0138,0.325,1]},
{"frame":100,"values":[-1,0,0,0,0,-0.0018,1,0,0,1,0.0018,0,0,0.0138,0.325,1]},
{"frame":101,"values":[-1,0,0,0,0,-0.0018,1,0,0,1,0.0018,0,0,0.0138,0.325,1]},
{"frame":110,"values":[-1,0,0,0,0,-0.0018,1,0,0,1,0.0018,0,0,0.0138,0.325,1]},
{"frame":157,"values":[-1,0,0,0,0,-0.0018,1,0,0,1,0.0018,0,0,0.0138,0.325,1]},
{"frame":170,"values":[-1,0,0,0,0,-0.0018,1,0,0,1,0.0018,0,0,0.0138,0.325,1]},
{"frame":171,"values":[-1,0,0,0,0,-0.0018,1,0,0,1,0.0018,0,0,0.0138,0.325,1]},
{"frame":180,"values":[-1,0,0,0,0,-0.0018,1,0,0,1,0.0018,0,0,0.0138,0.325,1]},
{"frame":181,"values":[-0.999,0.0412,0.0181,0,0.0088,-0.2163,0.9763,0,0.0441,0.9755,0.2157,0,0,0.0138,0.0712,1]},
{"frame":190,"values":[-0.9848,0.1738,-0.0022,0,0.009,0.0637,0.9979,0,0.1736,0.9827,-0.0643,0,0,0.0138,0.325,1]},
{"frame":191,"values":[-0.9852,0.1715,-0.0019,0,0.0085,0.0597,0.9982,0,0.1713,0.9834,-0.0602,0,0,0.0138,0.325,1]},
{"frame":192,"values":[-0.9864,0.1643,-0.0012,0,0.0068,0.0479,0.9988,0,0.1642,0.9852,-0.0484,0,0,0.0138,0.325,1]},
{"frame":193,"values":[-0.9883,0.1523,-0.0003,0,0.0045,0.031,0.9995,0,0.1523,0.9878,-0.0313,0,0,0.0138,0.325,1]},
{"frame":194,"values":[-0.9907,0.1357,0.0003,0,0.0022,0.014,0.9999,0,0.1357,0.9906,-0.0142,0,0,0.0138,0.325,1]},
{"frame":195,"values":[-0.9934,0.1148,0.0004,0,0.0007,0.0022,1,0,0.1148,0.9934,-0.0023,0,0,0.0138,0.325,1]},
{"frame":196,"values":[-0.9959,0.09,0.0001,0,-0.0001,-0.0018,1,0,0.09,0.9959,0.0018,0,0,0.0138,0.325,1]},
{"frame":197,"values":[-0.9981,0.062,-0.0004,0,-0.0004,0.0006,1,0,0.062,0.9981,-0.0006,0,0,0.0138,0.325,1]},
{"frame":198,"values":[-0.9995,0.0316,-0.0008,0,-0.0006,0.0078,1,0,0.0316,0.9995,-0.0077,0,0,0.0138,0.325,1]},
{"frame":199,"values":[-1,0,-0.0009,0,-0.0009,0.0193,0.9998,0,0,0.9998,-0.0193,0,0,0.0138,0.325,1]},
{"frame":200,"values":[-0.9995,-0.0316,-0.0005,0,-0.0015,0.0339,0.9994,0,-0.0316,0.9989,-0.0339,0,0,0.0138,0.325,1]},
{"frame":201,"values":[-0.9981,-0.0619,0.0004,0,-0.0027,0.0496,0.9988,0,-0.0619,0.9968,-0.0497,0,0,0.0138,0.325,1]},
{"frame":202,"values":[-0.9959,-0.0899,0.0015,0,-0.0043,0.0641,0.9979,0,-0.0899,0.9939,-0.0642,0,0,0.0138,0.325,1]},
{"frame":203,"values":[-0.9934,-0.1147,0.0026,0,-0.0061,0.0754,0.9971,0,-0.1146,0.9905,-0.0756,0,0,0.0138,0.325,1]},
{"frame":204,"values":[-0.9908,-0.1355,0.0034,0,-0.0079,0.0824,0.9966,0,-0.1353,0.9873,-0.0827,0,0,0.0138,0.325,1]},
{"frame":205,"values":[-0.9884,-0.152,0.0035,0,-0.0094,0.0846,0.9964,0,-0.1517,0.9848,-0.0851,0,0,0.0138,0.325,1]},
{"frame":206,"values":[-0.9865,-0.164,0.0022,0,-0.0112,0.0809,0.9967,0,-0.1636,0.9831,-0.0817,0,0,0.0138,0.325,1]},
{"frame":207,"values":[-0.9852,-0.1714,-0.0006,0,-0.013,0.0715,0.9974,0,-0.1709,0.9826,-0.0727,0,0,0.0138,0.325,1]},
{"frame":208,"values":[-0.9848,-0.1739,-0.0022,0,-0.0133,0.063,0.9979,0,-0.1734,0.9827,-0.0643,0,0,0.0138,0.325,1]},
{"frame":209,"values":[-0.985,-0.1723,-0.0023,0,-0.0121,0.0559,0.9984,0,-0.1719,0.9834,-0.0572,0,0,0.0138,0.325,1]},
{"frame":210,"values":[-0.986,-0.1669,-0.0015,0,-0.0096,0.048,0.9988,0,-0.1666,0.9848,-0.0489,0,0,0.0138,0.325,1]},
{"frame":211,"values":[-0.9876,-0.1571,0,0,-0.0064,0.0402,0.9992,0,-0.157,0.9868,-0.0407,0,0,0.0138,0.325,1]},
{"frame":212,"values":[-0.9896,-0.1435,0.0017,0,-0.0032,0.0339,0.9994,0,-0.1435,0.9891,-0.034,0,0,0.0138,0.325,1]},
{"frame":213,"values":[-0.9918,-0.1275,0.0028,0,-0.001,0.0301,0.9995,0,-0.1275,0.9914,-0.0299,0,0,0.0138,0.325,1]},
{"frame":214,"values":[-0.9939,-0.1105,0.0031,0,-0.0001,0.0288,0.9996,0,-0.1106,0.9935,-0.0287,0,0,0.0138,0.325,1]},
{"frame":215,"values":[-0.9958,-0.0911,0.0028,0,0,0.0304,0.9995,0,-0.0911,0.9954,-0.0303,0,0,0.0138,0.325,1]},
{"frame":216,"values":[-0.9978,-0.0669,0.0022,0,-0.0001,0.035,0.9994,0,-0.0669,0.9971,-0.035,0,0,0.0138,0.325,1]},
{"frame":217,"values":[-0.9993,-0.0383,0.0013,0,-0.0003,0.0425,0.9991,0,-0.0383,0.9984,-0.0425,0,0,0.0138,0.325,1]},
{"frame":218,"values":[-1,-0.0063,-0.0001,0,-0.0004,0.052,0.9986,0,-0.0062,0.9986,-0.052,0,0,0.0138,0.325,1]},
{"frame":219,"values":[-0.9996,0.0277,-0.0019,0,-0.0001,0.0622,0.9981,0,0.0278,0.9977,-0.0622,0,0,0.0138,0.325,1]},
{"frame":220,"values":[-0.9981,0.0618,-0.0039,0,0.0005,0.0717,0.9974,0,0.0619,0.9955,-0.0716,0,0,0.0138,0.325,1]},
{"frame":221,"values":[-0.9956,0.0937,-0.006,0,0.0015,0.0791,0.9969,0,0.0939,0.9925,-0.0789,0,0,0.0138,0.325,1]},
{"frame":222,"values":[-0.9925,0.1216,-0.0077,0,0.0025,0.0836,0.9965,0,0.1218,0.989,-0.0833,0,0,0.0138,0.325,1]},
{"frame":223,"values":[-0.9895,0.1441,-0.0089,0,0.0035,0.0851,0.9964,0,0.1443,0.9859,-0.0847,0,0,0.0138,0.325,1]},
{"frame":224,"values":[-0.987,0.1605,-0.0077,0,0.0053,0.0799,0.9968,0,0.1605,0.9838,-0.0797,0,0,0.0138,0.325,1]},
{"frame":225,"values":[-0.9854,0.1705,-0.004,0,0.0079,0.0689,0.9976,0,0.1704,0.9829,-0.0692,0,0,0.0138,0.325,1]},
{"frame":226,"values":[-0.9848,0.1738,-0.0022,0,0.009,0.0637,0.9979,0,0.1736,0.9827,-0.0643,0,0,0.0138,0.325,1]},
{"frame":240,"values":[-0.9848,0.1738,-0.0022,0,0.009,0.0637,0.9979,0,0.1736,0.9827,-0.0643,0,0,0.0138,0.325,1]},
{"frame":241,"values":[-0.9854,0.1705,-0.004,0,0.0079,0.0689,0.9976,0,0.1704,0.9829,-0.0692,0,0,0.0138,0.325,1]},
{"frame":242,"values":[-0.987,0.1605,-0.0077,0,0.0053,0.0799,0.9968,0,0.1605,0.9838,-0.0797,0,0,0.0138,0.325,1]},
{"frame":243,"values":[-0.9895,0.1441,-0.0089,0,0.0035,0.0851,0.9964,0,0.1443,0.9859,-0.0847,0,0,0.0138,0.325,1]},
{"frame":244,"values":[-0.9925,0.1216,-0.0077,0,0.0025,0.0836,0.9965,0,0.1218,0.989,-0.0833,0,0,0.0138,0.325,1]},
{"frame":245,"values":[-0.9956,0.0937,-0.006,0,0.0015,0.0791,0.9969,0,0.0939,0.9925,-0.0789,0,0,0.0138,0.325,1]},
{"frame":246,"values":[-0.9981,0.0618,-0.0039,0,0.0005,0.0717,0.9974,0,0.0619,0.9955,-0.0716,0,0,0.0138,0.325,1]},
{"frame":247,"values":[-0.9996,0.0277,-0.0019,0,-0.0001,0.0622,0.9981,0,0.0278,0.9977,-0.0622,0,0,0.0138,0.325,1]},
{"frame":248,"values":[-1,-0.0063,-0.0001,0,-0.0004,0.052,0.9986,0,-0.0062,0.9986,-0.052,0,0,0.0138,0.325,1]},
{"frame":249,"values":[-0.9993,-0.0383,0.0013,0,-0.0003,0.0425,0.9991,0,-0.0383,0.9984,-0.0425,0,0,0.0138,0.325,1]},
{"frame":250,"values":[-0.9978,-0.0669,0.0022,0,-0.0001,0.035,0.9994,0,-0.0669,0.9971,-0.035,0,0,0.0138,0.325,1]},
{"frame":251,"values":[-0.9958,-0.0911,0.0028,0,0,0.0304,0.9995,0,-0.0911,0.9954,-0.0303,0,0,0.0138,0.325,1]},
{"frame":252,"values":[-0.9939,-0.1105,0.0031,0,-0.0001,0.0288,0.9996,0,-0.1106,0.9935,-0.0287,0,0,0.0138,0.325,1]},
{"frame":253,"values":[-0.9918,-0.1275,0.0028,0,-0.001,0.0301,0.9995,0,-0.1275,0.9914,-0.0299,0,0,0.0138,0.325,1]},
{"frame":254,"values":[-0.9896,-0.1435,0.0017,0,-0.0032,0.0339,0.9994,0,-0.1435,0.9891,-0.034,0,0,0.0138,0.325,1]},
{"frame":255,"values":[-0.9876,-0.1571,0,0,-0.0064,0.0402,0.9992,0,-0.157,0.9868,-0.0407,0,0,0.0138,0.325,1]},
{"frame":256,"values":[-0.986,-0.1669,-0.0015,0,-0.0096,0.048,0.9988,0,-0.1666,0.9848,-0.0489,0,0,0.0138,0.325,1]},
{"frame":257,"values":[-0.985,-0.1723,-0.0023,0,-0.0121,0.0559,0.9984,0,-0.1719,0.9834,-0.0572,0,0,0.0138,0.325,1]},
{"frame":258,"values":[-0.9848,-0.1739,-0.0022,0,-0.0133,0.063,0.9979,0,-0.1734,0.9827,-0.0643,0,0,0.0138,0.325,1]},
{"frame":259,"values":[-0.9852,-0.1714,-0.0006,0,-0.013,0.0715,0.9974,0,-0.1709,0.9826,-0.0727,0,0,0.0138,0.325,1]},
{"frame":260,"values":[-0.9865,-0.164,0.0022,0,-0.0112,0.0809,0.9967,0,-0.1636,0.9831,-0.0817,0,0,0.0138,0.325,1]},
{"frame":261,"values":[-0.9884,-0.152,0.0035,0,-0.0094,0.0846,0.9964,0,-0.1517,0.9848,-0.0851,0,0,0.0138,0.325,1]},
{"frame":262,"values":[-0.9908,-0.1355,0.0034,0,-0.0079,0.0824,0.9966,0,-0.1353,0.9873,-0.0827,0,0,0.0138,0.325,1]},
{"frame":263,"values":[-0.9934,-0.1147,0.0026,0,-0.0061,0.0754,0.9971,0,-0.1146,0.9905,-0.0756,0,0,0.0138,0.325,1]},
{"frame":264,"values":[-0.9959,-0.0899,0.0015,0,-0.0043,0.0641,0.9979,0,-0.0899,0.9939,-0.0642,0,0,0.0138,0.325,1]},
{"frame":265,"values":[-0.9981,-0.0619,0.0004,0,-0.0027,0.0496,0.9988,0,-0.0619,0.9968,-0.0497,0,0,0.0138,0.325,1]},
{"frame":266,"values":[-0.9995,-0.0316,-0.0005,0,-0.0015,0.0339,0.9994,0,-0.0316,0.9989,-0.0339,0,0,0.0138,0.325,1]},
{"frame":267,"values":[-1,0,-0.0009,0,-0.0009,0.0193,0.9998,0,0,0.9998,-0.0193,0,0,0.0138,0.325,1]},
{"frame":268,"values":[-0.9995,0.0316,-0.0008,0,-0.0006,0.0078,1,0,0.0316,0.9995,-0.0077,0,0,0.0138,0.325,1]},
{"frame":269,"values":[-0.9981,0.062,-0.0004,0,-0.0004,0.0006,1,0,0.062,0.9981,-0.0006,0,0,0.0138,0.325,1]},
{"frame":270,"values":[-0.9959,0.09,0.0001,0,-0.0001,-0.0018,1,0,0.09,0.9959,0.0018,0,0,0.0138,0.325,1]},
{"frame":271,"values":[-0.9934,0.1148,0.0004,0,0.0007,0.0022,1,0,0.1148,0.9934,-0.0023,0,0,0.0138,0.325,1]},
{"frame":272,"values":[-0.9907,0.1357,0.0003,0,0.0022,0.014,0.9999,0,0.1357,0.9906,-0.0142,0,0,0.0138,0.325,1]},
{"frame":273,"values":[-0.9883,0.1523,-0.0003,0,0.0045,0.031,0.9995,0,0.1523,0.9878,-0.0313,0,0,0.0138,0.325,1]},
{"frame":274,"values":[-0.9864,0.1643,-0.0012,0,0.0068,0.0479,0.9988,0,0.1642,0.9852,-0.0484,0,0,0.0138,0.325,1]},
{"frame":275,"values":[-0.9852,0.1715,-0.0019,0,0.0085,0.0597,0.9982,0,0.1713,0.9834,-0.0602,0,0,0.0138,0.325,1]},
{"frame":276,"values":[-0.9848,0.1738,-0.0022,0,0.009,0.0637,0.9979,0,0.1736,0.9827,-0.0643,0,0,0.0138,0.325,1]},
{"frame":290,"values":[-1,0,0,0,0,-0.0018,1,0,0,1,0.0018,0,0,0.0138,0.325,1]},
{"frame":291,"values":[-1,0,0,0,0,-0.0018,1,0,0,1,0.0018,0,0,0.0134,0.3111,1]},
{"frame":292,"values":[-1,0,0,0,0,-0.0018,1,0,0,1,0.0018,0,0,0.0127,0.2812,1]},
{"frame":293,"values":[-1,0,0,0,0,-0.0018,1,0,0,1,0.0018,0,0,0.0124,0.2672,1]},
{"frame":294,"values":[-1,0,0,0,0,-0.0018,1,0,0,1,0.0018,0,0,0.0124,0.2679,1]},
{"frame":295,"values":[-1,0,0,0,0,-0.0018,1,0,0,1,0.0018,0,0,0.0125,0.2702,1]},
{"frame":296,"values":[-1,0,0,0,0,-0.0018,1,0,0,1,0.0018,0,0,0.0126,0.274,1]},
{"frame":297,"values":[-1,0,0,0,0,-0.0018,1,0,0,1,0.0018,0,0,0.0127,0.2792,1]},
{"frame":298,"values":[-1,0,0,0,0,-0.0018,1,0,0,1,0.0018,0,0,0.0128,0.2854,1]},
{"frame":299,"values":[-1,0,0,0,0,-0.0018,1,0,0,1,0.0018,0,0,0.013,0.2925,1]},
{"frame":300,"values":[-1,0,0,0,0,-0.0018,1,0,0,1,0.0018,0,0,0.0132,0.2997,1]},
{"frame":301,"values":[-1,0,0,0,0,-0.0018,1,0,0,1,0.0018,0,0,0.0133,0.3068,1]},
{"frame":302,"values":[-1,0,0,0,0,-0.0018,1,0,0,1,0.0018,0,0,0.0135,0.3131,1]},
{"frame":303,"values":[-1,0,0,0,0,-0.0018,1,0,0,1,0.0018,0,0,0.0136,0.3182,1]},
{"frame":304,"values":[-1,0,0,0,0,-0.0018,1,0,0,1,0.0018,0,0,0.0137,0.322,1]},
{"frame":305,"values":[-1,0,0,0,0,-0.0018,1,0,0,1,0.0018,0,0,0.0138,0.3243,1]},
{"frame":306,"values":[-1,0,0,0,0,-0.0018,1,0,0,1,0.0018,0,0,0.0138,0.325,1]},
{"frame":320,"values":[-1,0,0,0,0,-0.0018,1,0,0,1,0.0018,0,0,0.0138,0.325,1]},
{"frame":321,"values":[-1,0,0,0,0,-0.0018,1,0,0,1,0.0018,0,0,0.0138,0.325,1]}],"loopBehavior":1,"name":"anim","property":"_matrix"}},
{"name":"tailBaseUpper","index":4,"matrix":[1,0,0,0,0,-0.7309,-0.6825,0,0,0.6825,-0.7309,0,0,0.0824,-0.0762,1],"rest":[1,0,0,0,0,-0.7309,-0.6825,0,0,0.6825,-0.7309,0,0,0.0824,-0.0762,1],"parentBoneIndex":3,"length":0.0718
,"animation":{"dataType":3,"framePerSecond":24,"keys":[
{"frame":1,"values":[1,0,0,0,0,-0.7309,-0.6825,0,0,0.6825,-0.7309,0,0,0.0824,-0.0762,1]},
{"frame":13,"values":[1,0,0,0,0,-0.7309,-0.6825,0,0,0.6825,-0.7309,0,0,0.0824,-0.0762,1]},
{"frame":20,"values":[1,0,0,0,0,-0.7309,-0.6825,0,0,0.6825,-0.7309,0,0,0.0824,-0.0762,1]},
{"frame":21,"values":[1,0,0,0,0,-0.7309,-0.6825,0,0,0.6825,-0.7309,0,0,0.0824,-0.0762,1]},
{"frame":30,"values":[1,0,0,0,0,-0.7309,-0.6825,0,0,0.6825,-0.7309,0,0,0.0824,-0.0762,1]},
{"frame":31,"values":[1,0,0,0,0,-0.7309,-0.6825,0,0,0.6825,-0.7309,0,0,0.0824,-0.0762,1]},
{"frame":40,"values":[1,0,0,0,0,-0.7309,-0.6825,0,0,0.6825,-0.7309,0,0,0.0824,-0.0762,1]},
{"frame":41,"values":[1,0,0,0,0,-0.7309,-0.6825,0,0,0.6825,-0.7309,0,0,0.0824,-0.0762,1]},
{"frame":50,"values":[1,0,0,0,0,-0.7309,-0.6825,0,0,0.6825,-0.7309,0,0,0.0824,-0.0762,1]},
{"frame":51,"values":[1,0,0,0,0,-0.7309,-0.6825,0,0,0.6825,-0.7309,0,0,0.0824,-0.0762,1]},
{"frame":60,"values":[1,0,0,0,0,-0.7309,-0.6825,0,0,0.6825,-0.7309,0,0,0.0824,-0.0762,1]},
{"frame":61,"values":[1,0,0,0,0,-0.7309,-0.6825,0,0,0.6825,-0.7309,0,0,0.0824,-0.0762,1]},
{"frame":70,"values":[1,0,0,0,0,-0.7309,-0.6825,0,0,0.6825,-0.7309,0,0,0.0824,-0.0762,1]},
{"frame":71,"values":[1,0,0,0,0,-0.7309,-0.6825,0,0,0.6825,-0.7309,0,0,0.0824,-0.0762,1]},
{"frame":80,"values":[1,0,0,0,0,-0.7309,-0.6825,0,0,0.6825,-0.7309,0,0,0.0824,-0.0762,1]},
{"frame":81,"values":[1,0,0,0,0,-0.7309,-0.6825,0,0,0.6825,-0.7309,0,0,0.0824,-0.0762,1]},
{"frame":90,"values":[1,0,0,0,0,-0.7309,-0.6825,0,0,0.6825,-0.7309,0,0,0.0824,-0.0762,1]},
{"frame":91,"values":[1,0,0,0,0,-0.7309,-0.6825,0,0,0.6825,-0.7309,0,0,0.0824,-0.0762,1]},
{"frame":100,"values":[1,0,0,0,0,-0.7309,-0.6825,0,0,0.6825,-0.7309,0,0,0.0824,-0.0762,1]},
{"frame":101,"values":[1,0,0,0,0,-0.7309,-0.6825,0,0,0.6825,-0.7309,0,0,0.0824,-0.0762,1]},
{"frame":110,"values":[1,0,0,0,0,-0.7309,-0.6825,0,0,0.6825,-0.7309,0,0,0.0824,-0.0762,1]},
{"frame":111,"values":[1,0,0.0003,0,0.0002,-0.7309,-0.6825,0,0.0002,0.6825,-0.7309,0,0,0.0824,-0.0762,1]},
{"frame":112,"values":[1,0,0.0014,0,0.001,-0.7309,-0.6825,0,0.001,0.6825,-0.7309,0,0,0.0824,-0.0762,1]},
{"frame":113,"values":[1,0,0.0032,0,0.0022,-0.7309,-0.6825,0,0.0024,0.6825,-0.7309,0,0,0.0824,-0.0762,1]},
{"frame":114,"values":[1,0,0.0058,0,0.0039,-0.7309,-0.6825,0,0.0042,0.6825,-0.7308,0,0,0.0824,-0.0762,1]},
{"frame":115,"values":[1,0,0.009,0,0.0062,-0.7309,-0.6825,0,0.0066,0.6825,-0.7308,0,0,0.0824,-0.0762,1]},
{"frame":116,"values":[0.9999,0,0.013,0,0.0088,-0.7309,-0.6825,0,0.0095,0.6825,-0.7308,0,0,0.0824,-0.0762,1]},
{"frame":117,"values":[0.9998,0,0.0175,0,0.012,-0.7309,-0.6824,0,0.0128,0.6825,-0.7307,0,0,0.0824,-0.0762,1]},
{"frame":118,"values":[0.9997,0,0.0227,0,0.0155,-0.7309,-0.6824,0,0.0166,0.6825,-0.7307,0,0,0.0824,-0.0762,1]},
{"frame":119,"values":[0.9996,0,0.0283,0,0.0193,-0.7309,-0.6823,0,0.0207,0.6825,-0.7306,0,0,0.0824,-0.0762,1]},
{"frame":120,"values":[0.9994,0,0.0343,0,0.0234,-0.7309,-0.6821,0,0.0251,0.6825,-0.7304,0,0,0.0824,-0.0762,1]},
{"frame":121,"values":[0.9992,-0.0001,0.0406,0,0.0276,-0.7309,-0.682,0,0.0297,0.6825,-0.7303,0,0,0.0824,-0.0762,1]},
{"frame":122,"values":[0.9989,-0.0001,0.047,0,0.032,-0.7309,-0.6818,0,0.0344,0.6825,-0.73,0,0,0.0824,-0.0762,1]},
{"frame":123,"values":[0.9986,-0.0001,0.0534,0,0.0364,-0.7309,-0.6816,0,0.0391,0.6825,-0.7298,0,0,0.0824,-0.0762,1]},
{"frame":124,"values":[0.9982,-0.0001,0.0596,0,0.0406,-0.7309,-0.6813,0,0.0436,0.6825,-0.7296,0,0,0.0824,-0.0762,1]},
{"frame":125,"values":[0.9978,-0.0001,0.0656,0,0.0447,-0.7309,-0.6811,0,0.048,0.6825,-0.7293,0,0,0.0824,-0.0762,1]},
{"frame":126,"values":[0.9975,-0.0001,0.0712,0,0.0485,-0.7309,-0.6808,0,0.0521,0.6825,-0.729,0,0,0.0824,-0.0762,1]},
{"frame":127,"values":[0.9971,-0.0001,0.0763,0,0.052,-0.7309,-0.6805,0,0.0559,0.6825,-0.7287,0,0,0.0824,-0.0762,1]},
{"frame":128,"values":[0.9967,-0.0001,0.0809,0,0.0551,-0.7309,-0.6803,0,0.0592,0.6825,-0.7285,0,0,0.0824,-0.0762,1]},
{"frame":129,"values":[0.9964,-0.0001,0.0848,0,0.0578,-0.7309,-0.6801,0,0.0621,0.6825,-0.7282,0,0,0.0824,-0.0762,1]},
{"frame":130,"values":[0.9961,-0.0001,0.0881,0,0.06,-0.7309,-0.6799,0,0.0645,0.6825,-0.728,0,0,0.0824,-0.0762,1]},
{"frame":131,"values":[0.9959,-0.0002,0.0906,0,0.0617,-0.7309,-0.6797,0,0.0663,0.6825,-0.7278,0,0,0.0824,-0.0762,1]},
{"frame":132,"values":[0.9957,-0.0002,0.0924,0,0.063,-0.7309,-0.6796,0,0.0676,0.6825,-0.7277,0,0,0.0824,-0.0762,1]},
{"frame":133,"values":[0.9956,-0.0002,0.0935,0,0.0637,-0.7309,-0.6795,0,0.0684,0.6825,-0.7276,0,0,0.0824,-0.0762,1]},
{"frame":134,"values":[0.9956,-0.0002,0.0939,0,0.0639,-0.7309,-0.6795,0,0.0687,0.6825,-0.7276,0,0,0.0824,-0.0762,1]},
{"frame":135,"values":[0.9956,-0.0002,0.0935,0,0.0637,-0.7309,-0.6795,0,0.0684,0.6825,-0.7277,0,0,0.0824,-0.0762,1]},
{"frame":136,"values":[0.9957,-0.0002,0.0923,0,0.0629,-0.7309,-0.6796,0,0.0676,0.6825,-0.7277,0,0,0.0824,-0.0762,1]},
{"frame":137,"values":[0.9959,-0.0001,0.0903,0,0.0615,-0.7309,-0.6797,0,0.0661,0.6825,-0.7279,0,0,0.0824,-0.0762,1]},
{"frame":138,"values":[0.9962,-0.0001,0.0876,0,0.0597,-0.7309,-0.6799,0,0.0641,0.6825,-0.728,0,0,0.0824,-0.0762,1]},
{"frame":139,"values":[0.9965,-0.0001,0.0841,0,0.0573,-0.7309,-0.6801,0,0.0615,0.6825,-0.7283,0,0,0.0824,-0.0762,1]},
{"frame":140,"values":[0.9968,-0.0001,0.0798,0,0.0544,-0.7309,-0.6804,0,0.0584,0.6825,-0.7285,0,0,0.0824,-0.0762,1]},
{"frame":141,"values":[0.9972,-0.0001,0.0749,0,0.051,-0.7309,-0.6806,0,0.0548,0.6825,-0.7288,0,0,0.0824,-0.0762,1]},
{"frame":142,"values":[0.9976,-0.0001,0.0694,0,0.0473,-0.7309,-0.6809,0,0.0508,0.6825,-0.7291,0,0,0.0824,-0.0762,1]},
{"frame":143,"values":[0.998,-0.0001,0.0634,0,0.0432,-0.7309,-0.6812,0,0.0464,0.6825,-0.7294,0,0,0.0824,-0.0762,1]},
{"frame":144,"values":[0.9984,-0.0001,0.0571,0,0.0389,-0.7309,-0.6814,0,0.0418,0.6825,-0.7297,0,0,0.0824,-0.0762,1]},
{"frame":145,"values":[0.9987,-0.0001,0.0505,0,0.0344,-0.7309,-0.6817,0,0.0369,0.6825,-0.7299,0,0,0.0824,-0.0762,1]},
{"frame":146,"values":[0.999,-0.0001,0.0438,0,0.0299,-0.7309,-0.6819,0,0.0321,0.6825,-0.7302,0,0,0.0824,-0.0762,1]},
{"frame":147,"values":[0.9993,-0.0001,0.0372,0,0.0254,-0.7309,-0.6821,0,0.0272,0.6825,-0.7303,0,0,0.0824,-0.0762,1]},
{"frame":148,"values":[0.9995,0,0.0309,0,0.021,-0.7309,-0.6822,0,0.0226,0.6825,-0.7305,0,0,0.0824,-0.0762,1]},
{"frame":149,"values":[0.9997,0,0.0249,0,0.0169,-0.7309,-0.6823,0,0.0182,0.6825,-0.7306,0,0,0.0824,-0.0762,1]},
{"frame":150,"values":[0.9998,0,0.0193,0,0.0132,-0.7309,-0.6824,0,0.0141,0.6825,-0.7307,0,0,0.0824,-0.0762,1]},
{"frame":151,"values":[0.9999,0,0.0144,0,0.0098,-0.7309,-0.6825,0,0.0105,0.6825,-0.7308,0,0,0.0824,-0.0762,1]},
{"frame":152,"values":[0.9999,0,0.0102,0,0.0069,-0.7309,-0.6825,0,0.0074,0.6825,-0.7308,0,0,0.0824,-0.0762,1]},
{"frame":153,"values":[1,0,0.0066,0,0.0045,-0.7309,-0.6825,0,0.0048,0.6825,-0.7308,0,0,0.0824,-0.0762,1]},
{"frame":154,"values":[1,0,0.0039,0,0.0026,-0.7309,-0.6825,0,0.0028,0.6825,-0.7308,0,0,0.0824,-0.0762,1]},
{"frame":155,"values":[1,0,0.0019,0,0.0013,-0.7309,-0.6825,0,0.0014,0.6825,-0.7309,0,0,0.0824,-0.0762,1]},
{"frame":156,"values":[1,0,0.0007,0,0.0005,-0.7309,-0.6825,0,0.0005,0.6825,-0.7309,0,0,0.0824,-0.0762,1]},
{"frame":157,"values":[1,0,0.0003,0,0.0002,-0.7309,-0.6825,0,0.0002,0.6825,-0.7309,0,0,0.0824,-0.0762,1]},
{"frame":170,"values":[1,0,0,0,0,-0.7309,-0.6825,0,0,0.6825,-0.7309,0,0,0.0824,-0.0762,1]},
{"frame":171,"values":[1,0,0,0,0,-0.7309,-0.6825,0,0,0.6825,-0.7309,0,0,0.0824,-0.0762,1]},
{"frame":180,"values":[1,0,0,0,0,-0.7309,-0.6825,0,0,0.6825,-0.7309,0,0,0.0824,-0.0762,1]},
{"frame":181,"values":[0.556,-0.1271,-0.8214,0,-0.7872,-0.3976,-0.4714,0,-0.2667,0.9087,-0.3211,0,0,0.0824,-0.0762,1]},
{"frame":190,"values":[1,0,0,0,0,-0.7309,-0.6825,0,0,0.6825,-0.7309,0,0,0.0824,-0.0762,1]},
{"frame":226,"values":[1,0,0,0,0,-0.7309,-0.6825,0,0,0.6825,-0.7309,0,0,0.0824,-0.0762,1]},
{"frame":240,"values":[1,0,0,0,0,-0.7309,-0.6825,0,0,0.6825,-0.7309,0,0,0.0824,-0.0762,1]},
{"frame":276,"values":[1,0,0,0,0,-0.7309,-0.6825,0,0,0.6825,-0.7309,0,0,0.0824,-0.0762,1]},
