{"producer":{"name":"Blender","version":"2.79 (sub 0)","exporter_version":"5.6.2","file":"fox.babylon"},
"autoClear":true,"clearColor":[0.0509,0.0509,0.0509],"ambientColor":[0,0,0],"gravity":[0,-9.81,0],
"materials":[{"name":"fox.fox","id":"fox.fox","ambient":[0.8,0.8,0.8],"diffuse":[0.64,0.64,0.64],"specular":[0,0,0],"emissive":[0,0,0],"specularPower":50,"alpha":1,"backFaceCulling":true,"checkReadyOnlyOnce":false,"maxSimultaneousLights":4, 
"diffuseTexture":{"name":"fox.png","level":1,"hasAlpha":1,"coordinatesMode":0,"uOffset":0,"vOffset":0,"uScale":1,"vScale":1,"uAng":0,"vAng":0,"wAng":0,"wrapU":1,"wrapV":1,"coordinatesIndex":0}}],
"multiMaterials":[],
"skeletons":[{"name":"characterSkeleton","id":0,"dimensionsAtRest":[1.0977,1.243,0.811],"bones":[
{"name":"ROOT","index":0,"matrix":[1,0,0,0,0,0,1,0,0,1,0,0,0,0,0,1],"rest":[1,0,0,0,0,0,1,0,0,1,0,0,0,0,0,1],"parentBoneIndex":-1,"length":0.2
,"animation":{"dataType":3,"framePerSecond":24,"keys":[
{"frame":1,"values":[1,0,0,0,0,0,1,0,0,1,0,0,0,0,0,1]},
{"frame":13,"values":[1,0,0,0,0,0,1,0,0,1,0,0,0,0,0,1]},
{"frame":20,"values":[1,0,0,0,0,0,1,0,0,1,0,0,0,0,0,1]},
{"frame":21,"values":[1,0,0,0,0,0,1,0,0,1,0,0,0,0,0,1]},
{"frame":30,"values":[1,0,0,0,0,0,1,0,0,1,0,0,0,0,0,1]},
{"frame":31,"values":[1,0,0,0,0,0,1,0,0,1,0,0,0,0,0,1]},
{"frame":40,"values":[1,0,0,0,0,0,1,0,0,1,0,0,0,0,0,1]},
{"frame":41,"values":[1,0,0,0,0,0,1,0,0,1,0,0,0,0,0,1]},
{"frame":50,"values":[1,0,0,0,0,0,1,0,0,1,0,0,0,0,0,1]},
{"frame":51,"values":[1,0,0,0,0,0,1,0,0,1,0,0,0,0,0,1]},
{"frame":60,"values":[1,0,0,0,0,0,1,0,0,1,0,0,0,0,0,1]},
{"frame":61,"values":[1,0,0,0,0,0,1,0,0,1,0,0,0,0,0,1]},
{"frame":70,"values":[1,0,0,0,0,0,1,0,0,1,0,0,0,0,0,1]},
{"frame":71,"values":[1,0,0,0,0,0,1,0,0,1,0,0,0,0,0,1]},
{"frame":80,"values":[1,0,0,0,0,0,1,0,0,1,0,0,0,0,0,1]},
{"frame":81,"values":[1,0,0,0,0,0,1,0,0,1,0,0,0,0,0,1]},
{"frame":90,"values":[1,0,0,0,0,0,1,0,0,1,0,0,0,0,0,1]},
{"frame":91,"values":[1,0,0,0,0,0,1,0,0,1,0,0,0,0,0,1]},
{"frame":100,"values":[1,0,0,0,0,0,1,0,0,1,0,0,0,0,0,1]},
{"frame":101,"values":[1,0,0,0,0,0,1,0,0,1,0,0,0,0,0,1]},
{"frame":110,"values":[1,0,0,0,0,0,1,0,0,1,0,0,0,0,0,1]},
{"frame":158,"values":[1,0,0,0,0,0,1,0,0,1,0,0,0,0,0,1]},
{"frame":170,"values":[1,0,0,0,0,0,1,0,0,1,0,0,0,0,0,1]},
{"frame":171,"values":[1,0,0,0,0,0,1,0,0,1,0,0,0,0,0,1]},
{"frame":180,"values":[1,0,0,0,0,0,1,0,0,1,0,0,0,0,0,1]},
{"frame":181,"values":[1,0,0,0,0,0,1,0,0,1,0,0,0,0,0,1]},
{"frame":190,"values":[1,0,0,0,0,0,1,0,0,1,0,0,0,0,0,1]},
{"frame":227,"values":[1,0,0,0,0,0,1,0,0,1,0,0,0,0,0,1]},
{"frame":240,"values":[1,0,0,0,0,0,1,0,0,1,0,0,0,0,0,1]},
{"frame":277,"values":[1,0,0,0,0,0,1,0,0,1,0,0,0,0,0,1]},
{"frame":290,"values":[1,0,0,0,0,0,1,0,0,1,0,0,0,0,0,1]},
{"frame":291,"values":[1,0,0,0,0,0,1,0,0,1,0,0,0,0,0,1]}],"loopBehavior":1,"name":"anim","property":"_matrix"}},
{"name":"POLE.elbow.l","index":1,"matrix":[-1,0,0,0,0,0,1,0,0,1,0,0,-0.2449,-0.202,0.7693,1],"rest":[-1,0,0,0,0,0,1,0,0,1,0,0,-0.2449,-0.202,0.7693,1],"parentBoneIndex":0,"length":0.2001
,"animation":{"dataType":3,"framePerSecond":24,"keys":[
{"frame":1,"values":[-1,0,0,0,0,0,1,0,0,1,0,0,-0.2449,-0.202,0.7693,1]},
{"frame":13,"values":[-1,0,0,0,0,0,1,0,0,1,0,0,-0.2449,-0.202,0.7693,1]},
{"frame":20,"values":[-1,0,0,0,0,0,1,0,0,1,0,0,-0.2449,-0.202,0.7693,1]},
{"frame":21,"values":[-1,0,0,0,0,0,1,0,0,1,0,0,-0.2449,-0.202,0.7693,1]},
{"frame":30,"values":[-1,0,0,0,0,0,1,0,0,1,0,0,-0.2449,-0.202,0.7693,1]},
{"frame":31,"values":[-1,0,0,0,0,0,1,0,0,1,0,0,-0.2449,-0.202,0.7693,1]},
{"frame":40,"values":[-1,0,0,0,0,0,1,0,0,1,0,0,-0.2449,-0.202,0.7693,1]},
{"frame":41,"values":[-1,0,0,0,0,0,1,0,0,1,0,0,-0.2449,-0.202,0.7693,1]},
{"frame":50,"values":[-1,0,0,0,0,0,1,0,0,1,0,0,-0.2449,-0.202,0.7693,1]},
{"frame":51,"values":[-1,0,0,0,0,0,1,0,0,1,0,0,-0.2449,-0.202,0.7693,1]},
{"frame":60,"values":[-1,0,0,0,0,0,1,0,0,1,0,0,-0.2449,-0.202,0.7693,1]},
{"frame":61,"values":[-1,0,0,0,0,0,1,0,0,1,0,0,-0.2449,-0.202,0.7693,1]},
{"frame":70,"values":[-1,0,0,0,0,0,1,0,0,1,0,0,-0.2449,-0.202,0.7693,1]},
{"frame":71,"values":[-1,0,0,0,0,0,1,0,0,1,0,0,-0.2449,-0.202,0.7693,1]},
{"frame":80,"values":[-1,0,0,0,0,0,1,0,0,1,0,0,-0.2449,-0.202,0.7693,1]},
{"frame":81,"values":[-1,0,0,0,0,0,1,0,0,1,0,0,-0.2449,-0.202,0.7693,1]},
{"frame":90,"values":[-1,0,0,0,0,0,1,0,0,1,0,0,-0.2449,-0.202,0.7693,1]},
{"frame":91,"values":[-1,0,0,0,0,0,1,0,0,1,0,0,-0.2449,-0.202,0.7693,1]},
{"frame":100,"values":[-1,0,0,0,0,0,1,0,0,1,0,0,-0.2449,-0.202,0.7693,1]},
{"frame":101,"values":[-1,0,0,0,0,0,1,0,0,1,0,0,-0.2449,-0.202,0.7693,1]},
{"frame":110,"values":[-1,0,0,0,0,0,1,0,0,1,0,0,-0.2449,-0.202,0.7693,1]},
{"frame":111,"values":[-1,0,0,0,0,0,1,0,0,1,0,0,-0.6849,-0.202,0.7693,1]},
{"frame":158,"values":[-1,0,0,0,0,0,1,0,0,1,0,0,-0.6849,-0.202,0.7693,1]},
{"frame":170,"values":[-1,0,0,0,0,0,1,0,0,1,0,0,-0.2449,-0.202,0.7693,1]},
{"frame":171,"values":[-1,0,0,0,0,0,1,0,0,1,0,0,-0.6849,-0.202,0.7693,1]},
{"frame":180,"values":[-1,0,0,0,0,0,1,0,0,1,0,0,-0.2449,-0.202,0.7693,1]},
{"frame":181,"values":[-1,0,0,0,0,0,1,0,0,1,0,0,-0.4505,-0.202,0.7693,1]},
{"frame":190,"values":[-1,0,0,0,0,0,1,0,0,1,0,0,-0.2449,-0.202,0.7693,1]},
{"frame":191,"values":[-1,0,0,0,0,0,1,0,0,1,0,0,-0.3755,-0.202,0.7693,1]},
{"frame":192,"values":[-1,0,0,0,0,0,1,0,0,1,0,0,-0.4278,-0.202,0.7693,1]},
{"frame":193,"values":[-1,0,0,0,0,0,1,0,0,1,0,0,-0.4637,-0.202,0.7693,1]},
{"frame":194,"values":[-1,0,0,0,0,0,1,0,0,1,0,0,-0.4929,-0.202,0.7693,1]},
{"frame":195,"values":[-1,0,0,0,0,0,1,0,0,1,0,0,-0.518,-0.202,0.7693,1]},
{"frame":196,"values":[-1,0,0,0,0,0,1,0,0,1,0,0,-0.5403,-0.202,0.7693,1]},
{"frame":197,"values":[-1,0,0,0,0,0,1,0,0,1,0,0,-0.5602,-0.202,0.7693,1]},
{"frame":198,"values":[-1,0,0,0,0,0,1,0,0,1,0,0,-0.5782,-0.202,0.7693,1]},
{"frame":199,"values":[-1,0,0,0,0,0,1,0,0,1,0,0,-0.5945,-0.202,0.7693,1]},
{"frame":200,"values":[-1,0,0,0,0,0,1,0,0,1,0,0,-0.6093,-0.202,0.7693,1]},
{"frame":201,"values":[-1,0,0,0,0,0,1,0,0,1,0,0,-0.6226,-0.202,0.7693,1]},
{"frame":202,"values":[-1,0,0,0,0,0,1,0,0,1,0,0,-0.6345,-0.202,0.7693,1]},
{"frame":203,"values":[-1,0,0,0,0,0,1,0,0,1,0,0,-0.645,-0.202,0.7693,1]},
{"frame":204,"values":[-1,0,0,0,0,0,1,0,0,1,0,0,-0.6541,-0.202,0.7693,1]},
{"frame":205,"values":[-1,0,0,0,0,0,1,0,0,1,0,0,-0.6618,-0.202,0.7693,1]},
{"frame":206,"values":[-1,0,0,0,0,0,1,0,0,1,0,0,-0.668,-0.202,0.7693,1]},
{"frame":207,"values":[-1,0,0,0,0,0,1,0,0,1,0,0,-0.6726,-0.202,0.7693,1]},
{"frame":208,"values":[-1,0,0,0,0,0,1,0,0,1,0,0,-0.6755,-0.202,0.7693,1]},
{"frame":209,"values":[-1,0,0,0,0,0,1,0,0,1,0,0,-0.6765,-0.202,0.7693,1]},
{"frame":210,"values":[-1,0,0,0,0,0,1,0,0,1,0,0,-0.6745,-0.202,0.7693,1]},
{"frame":211,"values":[-1,0,0,0,0,0,1,0,0,1,0,0,-0.6683,-0.202,0.7693,1]},
{"frame":212,"values":[-1,0,0,0,0,0,1,0,0,1,0,0,-0.6579,-0.202,0.7693,1]},
{"frame":213,"values":[-1,0,0,0,0,0,1,0,0,1,0,0,-0.6435,-0.202,0.7693,1]},
{"frame":214,"values":[-1,0,0,0,0,0,1,0,0,1,0,0,-0.6253,-0.202,0.7693,1]},
{"frame":215,"values":[-1,0,0,0,0,0,1,0,0,1,0,0,-0.6038,-0.202,0.7693,1]},
{"frame":216,"values":[-1,0,0,0,0,0,1,0,0,1,0,0,-0.5795,-0.202,0.7693,1]},
{"frame":217,"values":[-1,0,0,0,0,0,1,0,0,1,0,0,-0.5532,-0.202,0.7693,1]},
{"frame":218,"values":[-1,0,0,0,0,0,1,0,0,1,0,0,-0.526,-0.202,0.7693,1]},
{"frame":219,"values":[-1,0,0,0,0,0,1,0,0,1,0,0,-0.4987,-0.202,0.7693,1]},
{"frame":220,"values":[-1,0,0,0,0,0,1,0,0,1,0,0,-0.4725,-0.202,0.7693,1]},
{"frame":221,"values":[-1,0,0,0,0,0,1,0,0,1,0,0,-0.4482,-0.202,0.7693,1]},
{"frame":222,"values":[-1,0,0,0,0,0,1,0,0,1,0,0,-0.4266,-0.202,0.7693,1]},
{"frame":223,"values":[-1,0,0,0,0,0,1,0,0,1,0,0,-0.4085,-0.202,0.7693,1]},
{"frame":224,"values":[-1,0,0,0,0,0,1,0,0,1,0,0,-0.3941,-0.202,0.7693,1]},
{"frame":225,"values":[-1,0,0,0,0,0,1,0,0,1,0,0,-0.3837,-0.202,0.7693,1]},
{"frame":226,"values":[-1,0,0,0,0,0,1,0,0,1,0,0,-0.3775,-0.202,0.7693,1]},
{"frame":227,"values":[-1,0,0,0,0,0,1,0,0,1,0,0,-0.3755,-0.202,0.7693,1]},
{"frame":240,"values":[-1,0,0,0,0,0,1,0,0,1,0,0,-0.2449,-0.202,0.7693,1]},
{"frame":241,"values":[-1,0,0,0,0,0,1,0,0,1,0,0,-0.2755,-0.202,0.7893,1]},
{"frame":242,"values":[-1,0,0,0,0,0,1,0,0,1,0,0,-0.3005,-0.202,0.7893,1]},
{"frame":243,"values":[-1,0,0,0,0,0,1,0,0,1,0,0,-0.3258,-0.202,0.7893,1]},
{"frame":244,"values":[-1,0,0,0,0,0,1,0,0,1,0,0,-0.3506,-0.202,0.7893,1]},
{"frame":245,"values":[-1,0,0,0,0,0,1,0,0,1,0,0,-0.3747,-0.202,0.7893,1]},
{"frame":246,"values":[-1,0,0,0,0,0,1,0,0,1,0,0,-0.3978,-0.202,0.7893,1]},
{"frame":247,"values":[-1,0,0,0,0,0,1,0,0,1,0,0,-0.4201,-0.202,0.7893,1]},
{"frame":248,"values":[-1,0,0,0,0,0,1,0,0,1,0,0,-0.4413,-0.202,0.7893,1]},
{"frame":249,"values":[-1,0,0,0,0,0,1,0,0,1,0,0,-0.4614,-0.202,0.7893,1]},
{"frame":250,"values":[-1,0,0,0,0,0,1,0,0,1,0,0,-0.4804,-0.202,0.7893,1]},
{"frame":251,"values":[-1,0,0,0,0,0,1,0,0,1,0,0,-0.498,-0.202,0.7893,1]},
{"frame":252,"values":[-1,0,0,0,0,0,1,0,0,1,0,0,-0.5144,-0.202,0.7893,1]},
{"frame":253,"values":[-1,0,0,0,0,0,1,0,0,1,0,0,-0.5292,-0.202,0.7893,1]},
{"frame":254,"values":[-1,0,0,0,0,0,1,0,0,1,0,0,-0.5424,-0.202,0.7893,1]},
{"frame":255,"values":[-1,0,0,0,0,0,1,0,0,1,0,0,-0.5538,-0.202,0.7893,1]},
{"frame":256,"values":[-1,0,0,0,0,0,1,0,0,1,0,0,-0.5632,-0.202,0.7893,1]},
{"frame":257,"values":[-1,0,0,0,0,0,1,0,0,1,0,0,-0.5703,-0.202,0.7893,1]},
{"frame":258,"values":[-1,0,0,0,0,0,1,0,0,1,0,0,-0.5749,-0.202,0.7893,1]},
{"frame":259,"values":[-1,0,0,0,0,0,1,0,0,1,0,0,-0.5765,-0.202,0.7893,1]},
{"frame":260,"values":[-1,0,0,0,0,0,1,0,0,1,0,0,-0.5745,-0.202,0.7893,1]},
{"frame":261,"values":[-1,0,0,0,0,0,1,0,0,1,0,0,-0.5683,-0.202,0.7893,1]},
{"frame":262,"values":[-1,0,0,0,0,0,1,0,0,1,0,0,-0.5579,-0.202,0.7893,1]},
{"frame":263,"values":[-1,0,0,0,0,0,1,0,0,1,0,0,-0.5435,-0.202,0.7893,1]},
{"frame":264,"values":[-1,0,0,0,0,0,1,0,0,1,0,0,-0.5253,-0.202,0.7893,1]},
{"frame":265,"values":[-1,0,0,0,0,0,1,0,0,1,0,0,-0.5038,-0.202,0.7893,1]},
{"frame":266,"values":[-1,0,0,0,0,0,1,0,0,1,0,0,-0.4795,-0.202,0.7893,1]},
{"frame":267,"values":[-1,0,0,0,0,0,1,0,0,1,0,0,-0.4532,-0.202,0.7893,1]},
{"frame":268,"values":[-1,0,0,0,0,0,1,0,0,1,0,0,-0.426,-0.202,0.7893,1]},
{"frame":269,"values":[-1,0,0,0,0,0,1,0,0,1,0,0,-0.3987,-0.202,0.7893,1]},
{"frame":270,"values":[-1,0,0,0,0,0,1,0,0,1,0,0,-0.3725,-0.202,0.7893,1]},
{"frame":271,"values":[-1,0,0,0,0,0,1,0,0,1,0,0,-0.3482,-0.202,0.7893,1]},
{"frame":272,"values":[-1,0,0,0,0,0,1,0,0,1,0,0,-0.3266,-0.202,0.7893,1]},
{"frame":273,"values":[-1,0,0,0,0,0,1,0,0,1,0,0,-0.3085,-0.202,0.7893,1]},
{"frame":274,"values":[-1,0,0,0,0,0,1,0,0,1,0,0,-0.2941,-0.202,0.7893,1]},
{"frame":275,"values":[-1,0,0,0,0,0,1,0,0,1,0,0,-0.2837,-0.202,0.7893,1]},
{"frame":276,"values":[-1,0,0,0,0,0,1,0,0,1,0,0,-0.2775,-0.202,0.7893,1]},
{"frame":277,"values":[-1,0,0,0,0,0,1,0,0,1,0,0,-0.2755,-0.202,0.7893,1]},
{"frame":290,"values":[-1,0,0,0,0,0,1,0,0,1,0,0,-0.2449,-0.202,0.7693,1]},
{"frame":291,"values":[-1,0,0,0,0,0,1,0,0,1,0,0,-0.2449,-0.202,0.7693,1]}],"loopBehavior":1,"name":"anim","property":"_matrix"}},
{"name":"POLE.elbow.r","index":2,"matrix":[-1,0,0,0,0,0,1,0,0,1,0,0,0.2444,-0.202,0.7693,1],"rest":[-1,0,0,0,0,0,1,0,0,1,0,0,0.2444,-0.202,0.7693,1],"parentBoneIndex":0,"length":0.2001
,"animation":{"dataType":3,"framePerSecond":24,"keys":[
{"frame":1,"values":[-1,0,0,0,0,0,1,0,0,1,0,0,0.2444,-0.202,0.7693,1]},
{"frame":13,"values":[-1,0,0,0,0,0,1,0,0,1,0,0,0.2444,-0.202,0.7693,1]},
{"frame":20,"values":[-1,0,0,0,0,0,1,0,0,1,0,0,0.2444,-0.202,0.7693,1]},
{"frame":21,"values":[-1,0,0,0,0,0,1,0,0,1,0,0,0.2444,-0.202,0.7693,1]},
{"frame":30,"values":[-1,0,0,0,0,0,1,0,0,1,0,0,0.2444,-0.202,0.7693,1]},
{"frame":31,"values":[-1,0,0,0,0,0,1,0,0,1,0,0,0.2444,-0.202,0.7693,1]},
{"frame":40,"values":[-1,0,0,0,0,0,1,0,0,1,0,0,0.2444,-0.202,0.7693,1]},
{"frame":41,"values":[-1,0,0,0,0,0,1,0,0,1,0,0,0.2444,-0.202,0.7693,1]},
{"frame":50,"values":[-1,0,0,0,0,0,1,0,0,1,0,0,0.2444,-0.202,0.7693,1]},
{"frame":51,"values":[-1,0,0,0,0,0,1,0,0,1,0,0,0.2444,-0.202,0.7693,1]},
{"frame":60,"values":[-1,0,0,0,0,0,1,0,0,1,0,0,0.2444,-0.202,0.7693,1]},
{"frame":61,"values":[-1,0,0,0,0,0,1,0,0,1,0,0,0.2444,-0.202,0.7693,1]},
{"frame":70,"values":[-1,0,0,0,0,0,1,0,0,1,0,0,0.2444,-0.202,0.7693,1]},
{"frame":71,"values":[-1,0,0,0,0,0,1,0,0,1,0,0,0.2444,-0.202,0.7693,1]},
{"frame":80,"values":[-1,0,0,0,0,0,1,0,0,1,0,0,0.2444,-0.202,0.7693,1]},
{"frame":81,"values":[-1,0,0,0,0,0,1,0,0,1,0,0,0.2444,-0.202,0.7693,1]},
{"frame":90,"values":[-1,0,0,0,0,0,1,0,0,1,0,0,0.2444,-0.202,0.7693,1]},
{"frame":91,"values":[-1,0,0,0,0,0,1,0,0,1,0,0,0.2444,-0.202,0.7693,1]},
{"frame":100,"values":[-1,0,0,0,0,0,1,0,0,1,0,0,0.2444,-0.202,0.7693,1]},
{"frame":101,"values":[-1,0,0,0,0,0,1,0,0,1,0,0,0.2444,-0.202,0.7693,1]},
{"frame":110,"values":[-1,0,0,0,0,0,1,0,0,1,0,0,0.2444,-0.202,0.7693,1]},
{"frame":111,"values":[-1,0,0,0,0,0,1,0,0,1,0,0,0.6844,-0.202,0.7693,1]},
{"frame":158,"values":[-1,0,0,0,0,0,1,0,0,1,0,0,0.6844,-0.202,0.7693,1]},
{"frame":170,"values":[-1,0,0,0,0,0,1,0,0,1,0,0,0.2444,-0.202,0.7693,1]},
{"frame":171,"values":[-1,0,0,0,0,0,1,0,0,1,0,0,0.6844,-0.202,0.7693,1]},
{"frame":180,"values":[-1,0,0,0,0,0,1,0,0,1,0,0,0.2444,-0.202,0.7693,1]},
{"frame":181,"values":[-1,0,0,0,0,0,1,0,0,1,0,0,0.8672,-0.202,0.7693,1]},
{"frame":190,"values":[-1,0,0,0,0,0,1,0,0,1,0,0,0.2444,-0.202,0.7693,1]},
{"frame":191,"values":[-1,0,0,0,0,0,1,0,0,1,0,0,0.676,-0.202,0.7693,1]},
{"frame":192,"values":[-1,0,0,0,0,0,1,0,0,1,0,0,0.6639,-0.202,0.7693,1]},
{"frame":193,"values":[-1,0,0,0,0,0,1,0,0,1,0,0,0.6435,-0.202,0.7693,1]},
{"frame":194,"values":[-1,0,0,0,0,0,1,0,0,1,0,0,0.6208,-0.202,0.7693,1]},
{"frame":195,"values":[-1,0,0,0,0,0,1,0,0,1,0,0,0.5973,-0.202,0.7693,1]},
{"frame":196,"values":[-1,0,0,0,0,0,1,0,0,1,0,0,0.5737,-0.202,0.7693,1]},
{"frame":197,"values":[-1,0,0,0,0,0,1,0,0,1,0,0,0.5504,-0.202,0.7693,1]},
{"frame":198,"values":[-1,0,0,0,0,0,1,0,0,1,0,0,0.5276,-0.202,0.7693,1]},
{"frame":199,"values":[-1,0,0,0,0,0,1,0,0,1,0,0,0.5057,-0.202,0.7693,1]},
{"frame":200,"values":[-1,0,0,0,0,0,1,0,0,1,0,0,0.4848,-0.202,0.7693,1]},
{"frame":201,"values":[-1,0,0,0,0,0,1,0,0,1,0,0,0.465,-0.202,0.7693,1]},
{"frame":202,"values":[-1,0,0,0,0,0,1,0,0,1,0,0,0.4466,-0.202,0.7693,1]},
{"frame":203,"values":[-1,0,0,0,0,0,1,0,0,1,0,0,0.4297,-0.202,0.7693,1]},
{"frame":204,"values":[-1,0,0,0,0,0,1,0,0,1,0,0,0.4146,-0.202,0.7693,1]},
{"frame":205,"values":[-1,0,0,0,0,0,1,0,0,1,0,0,0.4015,-0.202,0.7693,1]},
{"frame":206,"values":[-1,0,0,0,0,0,1,0,0,1,0,0,0.3906,-0.202,0.7693,1]},
{"frame":207,"values":[-1,0,0,0,0,0,1,0,0,1,0,0,0.3822,-0.202,0.7693,1]},
{"frame":208,"values":[-1,0,0,0,0,0,1,0,0,1,0,0,0.3769,-0.202,0.7693,1]},
{"frame":209,"values":[-1,0,0,0,0,0,1,0,0,1,0,0,0.3749,-0.202,0.7693,1]},
{"frame":210,"values":[-1,0,0,0,0,0,1,0,0,1,0,0,0.377,-0.202,0.7693,1]},
{"frame":211,"values":[-1,0,0,0,0,0,1,0,0,1,0,0,0.3832,-0.202,0.7693,1]},
{"frame":212,"values":[-1,0,0,0,0,0,1,0,0,1,0,0,0.3935,-0.202,0.7693,1]},
{"frame":213,"values":[-1,0,0,0,0,0,1,0,0,1,0,0,0.4079,-0.202,0.7693,1]},
{"frame":214,"values":[-1,0,0,0,0,0,1,0,0,1,0,0,0.4261,-0.202,0.7693,1]},
{"frame":215,"values":[-1,0,0,0,0,0,1,0,0,1,0,0,0.4477,-0.202,0.7693,1]},
{"frame":216,"values":[-1,0,0,0,0,0,1,0,0,1,0,0,0.472,-0.202,0.7693,1]},
{"frame":217,"values":[-1,0,0,0,0,0,1,0,0,1,0,0,0.4982,-0.202,0.7693,1]},
{"frame":218,"values":[-1,0,0,0,0,0,1,0,0,1,0,0,0.5255,-0.202,0.7693,1]},
{"frame":219,"values":[-1,0,0,0,0,0,1,0,0,1,0,0,0.5527,-0.202,0.7693,1]},
{"frame":220,"values":[-1,0,0,0,0,0,1,0,0,1,0,0,0.579,-0.202,0.7693,1]},
{"frame":221,"values":[-1,0,0,0,0,0,1,0,0,1,0,0,0.6033,-0.202,0.7693,1]},
{"frame":222,"values":[-1,0,0,0,0,0,1,0,0,1,0,0,0.6248,-0.202,0.7693,1]},
{"frame":223,"values":[-1,0,0,0,0,0,1,0,0,1,0,0,0.643,-0.202,0.7693,1]},
{"frame":224,"values":[-1,0,0,0,0,0,1,0,0,1,0,0,0.6574,-0.202,0.7693,1]},
{"frame":225,"values":[-1,0,0,0,0,0,1,0,0,1,0,0,0.6677,-0.202,0.7693,1]},
{"frame":226,"values":[-1,0,0,0,0,0,1,0,0,1,0,0,0.6739,-0.202,0.7693,1]},
{"frame":227,"values":[-1,0,0,0,0,0,1,0,0,1,0,0,0.676,-0.202,0.7693,1]},
{"frame":240,"values":[-1,0,0,0,0,0,1,0,0,1,0,0,0.2444,-0.202,0.7693,1]},
{"frame":241,"values":[-1,0,0,0,0,0,1,0,0,1,0,0,0.576,-0.202,0.7893,1]},
{"frame":242,"values":[-1,0,0,0,0,0,1,0,0,1,0,0,0.5639,-0.202,0.7893,1]},
{"frame":243,"values":[-1,0,0,0,0,0,1,0,0,1,0,0,0.5435,-0.202,0.7893,1]},
{"frame":244,"values":[-1,0,0,0,0,0,1,0,0,1,0,0,0.5208,-0.202,0.7893,1]},
{"frame":245,"values":[-1,0,0,0,0,0,1,0,0,1,0,0,0.4973,-0.202,0.7893,1]},
{"frame":246,"values":[-1,0,0,0,0,0,1,0,0,1,0,0,0.4737,-0.202,0.7893,1]},
{"frame":247,"values":[-1,0,0,0,0,0,1,0,0,1,0,0,0.4504,-0.202,0.7893,1]},
{"frame":248,"values":[-1,0,0,0,0,0,1,0,0,1,0,0,0.4276,-0.202,0.7893,1]},
{"frame":249,"values":[-1,0,0,0,0,0,1,0,0,1,0,0,0.4057,-0.202,0.7893,1]},
{"frame":250,"values":[-1,0,0,0,0,0,1,0,0,1,0,0,0.3848,-0.202,0.7893,1]},
{"frame":251,"values":[-1,0,0,0,0,0,1,0,0,1,0,0,0.365,-0.202,0.7893,1]},
{"frame":252,"values":[-1,0,0,0,0,0,1,0,0,1,0,0,0.3466,-0.202,0.7893,1]},
{"frame":253,"values":[-1,0,0,0,0,0,1,0,0,1,0,0,0.3297,-0.202,0.7893,1]},
{"frame":254,"values":[-1,0,0,0,0,0,1,0,0,1,0,0,0.3146,-0.202,0.7893,1]},
{"frame":255,"values":[-1,0,0,0,0,0,1,0,0,1,0,0,0.3015,-0.202,0.7893,1]},
{"frame":256,"values":[-1,0,0,0,0,0,1,0,0,1,0,0,0.2906,-0.202,0.7893,1]},
{"frame":257,"values":[-1,0,0,0,0,0,1,0,0,1,0,0,0.2822,-0.202,0.7893,1]},
{"frame":258,"values":[-1,0,0,0,0,0,1,0,0,1,0,0,0.2769,-0.202,0.7893,1]},
{"frame":259,"values":[-1,0,0,0,0,0,1,0,0,1,0,0,0.2749,-0.202,0.7893,1]},
{"frame":260,"values":[-1,0,0,0,0,0,1,0,0,1,0,0,0.277,-0.202,0.7893,1]},
{"frame":261,"values":[-1,0,0,0,0,0,1,0,0,1,0,0,0.2832,-0.202,0.7893,1]},
{"frame":262,"values":[-1,0,0,0,0,0,1,0,0,1,0,0,0.2935,-0.202,0.7893,1]},
{"frame":263,"values":[-1,0,0,0,0,0,1,0,0,1,0,0,0.3079,-0.202,0.7893,1]},
{"frame":264,"values":[-1,0,0,0,0,0,1,0,0,1,0,0,0.3261,-0.202,0.7893,1]},
{"frame":265,"values":[-1,0,0,0,0,0,1,0,0,1,0,0,0.3477,-0.202,0.7893,1]},
{"frame":266,"values":[-1,0,0,0,0,0,1,0,0,1,0,0,0.372,-0.202,0.7893,1]},
{"frame":267,"values":[-1,0,0,0,0,0,1,0,0,1,0,0,0.3982,-0.202,0.7893,1]},
{"frame":268,"values":[-1,0,0,0,0,0,1,0,0,1,0,0,0.4255,-0.202,0.7893,1]},
{"frame":269,"values":[-1,0,0,0,0,0,1,0,0,1,0,0,0.4527,-0.202,0.7893,1]},
{"frame":270,"values":[-1,0,0,0,0,0,1,0,0,1,0,0,0.479,-0.202,0.7893,1]},
{"frame":271,"values":[-1,0,0,0,0,0,1,0,0,1,0,0,0.5033,-0.202,0.7893,1]},
{"frame":272,"values":[-1,0,0,0,0,0,1,0,0,1,0,0,0.5248,-0.202,0.7893,1]},
{"frame":273,"values":[-1,0,0,0,0,0,1,0,0,1,0,0,0.543,-0.202,0.7893,1]},
{"frame":274,"values":[-1,0,0,0,0,0,1,0,0,1,0,0,0.5574,-0.202,0.7893,1]},
{"frame":275,"values":[-1,0,0,0,0,0,1,0,0,1,0,0,0.5677,-0.202,0.7893,1]},
{"frame":276,"values":[-1,0,0,0,0,0,1,0,0,1,0,0,0.5739,-0.202,0.7893,1]},
{"frame":277,"values":[-1,0,0,0,0,0,1,0,0,1,0,0,0.576,-0.202,0.7893,1]},
{"frame":290,"values":[-1,0,0,0,0,0,1,0,0,1,0,0,0.2444,-0.202,0.7693,1]},
{"frame":291,"values":[-1,0,0,0,0,0,1,0,0,1,0,0,0.2444,-0.202,0.7693,1]}],"loopBehavior":1,"name":"anim","property":"_matrix"}},
{"name":"pelvis","index":3,"matrix":[-1,0,0,0,0,-0.0018,1,0,0,1,0.0018,0,0,0.0127,0.3003,1],"rest":[-1,0,0,0,0,-0.0018,1,0,0,1,0.0018,0,0,0.0127,0.3003,1],"parentBoneIndex":0,"length":0.1249
,"animation":{"dataType":3,"framePerSecond":24,"keys":[
{"frame":1,"values":[-1,0,0,0,0,-0.0018,1,0,0,1,0.0018,0,0,0.0127,0.3003,1]},
{"frame":13,"values":[-1,0,0,0,0,-0.0018,1,0,0,1,0.0018,0,0,0.0127,0.3003,1]},
{"frame":20,"values":[-1,0,0,0,0,-0.0018,1,0,0,1,0.0018,0,0,0.0127,0.3003,1]},
{"frame":21,"values":[-1,0,0,0,0,-0.0018,1,0,0,1,0.0018,0,0,0.0127,0.3003,1]},
{"frame":30,"values":[-1,0,0,0,0,-0.0018,1,0,0,1,0.0018,0,0,0.0127,0.3003,1]},
{"frame":31,"values":[-1,0,0,0,0,-0.0018,1,0,0,1,0.0018,0,0,0.0127,0.3003,1]},
{"frame":40,"values":[-1,0,0,0,0,-0.0018,1,0,0,1,0.0018,0,0,0.0127,0.3003,1]},
{"frame":41,"values":[-1,0,0,0,0,-0.0018,1,0,0,1,0.0018,0,0,0.0127,0.3003,1]},
{"frame":50,"values":[-1,0,0,0,0,-0.0018,1,0,0,1,0.0018,0,0,0.0127,0.3003,1]},
{"frame":51,"values":[-1,0,0,0,0,-0.0018,1,0,0,1,0.0018,0,0,0.0127,0.3003,1]},
{"frame":60,"values":[-1,0,0,0,0,-0.0018,1,0,0,1,0.0018,0,0,0.0127,0.3003,1]},
{"frame":61,"values":[-1,0,0,0,0,-0.0018,1,0,0,1,0.0018,0,0,0.0127,0.3003,1]},
{"frame":70,"values":[-1,0,0,0,0,-0.0018,1,0,0,1,0.0018,0,0,0.0127,0.3003,1]},
{"frame":71,"values":[-1,0,0,0,0,-0.0018,1,0,0,1,0.0018,0,0,0.0127,0.3003,1]},
{"frame":80,"values":[-1,0,0,0,0,-0.0018,1,0,0,1,0.0018,0,0,0.0127,0.3003,1]},
{"frame":81,"values":[-1,0,0,0,0,-0.0018,1,0,0,1,0.0018,0,0,0.0127,0.3003,1]},
{"frame":90,"values":[-1,0,0,0,0,-0.0018,1,0,0,1,0.0018,0,0,0.0127,0.3003,1]},
{"frame":91,"values":[-1,0,0,0,0,-0.0018,1,0,0,1,0.0018,0,0,0.0127,0.3003,1]},
{"frame":100,"values":[-1,0,0,0,0,-0.0018,1,0,0,1,0.0018,0,0,0.0127,0.3003,1]},
{"frame":101,"values":[-1,0,0,0,0,-0.0018,1,0,0,1,0.0018,0,0,0.0127,0.3003,1]},
{"frame":110,"values":[-1,0,0,0,0,-0.0018,1,0,0,1,0.0018,0,0,0.0127,0.3003,1]},
{"frame":158,"values":[-1,0,0,0,0,-0.0018,1,0,0,1,0.0018,0,0,0.0127,0.3003,1]},
{"frame":170,"values":[-1,0,0,0,0,-0.0018,1,0,0,1,0.0018,0,0,0.0127,0.3003,1]},
{"frame":171,"values":[-1,0,0,0,0,-0.0018,1,0,0,1,0.0018,0,0,0.0127,0.3003,1]},
{"frame":180,"values":[-1,0,0,0,0,-0.0018,1,0,0,1,0.0018,0,0,0.0127,0.3003,1]},
{"frame":181,"values":[-0.999,0.0412,0.0181,0,0.0088,-0.2163,0.9763,0,0.0441,0.9755,0.2157,0,0,0.0127,0.0464,1]},
{"frame":190,"values":[-1,0,0,0,0,-0.0018,1,0,0,1,0.0018,0,0,0.0127,0.3003,1]},
{"frame":191,"values":[-0.9848,0.1738,-0.0022,0,0.009,0.0637,0.9979,0,0.1736,0.9827,-0.0643,0,0,0.0127,0.3003,1]},
{"frame":192,"values":[-0.9871,0.1598,-0.0044,0,0.0083,0.0783,0.9969,0,0.1596,0.984,-0.0786,0,0,0.0127,0.3003,1]},
{"frame":193,"values":[-0.9907,0.1361,-0.007,0,0.0046,0.0844,0.9964,0,0.1362,0.9871,-0.0843,0,0,0.0127,0.3003,1]},
{"frame":194,"values":[-0.9939,0.1099,-0.0074,0,0.002,0.0852,0.9964,0,0.1102,0.9903,-0.0849,0,0,0.0127,0.3003,1]},
{"frame":195,"values":[-0.9965,0.0829,-0.0061,0,0.0008,0.0829,0.9966,0,0.0831,0.9931,-0.0827,0,0,0.0127,0.3003,1]},
{"frame":196,"values":[-0.9984,0.0557,-0.0046,0,-0.0004,0.0758,0.9971,0,0.0559,0.9956,-0.0757,0,0,0.0127,0.3003,1]},
{"frame":197,"values":[-0.9996,0.0288,-0.0031,0,-0.0012,0.0643,0.9979,0,0.0289,0.9975,-0.0643,0,0,0.0127,0.3003,1]},
{"frame":198,"values":[-1,0.0025,-0.0018,0,-0.0017,0.0497,0.9988,0,0.0026,0.9988,-0.0497,0,0,0.0127,0.3003,1]},
{"frame":199,"values":[-0.9997,-0.0229,-0.0009,0,-0.0016,0.0339,0.9994,0,-0.0229,0.9992,-0.0339,0,0,0.0127,0.3003,1]},
{"frame":200,"values":[-0.9989,-0.0471,-0.0004,0,-0.0013,0.0192,0.9998,0,-0.0471,0.9987,-0.0193,0,0,0.0127,0.3003,1]},
{"frame":201,"values":[-0.9975,-0.07,-0.0002,0,-0.0007,0.0077,1,0,-0.07,0.9975,-0.0077,0,0,0.0127,0.3003,1]},
{"frame":202,"values":[-0.9958,-0.0912,-0.0002,0,-0.0003,0.0006,1,0,-0.0912,0.9958,-0.0006,0,0,0.0127,0.3003,1]},
{"frame":203,"values":[-0.9939,-0.1106,-0.0003,0,-0.0001,-0.0018,1,0,-0.1106,0.9939,0.0018,0,0,0.0127,0.3003,1]},
{"frame":204,"values":[-0.9918,-0.128,-0.0006,0,-0.0008,0.001,1,0,-0.128,0.9918,-0.001,0,0,0.0127,0.3003,1]},
{"frame":205,"values":[-0.9897,-0.1431,-0.0014,0,-0.0027,0.0094,1,0,-0.1431,0.9897,-0.0097,0,0,0.0127,0.3003,1]},
{"frame":206,"values":[-0.9878,-0.1557,-0.0022,0,-0.0058,0.0227,0.9997,0,-0.1556,0.9875,-0.0233,0,0,0.0127,0.3003,1]},
{"frame":207,"values":[-0.9862,-0.1654,-0.0027,0,-0.0091,0.038,0.9992,0,-0.1652,0.9855,-0.039,0,0,0.0127,0.3003,1]},
{"frame":208,"values":[-0.9851,-0.1717,-0.0027,0,-0.0118,0.0521,0.9986,0,-0.1713,0.9838,-0.0533,0,0,0.0127,0.3003,1]},
{"frame":209,"values":[-0.9848,-0.1739,-0.0022,0,-0.0133,0.063,0.9979,0,-0.1734,0.9827,-0.0643,0,0,0.0127,0.3003,1]},
{"frame":210,"values":[-0.9852,-0.1714,-0.0004,0,-0.0131,0.0729,0.9973,0,-0.1709,0.9825,-0.074,0,0,0.0127,0.3003,1]},
{"frame":211,"values":[-0.9865,-0.164,0.0022,0,-0.0113,0.0815,0.9966,0,-0.1636,0.9831,-0.0823,0,0,0.0127,0.3003,1]},
{"frame":212,"values":[-0.9884,-0.152,0.0035,0,-0.0094,0.0846,0.9964,0,-0.1517,0.9848,-0.0851,0,0,0.0127,0.3003,1]},
{"frame":213,"values":[-0.9908,-0.1355,0.0034,0,-0.0079,0.0824,0.9966,0,-0.1353,0.9873,-0.0827,0,0,0.0127,0.3003,1]},
{"frame":214,"values":[-0.9934,-0.1147,0.0026,0,-0.0061,0.0754,0.9971,0,-0.1146,0.9905,-0.0756,0,0,0.0127,0.3003,1]},
{"frame":215,"values":[-0.9959,-0.0899,0.0015,0,-0.0043,0.0641,0.9979,0,-0.0899,0.9939,-0.0642,0,0,0.0127,0.3003,1]},
{"frame":216,"values":[-0.9981,-0.0619,0.0004,0,-0.0027,0.0496,0.9988,0,-0.0619,0.9968,-0.0497,0,0,0.0127,0.3003,1]},
{"frame":217,"values":[-0.9995,-0.0316,-0.0005,0,-0.0015,0.0339,0.9994,0,-0.0316,0.9989,-0.0339,0,0,0.0127,0.3003,1]},
{"frame":218,"values":[-1,0,-0.0009,0,-0.0009,0.0193,0.9998,0,0,0.9998,-0.0193,0,0,0.0127,0.3003,1]},
{"frame":219,"values":[-0.9995,0.0316,-0.0008,0,-0.0006,0.0078,1,0,0.0316,0.9995,-0.0077,0,0,0.0127,0.3003,1]},
{"frame":220,"values":[-0.9981,0.062,-0.0004,0,-0.0004,0.0006,1,0,0.062,0.9981,-0.0006,0,0,0.0127,0.3003,1]},
{"frame":221,"values":[-0.9959,0.09,0.0001,0,-0.0001,-0.0018,1,0,0.09,0.9959,0.0018,0,0,0.0127,0.3003,1]},
{"frame":222,"values":[-0.9934,0.1148,0.0004,0,0.0007,0.0022,1,0,0.1148,0.9934,-0.0023,0,0,0.0127,0.3003,1]},
{"frame":223,"values":[-0.9907,0.1357,0.0003,0,0.0022,0.014,0.9999,0,0.1357,0.9906,-0.0142,0,0,0.0127,0.3003,1]},
{"frame":224,"values":[-0.9883,0.1523,-0.0003,0,0.0045,0.031,0.9995,0,0.1523,0.9878,-0.0313,0,0,0.0127,0.3003,1]},
{"frame":225,"values":[-0.9864,0.1643,-0.0012,0,0.0068,0.0479,0.9988,0,0.1642,0.9852,-0.0484,0,0,0.0127,0.3003,1]},
{"frame":226,"values":[-0.9852,0.1715,-0.0019,0,0.0085,0.0597,0.9982,0,0.1713,0.9834,-0.0602,0,0,0.0127,0.3003,1]},
{"frame":227,"values":[-0.9848,0.1738,-0.0022,0,0.009,0.0637,0.9979,0,0.1736,0.9827,-0.0643,0,0,0.0127,0.3003,1]},
{"frame":240,"values":[-1,0,0,0,0,-0.0018,1,0,0,1,0.0018,0,0,0.0127,0.3003,1]},
{"frame":241,"values":[-0.9848,0.1738,-0.0022,0,0.009,0.0637,0.9979,0,0.1736,0.9827,-0.0643,0,0,0.0127,0.3203,1]},
{"frame":242,"values":[-0.9871,0.1598,-0.0044,0,0.0083,0.0783,0.9969,0,0.1596,0.984,-0.0786,0,0,0.0127,0.3203,1]},
{"frame":243,"values":[-0.9907,0.1361,-0.007,0,0.0046,0.0844,0.9964,0,0.1362,0.9871,-0.0843,0,0,0.0127,0.3203,1]},
{"frame":244,"values":[-0.9939,0.1099,-0.0074,0,0.002,0.0852,0.9964,0,0.1102,0.9903,-0.0849,0,0,0.0127,0.3203,1]},
{"frame":245,"values":[-0.9965,0.0829,-0.0061,0,0.0008,0.0829,0.9966,0,0.0831,0.9931,-0.0827,0,0,0.0127,0.3203,1]},
{"frame":246,"values":[-0.9984,0.0557,-0.0046,0,-0.0004,0.0758,0.9971,0,0.0559,0.9956,-0.0757,0,0,0.0127,0.3203,1]},
{"frame":247,"values":[-0.9996,0.0288,-0.0031,0,-0.0012,0.0643,0.9979,0,0.0289,0.9975,-0.0643,0,0,0.0127,0.3203,1]},
{"frame":248,"values":[-1,0.0025,-0.0018,0,-0.0017,0.0497,0.9988,0,0.0026,0.9988,-0.0497,0,0,0.0127,0.3203,1]},
{"frame":249,"values":[-0.9997,-0.0229,-0.0009,0,-0.0016,0.0339,0.9994,0,-0.0229,0.9992,-0.0339,0,0,0.0127,0.3203,1]},
{"frame":250,"values":[-0.9989,-0.0471,-0.0004,0,-0.0013,0.0192,0.9998,0,-0.0471,0.9987,-0.0193,0,0,0.0127,0.3203,1]},
{"frame":251,"values":[-0.9975,-0.07,-0.0002,0,-0.0007,0.0077,1,0,-0.07,0.9975,-0.0077,0,0,0.0127,0.3203,1]},
{"frame":252,"values":[-0.9958,-0.0912,-0.0002,0,-0.0003,0.0006,1,0,-0.0912,0.9958,-0.0006,0,0,0.0127,0.3203,1]},
{"frame":253,"values":[-0.9939,-0.1106,-0.0003,0,-0.0001,-0.0018,1,0,-0.1106,0.9939,0.0018,0,0,0.0127,0.3203,1]},
{"frame":254,"values":[-0.9918,-0.128,-0.0006,0,-0.0008,0.001,1,0,-0.128,0.9918,-0.001,0,0,0.0127,0.3203,1]},
{"frame":255,"values":[-0.9897,-0.1431,-0.0014,0,-0.0027,0.0094,1,0,-0.1431,0.9897,-0.0097,0,0,0.0127,0.3203,1]},
{"frame":256,"values":[-0.9878,-0.1557,-0.0022,0,-0.0058,0.0227,0.9997,0,-0.1556,0.9875,-0.0233,0,0,0.0127,0.3203,1]},
{"frame":257,"values":[-0.9862,-0.1654,-0.0027,0,-0.0091,0.038,0.9992,0,-0.1652,0.9855,-0.039,0,0,0.0127,0.3203,1]},
{"frame":258,"values":[-0.9851,-0.1717,-0.0027,0,-0.0118,0.0521,0.9986,0,-0.1713,0.9838,-0.0533,0,0,0.0127,0.3203,1]},
{"frame":259,"values":[-0.9848,-0.1739,-0.0022,0,-0.0133,0.063,0.9979,0,-0.1734,0.9827,-0.0643,0,0,0.0127,0.3203,1]},
{"frame":260,"values":[-0.9852,-0.1714,-0.0004,0,-0.0131,0.0729,0.9973,0,-0.1709,0.9825,-0.074,0,0,0.0127,0.3203,1]},
{"frame":261,"values":[-0.9865,-0.164,0.0022,0,-0.0113,0.0815,0.9966,0,-0.1636,0.9831,-0.0823,0,0,0.0127,0.3203,1]},
{"frame":262,"values":[-0.9884,-0.152,0.0035,0,-0.0094,0.0846,0.9964,0,-0.1517,0.9848,-0.0851,0,0,0.0127,0.3203,1]},
{"frame":263,"values":[-0.9908,-0.1355,0.0034,0,-0.0079,0.0824,0.9966,0,-0.1353,0.9873,-0.0827,0,0,0.0127,0.3203,1]},
{"frame":264,"values":[-0.9934,-0.1147,0.0026,0,-0.0061,0.0754,0.9971,0,-0.1146,0.9905,-0.0756,0,0,0.0127,0.3203,1]},
{"frame":265,"values":[-0.9959,-0.0899,0.0015,0,-0.0043,0.0641,0.9979,0,-0.0899,0.9939,-0.0642,0,0,0.0127,0.3203,1]},
{"frame":266,"values":[-0.9981,-0.0619,0.0004,0,-0.0027,0.0496,0.9988,0,-0.0619,0.9968,-0.0497,0,0,0.0127,0.3203,1]},
{"frame":267,"values":[-0.9995,-0.0316,-0.0005,0,-0.0015,0.0339,0.9994,0,-0.0316,0.9989,-0.0339,0,0,0.0127,0.3203,1]},
{"frame":268,"values":[-1,0,-0.0009,0,-0.0009,0.0193,0.9998,0,0,0.9998,-0.0193,0,0,0.0127,0.3203,1]},
{"frame":269,"values":[-0.9995,0.0316,-0.0008,0,-0.0006,0.0078,1,0,0.0316,0.9995,-0.0077,0,0,0.0127,0.3203,1]},
{"frame":270,"values":[-0.9981,0.062,-0.0004,0,-0.0004,0.0006,1,0,0.062,0.9981,-0.0006,0,0,0.0127,0.3203,1]},
{"frame":271,"values":[-0.9959,0.09,0.0001,0,-0.0001,-0.0018,1,0,0.09,0.9959,0.0018,0,0,0.0127,0.3203,1]},
{"frame":272,"values":[-0.9934,0.1148,0.0004,0,0.0007,0.0022,1,0,0.1148,0.9934,-0.0023,0,0,0.0127,0.3203,1]},
{"frame":273,"values":[-0.9907,0.1357,0.0003,0,0.0022,0.014,0.9999,0,0.1357,0.9906,-0.0142,0,0,0.0127,0.3203,1]},
{"frame":274,"values":[-0.9883,0.1523,-0.0003,0,0.0045,0.031,0.9995,0,0.1523,0.9878,-0.0313,0,0,0.0127,0.3203,1]},
{"frame":275,"values":[-0.9864,0.1643,-0.0012,0,0.0068,0.0479,0.9988,0,0.1642,0.9852,-0.0484,0,0,0.0127,0.3203,1]},
{"frame":276,"values":[-0.9852,0.1715,-0.0019,0,0.0085,0.0597,0.9982,0,0.1713,0.9834,-0.0602,0,0,0.0127,0.3203,1]},
{"frame":277,"values":[-0.9848,0.1738,-0.0022,0,0.009,0.0637,0.9979,0,0.1736,0.9827,-0.0643,0,0,0.0127,0.3203,1]},
{"frame":290,"values":[-1,0,0,0,0,-0.0018,1,0,0,1,0.0018,0,0,0.0127,0.3003,1]},
{"frame":291,"values":[-1,0,0,0,0,-0.0018,1,0,0,1,0.0018,0,0,0.0127,0.3003,1]}],"loopBehavior":1,"name":"anim","property":"_matrix"}},
{"name":"tailBaseUpper","index":4,"matrix":[1,0,0,0,0,-0.7309,-0.6825,0,0,0.6825,-0.7309,0,0,0.0761,-0.0704,1],"rest":[1,0,0,0,0,-0.7309,-0.6825,0,0,0.6825,-0.7309,0,0,0.0761,-0.0704,1],"parentBoneIndex":3,"length":0.0663
,"animation":{"dataType":3,"framePerSecond":24,"keys":[
{"frame":1,"values":[1,0,0,0,0,-0.7309,-0.6825,0,0,0.6825,-0.7309,0,0,0.0761,-0.0704,1]},
{"frame":13,"values":[1,0,0,0,0,-0.7309,-0.6825,0,0,0.6825,-0.7309,0,0,0.0761,-0.0704,1]},
{"frame":20,"values":[1,0,0,0,0,-0.7309,-0.6825,0,0,0.6825,-0.7309,0,0,0.0761,-0.0704,1]},
{"frame":21,"values":[1,0,0,0,0,-0.7309,-0.6825,0,0,0.6825,-0.7309,0,0,0.0761,-0.0704,1]},
{"frame":30,"values":[1,0,0,0,0,-0.7309,-0.6825,0,0,0.6825,-0.7309,0,0,0.0761,-0.0704,1]},
{"frame":31,"values":[1,0,0,0,0,-0.7309,-0.6825,0,0,0.6825,-0.7309,0,0,0.0761,-0.0704,1]},
{"frame":40,"values":[1,0,0,0,0,-0.7309,-0.6825,0,0,0.6825,-0.7309,0,0,0.0761,-0.0704,1]},
{"frame":41,"values":[1,0,0,0,0,-0.7309,-0.6825,0,0,0.6825,-0.7309,0,0,0.0761,-0.0704,1]},
{"frame":50,"values":[1,0,0,0,0,-0.7309,-0.6825,0,0,0.6825,-0.7309,0,0,0.0761,-0.0704,1]},
{"frame":51,"values":[1,0,0,0,0,-0.7309,-0.6825,0,0,0.6825,-0.7309,0,0,0.0761,-0.0704,1]},
{"frame":60,"values":[1,0,0,0,0,-0.7309,-0.6825,0,0,0.6825,-0.7309,0,0,0.0761,-0.0704,1]},
{"frame":61,"values":[1,0,0,0,0,-0.7309,-0.6825,0,0,0.6825,-0.7309,0,0,0.0761,-0.0704,1]},
{"frame":70,"values":[1,0,0,0,0,-0.7309,-0.6825,0,0,0.6825,-0.7309,0,0,0.0761,-0.0704,1]},
{"frame":71,"values":[1,0,0,0,0,-0.7309,-0.6825,0,0,0.6825,-0.7309,0,0,0.0761,-0.0704,1]},
{"frame":80,"values":[1,0,0,0,0,-0.7309,-0.6825,0,0,0.6825,-0.7309,0,0,0.0761,-0.0704,1]},
{"frame":81,"values":[1,0,0,0,0,-0.7309,-0.6825,0,0,0.6825,-0.7309,0,0,0.0761,-0.0704,1]},
{"frame":90,"values":[1,0,0,0,0,-0.7309,-0.6825,0,0,0.6825,-0.7309,0,0,0.0761,-0.0704,1]},
{"frame":91,"values":[1,0,0,0,0,-0.7309,-0.6825,0,0,0.6825,-0.7309,0,0,0.0761,-0.0704,1]},
{"frame":100,"values":[1,0,0,0,0,-0.7309,-0.6825,0,0,0.6825,-0.7309,0,0,0.0761,-0.0704,1]},
{"frame":101,"values":[1,0,0,0,0,-0.7309,-0.6825,0,0,0.6825,-0.7309,0,0,0.0761,-0.0704,1]},
{"frame":110,"values":[1,0,0,0,0,-0.7309,-0.6825,0,0,0.6825,-0.7309,0,0,0.0761,-0.0704,1]},
{"frame":112,"values":[1,0,0.0031,0,0.0021,-0.7309,-0.6825,0,0.0022,0.6825,-0.7309,0,0,0.0761,-0.0704,1]},
{"frame":113,"values":[1,0,0.0079,0,0.0054,-0.7309,-0.6825,0,0.0058,0.6825,-0.7308,0,0,0.0761,-0.0704,1]},
{"frame":114,"values":[0.9999,0,0.0133,0,0.009,-0.7309,-0.6825,0,0.0097,0.6825,-0.7308,0,0,0.0761,-0.0704,1]},
{"frame":115,"values":[0.9998,0,0.0188,0,0.0128,-0.7309,-0.6824,0,0.0137,0.6825,-0.7307,0,0,0.0761,-0.0704,1]},
{"frame":116,"values":[0.9997,0,0.0243,0,0.0166,-0.7309,-0.6823,0,0.0178,0.6825,-0.7306,0,0,0.0761,-0.0704,1]},
{"frame":117,"values":[0.9996,0,0.0298,0,0.0203,-0.7309,-0.6822,0,0.0218,0.6825,-0.7305,0,0,0.0761,-0.0704,1]},
{"frame":118,"values":[0.9994,0,0.0353,0,0.024,-0.7309,-0.6821,0,0.0258,0.6825,-0.7304,0,0,0.0761,-0.0704,1]},
{"frame":119,"values":[0.9992,-0.0001,0.0406,0,0.0277,-0.7309,-0.682,0,0.0297,0.6825,-0.7303,0,0,0.0761,-0.0704,1]},
{"frame":120,"values":[0.9989,-0.0001,0.0458,0,0.0312,-0.7309,-0.6818,0,0.0336,0.6825,-0.7301,0,0,0.0761,-0.0704,1]},
{"frame":121,"values":[0.9987,-0.0001,0.0509,0,0.0347,-0.7309,-0.6816,0,0.0373,0.6825,-0.7299,0,0,0.0761,-0.0704,1]},
{"frame":122,"values":[0.9984,-0.0001,0.0558,0,0.038,-0.7309,-0.6815,0,0.0409,0.6825,-0.7297,0,0,0.0761,-0.0704,1]},
{"frame":123,"values":[0.9982,-0.0001,0.0606,0,0.0413,-0.7309,-0.6813,0,0.0443,0.6825,-0.7295,0,0,0.0761,-0.0704,1]},
{"frame":124,"values":[0.9979,-0.0001,0.0651,0,0.0443,-0.7309,-0.6811,0,0.0476,0.6825,-0.7293,0,0,0.0761,-0.0704,1]},
{"frame":125,"values":[0.9976,-0.0001,0.0694,0,0.0473,-0.7309,-0.6809,0,0.0508,0.6825,-0.7291,0,0,0.0761,-0.0704,1]},
{"frame":126,"values":[0.9973,-0.0001,0.0734,0,0.05,-0.7309,-0.6807,0,0.0537,0.6825,-0.7289,0,0,0.0761,-0.0704,1]},
{"frame":127,"values":[0.997,-0.0001,0.0772,0,0.0526,-0.7309,-0.6805,0,0.0565,0.6825,-0.7287,0,0,0.0761,-0.0704,1]},
{"frame":128,"values":[0.9967,-0.0001,0.0807,0,0.055,-0.7309,-0.6803,0,0.0591,0.6825,-0.7285,0,0,0.0761,-0.0704,1]},
{"frame":129,"values":[0.9965,-0.0001,0.0838,0,0.0571,-0.7309,-0.6801,0,0.0614,0.6825,-0.7283,0,0,0.0761,-0.0704,1]},
{"frame":130,"values":[0.9962,-0.0001,0.0866,0,0.059,-0.7309,-0.68,0,0.0634,0.6825,-0.7281,0,0,0.0761,-0.0704,1]},
{"frame":131,"values":[0.996,-0.0001,0.0891,0,0.0607,-0.7309,-0.6798,0,0.0652,0.6825,-0.7279,0,0,0.0761,-0.0704,1]},
{"frame":132,"values":[0.9958,-0.0002,0.0911,0,0.062,-0.7309,-0.6797,0,0.0667,0.6825,-0.7278,0,0,0.0761,-0.0704,1]},
{"frame":133,"values":[0.9957,-0.0002,0.0926,0,0.0631,-0.7309,-0.6796,0,0.0678,0.6825,-0.7277,0,0,0.0761,-0.0704,1]},
{"frame":134,"values":[0.9956,-0.0002,0.0935,0,0.0637,-0.7309,-0.6795,0,0.0685,0.6825,-0.7276,0,0,0.0761,-0.0704,1]},
{"frame":135,"values":[0.9956,-0.0002,0.0939,0,0.0639,-0.7309,-0.6795,0,0.0687,0.6825,-0.7276,0,0,0.0761,-0.0704,1]},
{"frame":136,"values":[0.9956,-0.0002,0.0935,0,0.0637,-0.7309,-0.6795,0,0.0684,0.6825,-0.7277,0,0,0.0761,-0.0704,1]},
{"frame":137,"values":[0.9957,-0.0002,0.0923,0,0.0629,-0.7309,-0.6796,0,0.0676,0.6825,-0.7277,0,0,0.0761,-0.0704,1]},
{"frame":138,"values":[0.9959,-0.0001,0.0903,0,0.0615,-0.7309,-0.6797,0,0.0661,0.6825,-0.7279,0,0,0.0761,-0.0704,1]},
{"frame":139,"values":[0.9962,-0.0001,0.0876,0,0.0597,-0.7309,-0.6799,0,0.0641,0.6825,-0.728,0,0,0.0761,-0.0704,1]},
{"frame":140,"values":[0.9965,-0.0001,0.0841,0,0.0573,-0.7309,-0.6801,0,0.0615,0.6825,-0.7283,0,0,0.0761,-0.0704,1]},
{"frame":141,"values":[0.9968,-0.0001,0.0798,0,0.0544,-0.7309,-0.6804,0,0.0584,0.6825,-0.7285,0,0,0.0761,-0.0704,1]},
{"frame":142,"values":[0.9972,-0.0001,0.0749,0,0.051,-0.7309,-0.6806,0,0.0548,0.6825,-0.7288,0,0,0.0761,-0.0704,1]},
{"frame":143,"values":[0.9976,-0.0001,0.0694,0,0.0473,-0.7309,-0.6809,0,0.0508,0.6825,-0.7291,0,0,0.0761,-0.0704,1]},
{"frame":144,"values":[0.998,-0.0001,0.0634,0,0.0432,-0.7309,-0.6812,0,0.0464,0.6825,-0.7294,0,0,0.0761,-0.0704,1]},
{"frame":145,"values":[0.9984,-0.0001,0.0571,0,0.0389,-0.7309,-0.6814,0,0.0418,0.6825,-0.7297,0,0,0.0761,-0.0704,1]},
{"frame":146,"values":[0.9987,-0.0001,0.0505,0,0.0344,-0.7309,-0.6817,0,0.0369,0.6825,-0.7299,0,0,0.0761,-0.0704,1]},
{"frame":147,"values":[0.999,-0.0001,0.0438,0,0.0299,-0.7309,-0.6819,0,0.0321,0.6825,-0.7302,0,0,0.0761,-0.0704,1]},
{"frame":148,"values":[0.9993,-0.0001,0.0372,0,0.0254,-0.7309,-0.6821,0,0.0272,0.6825,-0.7303,0,0,0.0761,-0.0704,1]},
{"frame":149,"values":[0.9995,0,0.0309,0,0.021,-0.7309,-0.6822,0,0.0226,0.6825,-0.7305,0,0,0.0761,-0.0704,1]},
{"frame":150,"values":[0.9997,0,0.0249,0,0.0169,-0.7309,-0.6823,0,0.0182,0.6825,-0.7306,0,0,0.0761,-0.0704,1]},
{"frame":151,"values":[0.9998,0,0.0193,0,0.0132,-0.7309,-0.6824,0,0.0141,0.6825,-0.7307,0,0,0.0761,-0.0704,1]},
{"frame":152,"values":[0.9999,0,0.0144,0,0.0098,-0.7309,-0.6825,0,0.0105,0.6825,-0.7308,0,0,0.0761,-0.0704,1]},
{"frame":153,"values":[0.9999,0,0.0102,0,0.0069,-0.7309,-0.6825,0,0.0074,0.6825,-0.7308,0,0,0.0761,-0.0704,1]},
{"frame":154,"values":[1,0,0.0066,0,0.0045,-0.7309,-0.6825,0,0.0048,0.6825,-0.7308,0,0,0.0761,-0.0704,1]},
{"frame":155,"values":[1,0,0.0039,0,0.0026,-0.7309,-0.6825,0,0.0028,0.6825,-0.7309,0,0,0.0761,-0.0704,1]},
{"frame":156,"values":[1,0,0.0019,0,0.0013,-0.7309,-0.6825,0,0.0014,0.6825,-0.7309,0,0,0.0761,-0.0704,1]},
{"frame":157,"values":[1,0,0.0007,0,0.0005,-0.7309,-0.6825,0,0.0005,0.6825,-0.7309,0,0,0.0761,-0.0704,1]},
{"frame":158,"values":[1,0,0.0003,0,0.0002,-0.7309,-0.6825,0,0.0002,0.6825,-0.7309,0,0,0.0761,-0.0704,1]},
{"frame":170,"values":[1,0,0,0,0,-0.7309,-0.6825,0,0,0.6825,-0.7309,0,0,0.0761,-0.0704,1]},
{"frame":171,"values":[1,0,0,0,0,-0.7309,-0.6825,0,0,0.6825,-0.7309,0,0,0.0761,-0.0704,1]},
{"frame":180,"values":[1,0,0,0,0,-0.7309,-0.6825,0,0,0.6825,-0.7309,0,0,0.0761,-0.0704,1]},
{"frame":181,"values":[0.556,-0.1271,-0.8214,0,-0.7872,-0.3976,-0.4714,0,-0.2667,0.9087,-0.3211,0,0,0.0761,-0.0704,1]},
{"frame":190,"values":[1,0,0,0,0,-0.7309,-0.6825,0,0,0.6825,-0.7309,0,0,0.0761,-0.0704,1]},
{"frame":227,"values":[1,0,0,0,0,-0.7309,-0.6825,0,0,0.6825,-0.7309,0,0,0.0761,-0.0704,1]},
{"frame":240,"values":[1,0,0,0,0,-0.7309,-0.6825,0,0,0.6825,-0.7309,0,0,0.0761,-0.0704,1]},
{"frame":277,"values":[1,0,0,0,0,-0.7309,-0.6825,0,0,0.6825,-0.7309,0,0,0.0761,-0.0704,1]},
{"frame":290,"values":[1,0,0,0,0,-0.7309,-0.6825,0,0,0.6825,-0.7309,0,0,0.0761,-0.0704,1]},
{"frame":291,"values":[1,0,0,0,0,-0.7309,-0.6825,0,0,0.6825,-0.7309,0,0,0.0761,-0.0704,1]}],"loopBehavior":1,"name":"anim","property":"_matrix"}},
{"name":"tailBaseMiddle","index":5,"matrix":[1,0,0,0,0,0.9976,0.0688,0,0,-0.0688,0.9976,0,0,0.0663,0,1],"rest":[1,0,0,0,0,0.9976,0.0688,0,0,-0.0688,0.9976,0,0,0.0663,0,1],"parentBoneIndex":4,"length":0.0841
,"animation":{"dataType":3,"framePerSecond":24,"keys":[
{"frame":1,"values":[1,0,0,0,0,0.9976,0.0688,0,0,-0.0688,0.9976,0,0,0.0663,0,1]},
{"frame":13,"values":[1,0,0,0,0,0.9976,0.0688,0,0,-0.0688,0.9976,0,0,0.0663,0,1]},
{"frame":20,"values":[1,0,0,0,0,0.9976,0.0688,0,0,-0.0688,0.9976,0,0,0.0663,0,1]},
{"frame":21,"values":[1,0,0,0,0,0.9976,0.0688,0,0,-0.0688,0.9976,0,0,0.0663,0,1]},
{"frame":30,"values":[1,0,0,0,0,0.9976,0.0688,0,0,-0.0688,0.9976,0,0,0.0663,0,1]},
