{"producer":{"name":"Blender","version":"2.79 (sub 0)","exporter_version":"5.6.3","file":"misc.babylon"},
"autoClear":true,"clearColor":[0.0509,0.0509,0.0509],"ambientColor":[0,0,0],"gravity":[0,-9.81,0],
"materials":[],
"multiMaterials":[],
"skeletons":[{"name":"pylonSkeleton","id":0,"dimensionsAtRest":[0,0.9,0.2],"bones":[
{"name":"ROOT","index":0,"matrix":[-1,0,0,0,0,0,-1,0,0,1,0,0,2,0,0,1],"rest":[-1,0,0,0,0,0,-1,0,0,1,0,0,2,0,0,1],"parentBoneIndex":-1,"length":0.2
,"animation":{"dataType":3,"framePerSecond":24,"keys":[
{"frame":0,"values":[-1,0,0,0,0,0,-1,0,0,1,0,0,2,0,0,1]},
{"frame":192,"values":[-1,0,0,0,0,0,-1,0,0,1,0,0,2,0,0,1]}],"loopBehavior":1,"name":"anim","property":"_matrix"}},
{"name":"crystal","index":1,"matrix":[-1,0,0,0,0,0,1,0,0,1,0,0,-0.0004,0.01,0.1002,1],"rest":[-1,0,0,0,0,0,1,0,0,1,0,0,0,0,0.1,1],"parentBoneIndex":0,"length":0.8
,"animation":{"dataType":3,"framePerSecond":24,"keys":[
{"frame":0,"values":[-1,0,0,0,0,0,1,0,0,1,0,0,-0.0004,0.01,0.1002,1]},
{"frame":1,"values":[-1,-0.0056,0,0,0,0,1,0,-0.0056,1,0,0,-0.0004,0.01,0.1002,1]},
{"frame":2,"values":[-0.9999,-0.0111,0,0,0,0,1,0,-0.0111,0.9999,0,0,-0.0004,0.0097,0.1002,1]},
{"frame":3,"values":[-0.9999,-0.0165,0,0,0,0,1,0,-0.0165,0.9999,0,0,-0.0004,0.0094,0.1002,1]},
{"frame":4,"values":[-0.9998,-0.022,0,0,0,0,1,0,-0.022,0.9998,0,0,-0.0004,0.009,0.1002,1]},
{"frame":5,"values":[-0.9996,-0.0274,0,0,0,0,1,0,-0.0274,0.9996,0,0,-0.0004,0.0085,0.1002,1]},
{"frame":6,"values":[-0.9995,-0.0329,0,0,0,0,1,0,-0.0329,0.9995,0,0,-0.0004,0.0081,0.1002,1]},
{"frame":7,"values":[-0.9993,-0.0383,0,0,0,0,1,0,-0.0383,0.9993,0,0,-0.0004,0.0077,0.1002,1]},
{"frame":8,"values":[-0.999,-0.0438,0,0,0,0,1,0,-0.0438,0.999,0,0,-0.0004,0.0072,0.1002,1]},
{"frame":9,"values":[-0.9988,-0.0492,0,0,0,0,1,0,-0.0492,0.9988,0,0,-0.0004,0.0068,0.1002,1]},
{"frame":10,"values":[-0.9985,-0.0546,0,0,0,0,1,0,-0.0546,0.9985,0,0,-0.0004,0.0063,0.1002,1]},
{"frame":11,"values":[-0.9982,-0.0601,0,0,0,0,1,0,-0.0601,0.9982,0,0,-0.0004,0.0059,0.1002,1]},
{"frame":12,"values":[-0.9979,-0.0655,0,0,0,0,1,0,-0.0655,0.9979,0,0,-0.0004,0.0054,0.1002,1]},
{"frame":13,"values":[-0.9975,-0.0709,0,0,0,0,1,0,-0.0709,0.9975,0,0,-0.0004,0.0049,0.1002,1]},
{"frame":14,"values":[-0.9971,-0.0764,0,0,0,0,1,0,-0.0764,0.9971,0,0,-0.0004,0.0045,0.1002,1]},
{"frame":15,"values":[-0.9966,-0.0818,0,0,0,0,1,0,-0.0818,0.9966,0,0,-0.0004,0.004,0.1002,1]},
{"frame":16,"values":[-0.9962,-0.0872,0,0,0,0,1,0,-0.0872,0.9962,0,0,-0.0004,0.0036,0.1002,1]},
{"frame":17,"values":[-0.9957,-0.0926,0,0,0,0,1,0,-0.0926,0.9957,0,0,-0.0004,0.0031,0.1002,1]},
{"frame":18,"values":[-0.9952,-0.0981,0,0,0,0,1,0,-0.0981,0.9952,0,0,-0.0004,0.0026,0.1002,1]},
{"frame":19,"values":[-0.9946,-0.1035,0,0,0,0,1,0,-0.1035,0.9946,0,0,-0.0004,0.0022,0.1002,1]},
{"frame":20,"values":[-0.9941,-0.1089,0,0,0,0,1,0,-0.1089,0.9941,0,0,-0.0004,0.0017,0.1002,1]},
{"frame":21,"values":[-0.9934,-0.1143,0,0,0,0,1,0,-0.1143,0.9934,0,0,-0.0004,0.0013,0.1002,1]},
{"frame":22,"values":[-0.9928,-0.1197,0,0,0,0,1,0,-0.1197,0.9928,0,0,-0.0004,0.0009,0.1002,1]},
{"frame":23,"values":[-0.9921,-0.1251,0,0,0,0,1,0,-0.1251,0.9921,0,0,-0.0004,0.0004,0.1002,1]},
{"frame":24,"values":[-0.9914,-0.1305,0,0,0,0,1,0,-0.1305,0.9914,0,0,-0.0004,0,0.1002,1]},
{"frame":25,"values":[-0.9907,-0.1361,0,0,0,0,1,0,-0.1361,0.9907,0,0,-0.0004,-0.0004,0.1002,1]},
{"frame":26,"values":[-0.9899,-0.1421,0,0,0,0,1,0,-0.1421,0.9899,0,0,-0.0004,-0.0009,0.1002,1]},
{"frame":27,"values":[-0.9889,-0.1484,0,0,0,0,1,0,-0.1484,0.9889,0,0,-0.0004,-0.0014,0.1002,1]},
{"frame":28,"values":[-0.9879,-0.1551,0,0,0,0,1,0,-0.1551,0.9879,0,0,-0.0004,-0.0019,0.1002,1]},
{"frame":29,"values":[-0.9868,-0.162,0,0,0,0,1,0,-0.162,0.9868,0,0,-0.0004,-0.0025,0.1002,1]},
{"frame":30,"values":[-0.9856,-0.1692,0,0,0,0,1,0,-0.1692,0.9856,0,0,-0.0004,-0.003,0.1002,1]},
{"frame":31,"values":[-0.9843,-0.1766,0,0,0,0,1,0,-0.1766,0.9843,0,0,-0.0004,-0.0036,0.1002,1]},
{"frame":32,"values":[-0.9829,-0.1841,0,0,0,0,1,0,-0.1841,0.9829,0,0,-0.0004,-0.0042,0.1002,1]},
{"frame":33,"values":[-0.9815,-0.1917,0,0,0,0,1,0,-0.1917,0.9815,0,0,-0.0004,-0.0048,0.1002,1]},
{"frame":34,"values":[-0.9799,-0.1993,0,0,0,0,1,0,-0.1993,0.9799,0,0,-0.0004,-0.0054,0.1002,1]},
{"frame":35,"values":[-0.9784,-0.2067,0,0,0,0,1,0,-0.2067,0.9784,0,0,-0.0004,-0.0059,0.1002,1]},
{"frame":36,"values":[-0.9769,-0.2138,0,0,0,0,1,0,-0.2138,0.9769,0,0,-0.0004,-0.0065,0.1002,1]},
{"frame":37,"values":[-0.9753,-0.2207,0,0,0,0,1,0,-0.2207,0.9753,0,0,-0.0004,-0.007,0.1002,1]},
{"frame":38,"values":[-0.9739,-0.2271,0,0,0,0,1,0,-0.2271,0.9739,0,0,-0.0004,-0.0075,0.1002,1]},
{"frame":39,"values":[-0.9724,-0.2331,0,0,0,0,1,0,-0.2331,0.9724,0,0,-0.0004,-0.008,0.1002,1]},
{"frame":40,"values":[-0.9711,-0.2385,0,0,0,0,1,0,-0.2385,0.9711,0,0,-0.0004,-0.0084,0.1002,1]},
{"frame":41,"values":[-0.9699,-0.2433,0,0,0,0,1,0,-0.2433,0.9699,0,0,-0.0004,-0.0088,0.1002,1]},
{"frame":42,"values":[-0.9689,-0.2475,0,0,0,0,1,0,-0.2475,0.9689,0,0,-0.0004,-0.0091,0.1002,1]},
{"frame":43,"values":[-0.968,-0.251,0,0,0,0,1,0,-0.251,0.968,0,0,-0.0004,-0.0094,0.1002,1]},
{"frame":44,"values":[-0.9672,-0.2539,0,0,0,0,1,0,-0.2539,0.9672,0,0,-0.0004,-0.0096,0.1002,1]},
{"frame":45,"values":[-0.9667,-0.2561,0,0,0,0,1,0,-0.2561,0.9667,0,0,-0.0004,-0.0098,0.1002,1]},
{"frame":46,"values":[-0.9662,-0.2576,0,0,0,0,1,0,-0.2576,0.9662,0,0,-0.0004,-0.0099,0.1002,1]},
{"frame":47,"values":[-0.966,-0.2585,0,0,0,0,1,0,-0.2585,0.966,0,0,-0.0004,-0.01,0.1002,1]},
{"frame":48,"values":[-0.9659,-0.2588,0,0,0,0,1,0,-0.2588,0.9659,0,0,-0.0004,-0.01,0.1002,1]},
{"frame":49,"values":[-0.966,-0.2585,0,0,0,0,1,0,-0.2585,0.966,0,0,-0.0004,-0.01,0.1002,1]},
{"frame":50,"values":[-0.9662,-0.2576,0,0,0,0,1,0,-0.2576,0.9662,0,0,-0.0004,-0.0099,0.1002,1]},
{"frame":51,"values":[-0.9667,-0.2561,0,0,0,0,1,0,-0.2561,0.9667,0,0,-0.0004,-0.0098,0.1002,1]},
{"frame":52,"values":[-0.9672,-0.2539,0,0,0,0,1,0,-0.2539,0.9672,0,0,-0.0004,-0.0096,0.1002,1]},
{"frame":53,"values":[-0.968,-0.251,0,0,0,0,1,0,-0.251,0.968,0,0,-0.0004,-0.0094,0.1002,1]},
{"frame":54,"values":[-0.9689,-0.2475,0,0,0,0,1,0,-0.2475,0.9689,0,0,-0.0004,-0.0091,0.1002,1]},
{"frame":55,"values":[-0.9699,-0.2433,0,0,0,0,1,0,-0.2433,0.9699,0,0,-0.0004,-0.0088,0.1002,1]},
{"frame":56,"values":[-0.9711,-0.2385,0,0,0,0,1,0,-0.2385,0.9711,0,0,-0.0004,-0.0084,0.1002,1]},
{"frame":57,"values":[-0.9724,-0.2331,0,0,0,0,1,0,-0.2331,0.9724,0,0,-0.0004,-0.008,0.1002,1]},
{"frame":58,"values":[-0.9739,-0.2271,0,0,0,0,1,0,-0.2271,0.9739,0,0,-0.0004,-0.0075,0.1002,1]},
{"frame":59,"values":[-0.9753,-0.2207,0,0,0,0,1,0,-0.2207,0.9753,0,0,-0.0004,-0.007,0.1002,1]},
{"frame":60,"values":[-0.9769,-0.2138,0,0,0,0,1,0,-0.2138,0.9769,0,0,-0.0004,-0.0065,0.1002,1]},
{"frame":61,"values":[-0.9784,-0.2067,0,0,0,0,1,0,-0.2067,0.9784,0,0,-0.0004,-0.0059,0.1002,1]},
{"frame":62,"values":[-0.9799,-0.1993,0,0,0,0,1,0,-0.1993,0.9799,0,0,-0.0004,-0.0054,0.1002,1]},
{"frame":63,"values":[-0.9815,-0.1917,0,0,0,0,1,0,-0.1917,0.9815,0,0,-0.0004,-0.0048,0.1002,1]},
{"frame":64,"values":[-0.9829,-0.1841,0,0,0,0,1,0,-0.1841,0.9829,0,0,-0.0004,-0.0042,0.1002,1]},
{"frame":65,"values":[-0.9843,-0.1766,0,0,0,0,1,0,-0.1766,0.9843,0,0,-0.0004,-0.0036,0.1002,1]},
{"frame":66,"values":[-0.9856,-0.1692,0,0,0,0,1,0,-0.1692,0.9856,0,0,-0.0004,-0.003,0.1002,1]},
{"frame":67,"values":[-0.9868,-0.162,0,0,0,0,1,0,-0.162,0.9868,0,0,-0.0004,-0.0025,0.1002,1]},
{"frame":68,"values":[-0.9879,-0.1551,0,0,0,0,1,0,-0.1551,0.9879,0,0,-0.0004,-0.0019,0.1002,1]},
{"frame":69,"values":[-0.9889,-0.1484,0,0,0,0,1,0,-0.1484,0.9889,0,0,-0.0004,-0.0014,0.1002,1]},
{"frame":70,"values":[-0.9899,-0.1421,0,0,0,0,1,0,-0.1421,0.9899,0,0,-0.0004,-0.0009,0.1002,1]},
{"frame":71,"values":[-0.9907,-0.1361,0,0,0,0,1,0,-0.1361,0.9907,0,0,-0.0004,-0.0004,0.1002,1]},
{"frame":72,"values":[-0.9914,-0.1305,0,0,0,0,1,0,-0.1305,0.9914,0,0,-0.0004,0,0.1002,1]},
{"frame":73,"values":[-0.9921,-0.1251,0,0,0,0,1,0,-0.1251,0.9921,0,0,-0.0004,0.0004,0.1002,1]},
{"frame":74,"values":[-0.9928,-0.1197,0,0,0,0,1,0,-0.1197,0.9928,0,0,-0.0004,0.0009,0.1002,1]},
{"frame":75,"values":[-0.9934,-0.1143,0,0,0,0,1,0,-0.1143,0.9934,0,0,-0.0004,0.0013,0.1002,1]},
{"frame":76,"values":[-0.9941,-0.1089,0,0,0,0,1,0,-0.1089,0.9941,0,0,-0.0004,0.0017,0.1002,1]},
{"frame":77,"values":[-0.9946,-0.1035,0,0,0,0,1,0,-0.1035,0.9946,0,0,-0.0004,0.0022,0.1002,1]},
{"frame":78,"values":[-0.9952,-0.0981,0,0,0,0,1,0,-0.0981,0.9952,0,0,-0.0004,0.0026,0.1002,1]},
{"frame":79,"values":[-0.9957,-0.0926,0,0,0,0,1,0,-0.0926,0.9957,0,0,-0.0004,0.0031,0.1002,1]},
{"frame":80,"values":[-0.9962,-0.0872,0,0,0,0,1,0,-0.0872,0.9962,0,0,-0.0004,0.0036,0.1002,1]},
{"frame":81,"values":[-0.9966,-0.0818,0,0,0,0,1,0,-0.0818,0.9966,0,0,-0.0004,0.004,0.1002,1]},
{"frame":82,"values":[-0.9971,-0.0764,0,0,0,0,1,0,-0.0764,0.9971,0,0,-0.0004,0.0045,0.1002,1]},
{"frame":83,"values":[-0.9975,-0.0709,0,0,0,0,1,0,-0.0709,0.9975,0,0,-0.0004,0.0049,0.1002,1]},
{"frame":84,"values":[-0.9979,-0.0655,0,0,0,0,1,0,-0.0655,0.9979,0,0,-0.0004,0.0054,0.1002,1]},
{"frame":85,"values":[-0.9982,-0.0601,0,0,0,0,1,0,-0.0601,0.9982,0,0,-0.0004,0.0059,0.1002,1]},
{"frame":86,"values":[-0.9985,-0.0546,0,0,0,0,1,0,-0.0546,0.9985,0,0,-0.0004,0.0063,0.1002,1]},
{"frame":87,"values":[-0.9988,-0.0492,0,0,0,0,1,0,-0.0492,0.9988,0,0,-0.0004,0.0068,0.1002,1]},
{"frame":88,"values":[-0.999,-0.0438,0,0,0,0,1,0,-0.0438,0.999,0,0,-0.0004,0.0072,0.1002,1]},
{"frame":89,"values":[-0.9993,-0.0383,0,0,0,0,1,0,-0.0383,0.9993,0,0,-0.0004,0.0077,0.1002,1]},
{"frame":90,"values":[-0.9995,-0.0329,0,0,0,0,1,0,-0.0329,0.9995,0,0,-0.0004,0.0081,0.1002,1]},
{"frame":91,"values":[-0.9996,-0.0274,0,0,0,0,1,0,-0.0274,0.9996,0,0,-0.0004,0.0085,0.1002,1]},
{"frame":92,"values":[-0.9998,-0.022,0,0,0,0,1,0,-0.022,0.9998,0,0,-0.0004,0.009,0.1002,1]},
{"frame":93,"values":[-0.9999,-0.0165,0,0,0,0,1,0,-0.0165,0.9999,0,0,-0.0004,0.0094,0.1002,1]},
{"frame":94,"values":[-0.9999,-0.0111,0,0,0,0,1,0,-0.0111,0.9999,0,0,-0.0004,0.0097,0.1002,1]},
{"frame":95,"values":[-1,-0.0056,0,0,0,0,1,0,-0.0056,1,0,0,-0.0004,0.01,0.1002,1]},
{"frame":96,"values":[-1,0,0,0,0,0,1,0,0,1,0,0,-0.0004,0.01,0.1002,1]},
{"frame":97,"values":[-1,0.0056,0,0,0,0,1,0,0.0056,1,0,0,-0.0004,0.0098,0.1002,1]},
{"frame":98,"values":[-0.9999,0.0111,0,0,0,0,1,0,0.0111,0.9999,0,0,-0.0004,0.0094,0.1002,1]},
{"frame":99,"values":[-0.9999,0.0165,0,0,0,0,1,0,0.0165,0.9999,0,0,-0.0004,0.009,0.1002,1]},
{"frame":100,"values":[-0.9998,0.022,0,0,0,0,1,0,0.022,0.9998,0,0,-0.0004,0.0086,0.1002,1]},
{"frame":101,"values":[-0.9996,0.0274,0,0,0,0,1,0,0.0274,0.9996,0,0,-0.0004,0.0082,0.1002,1]},
{"frame":102,"values":[-0.9995,0.0329,0,0,0,0,1,0,0.0329,0.9995,0,0,-0.0004,0.0078,0.1002,1]},
{"frame":103,"values":[-0.9993,0.0383,0,0,0,0,1,0,0.0383,0.9993,0,0,-0.0004,0.0073,0.1002,1]},
{"frame":104,"values":[-0.999,0.0438,0,0,0,0,1,0,0.0438,0.999,0,0,-0.0004,0.0069,0.1002,1]},
{"frame":105,"values":[-0.9988,0.0492,0,0,0,0,1,0,0.0492,0.9988,0,0,-0.0004,0.0065,0.1002,1]},
{"frame":106,"values":[-0.9985,0.0546,0,0,0,0,1,0,0.0546,0.9985,0,0,-0.0004,0.006,0.1002,1]},
{"frame":107,"values":[-0.9982,0.0601,0,0,0,0,1,0,0.0601,0.9982,0,0,-0.0004,0.0056,0.1002,1]},
{"frame":108,"values":[-0.9979,0.0655,0,0,0,0,1,0,0.0655,0.9979,0,0,-0.0004,0.0052,0.1002,1]},
{"frame":109,"values":[-0.9975,0.0709,0,0,0,0,1,0,0.0709,0.9975,0,0,-0.0004,0.0047,0.1002,1]},
{"frame":110,"values":[-0.9971,0.0764,0,0,0,0,1,0,0.0764,0.9971,0,0,-0.0004,0.0043,0.1002,1]},
{"frame":111,"values":[-0.9966,0.0818,0,0,0,0,1,0,0.0818,0.9966,0,0,-0.0004,0.0039,0.1002,1]},
{"frame":112,"values":[-0.9962,0.0872,0,0,0,0,1,0,0.0872,0.9962,0,0,-0.0004,0.0034,0.1002,1]},
{"frame":113,"values":[-0.9957,0.0926,0,0,0,0,1,0,0.0926,0.9957,0,0,-0.0004,0.003,0.1002,1]},
{"frame":114,"values":[-0.9952,0.0981,0,0,0,0,1,0,0.0981,0.9952,0,0,-0.0004,0.0026,0.1002,1]},
{"frame":115,"values":[-0.9946,0.1035,0,0,0,0,1,0,0.1035,0.9946,0,0,-0.0004,0.0021,0.1002,1]},
{"frame":116,"values":[-0.9941,0.1089,0,0,0,0,1,0,0.1089,0.9941,0,0,-0.0004,0.0017,0.1002,1]},
{"frame":117,"values":[-0.9934,0.1143,0,0,0,0,1,0,0.1143,0.9934,0,0,-0.0004,0.0013,0.1002,1]},
{"frame":118,"values":[-0.9928,0.1197,0,0,0,0,1,0,0.1197,0.9928,0,0,-0.0004,0.0008,0.1002,1]},
{"frame":119,"values":[-0.9921,0.1251,0,0,0,0,1,0,0.1251,0.9921,0,0,-0.0004,0.0004,0.1002,1]},
{"frame":120,"values":[-0.9914,0.1305,0,0,0,0,1,0,0.1305,0.9914,0,0,-0.0004,0,0.1002,1]},
{"frame":121,"values":[-0.9907,0.1361,0,0,0,0,1,0,0.1361,0.9907,0,0,-0.0004,-0.0004,0.1002,1]},
{"frame":122,"values":[-0.9899,0.1421,0,0,0,0,1,0,0.1421,0.9899,0,0,-0.0004,-0.0009,0.1002,1]},
{"frame":123,"values":[-0.9889,0.1484,0,0,0,0,1,0,0.1484,0.9889,0,0,-0.0004,-0.0014,0.1002,1]},
{"frame":124,"values":[-0.9879,0.1551,0,0,0,0,1,0,0.1551,0.9879,0,0,-0.0004,-0.0019,0.1002,1]},
{"frame":125,"values":[-0.9868,0.162,0,0,0,0,1,0,0.162,0.9868,0,0,-0.0004,-0.0024,0.1002,1]},
{"frame":126,"values":[-0.9856,0.1692,0,0,0,0,1,0,0.1692,0.9856,0,0,-0.0004,-0.003,0.1002,1]},
{"frame":127,"values":[-0.9843,0.1766,0,0,0,0,1,0,0.1766,0.9843,0,0,-0.0004,-0.0036,0.1002,1]},
{"frame":128,"values":[-0.9829,0.1841,0,0,0,0,1,0,0.1841,0.9829,0,0,-0.0004,-0.0042,0.1002,1]},
{"frame":129,"values":[-0.9815,0.1917,0,0,0,0,1,0,0.1917,0.9815,0,0,-0.0004,-0.0048,0.1002,1]},
{"frame":130,"values":[-0.9799,0.1993,0,0,0,0,1,0,0.1993,0.9799,0,0,-0.0004,-0.0053,0.1002,1]},
{"frame":131,"values":[-0.9784,0.2067,0,0,0,0,1,0,0.2067,0.9784,0,0,-0.0004,-0.0059,0.1002,1]},
{"frame":132,"values":[-0.9769,0.2138,0,0,0,0,1,0,0.2138,0.9769,0,0,-0.0004,-0.0065,0.1002,1]},
{"frame":133,"values":[-0.9753,0.2207,0,0,0,0,1,0,0.2207,0.9753,0,0,-0.0004,-0.007,0.1002,1]},
{"frame":134,"values":[-0.9739,0.2271,0,0,0,0,1,0,0.2271,0.9739,0,0,-0.0004,-0.0075,0.1002,1]},
{"frame":135,"values":[-0.9724,0.2331,0,0,0,0,1,0,0.2331,0.9724,0,0,-0.0004,-0.008,0.1002,1]},
{"frame":136,"values":[-0.9711,0.2385,0,0,0,0,1,0,0.2385,0.9711,0,0,-0.0004,-0.0084,0.1002,1]},
{"frame":137,"values":[-0.9699,0.2433,0,0,0,0,1,0,0.2433,0.9699,0,0,-0.0004,-0.0088,0.1002,1]},
{"frame":138,"values":[-0.9689,0.2475,0,0,0,0,1,0,0.2475,0.9689,0,0,-0.0004,-0.0091,0.1002,1]},
{"frame":139,"values":[-0.968,0.251,0,0,0,0,1,0,0.251,0.968,0,0,-0.0004,-0.0094,0.1002,1]},
{"frame":140,"values":[-0.9672,0.2539,0,0,0,0,1,0,0.2539,0.9672,0,0,-0.0004,-0.0096,0.1002,1]},
{"frame":141,"values":[-0.9667,0.2561,0,0,0,0,1,0,0.2561,0.9667,0,0,-0.0004,-0.0098,0.1002,1]},
{"frame":142,"values":[-0.9662,0.2576,0,0,0,0,1,0,0.2576,0.9662,0,0,-0.0004,-0.0099,0.1002,1]},
{"frame":143,"values":[-0.966,0.2585,0,0,0,0,1,0,0.2585,0.966,0,0,-0.0004,-0.01,0.1002,1]},
{"frame":144,"values":[-0.9659,0.2588,0,0,0,0,1,0,0.2588,0.9659,0,0,-0.0004,-0.01,0.1002,1]},
{"frame":145,"values":[-0.966,0.2585,0,0,0,0,1,0,0.2585,0.966,0,0,-0.0004,-0.01,0.1002,1]},
{"frame":146,"values":[-0.9662,0.2576,0,0,0,0,1,0,0.2576,0.9662,0,0,-0.0004,-0.0099,0.1002,1]},
{"frame":147,"values":[-0.9667,0.2561,0,0,0,0,1,0,0.2561,0.9667,0,0,-0.0004,-0.0098,0.1002,1]},
{"frame":148,"values":[-0.9672,0.2539,0,0,0,0,1,0,0.2539,0.9672,0,0,-0.0004,-0.0096,0.1002,1]},
{"frame":149,"values":[-0.968,0.251,0,0,0,0,1,0,0.251,0.968,0,0,-0.0004,-0.0094,0.1002,1]},
{"frame":150,"values":[-0.9689,0.2475,0,0,0,0,1,0,0.2475,0.9689,0,0,-0.0004,-0.0091,0.1002,1]},
{"frame":151,"values":[-0.9699,0.2433,0,0,0,0,1,0,0.2433,0.9699,0,0,-0.0004,-0.0088,0.1002,1]},
{"frame":152,"values":[-0.9711,0.2385,0,0,0,0,1,0,0.2385,0.9711,0,0,-0.0004,-0.0084,0.1002,1]},
{"frame":153,"values":[-0.9724,0.2331,0,0,0,0,1,0,0.2331,0.9724,0,0,-0.0004,-0.008,0.1002,1]},
{"frame":154,"values":[-0.9739,0.2271,0,0,0,0,1,0,0.2271,0.9739,0,0,-0.0004,-0.0075,0.1002,1]},
{"frame":155,"values":[-0.9753,0.2207,0,0,0,0,1,0,0.2207,0.9753,0,0,-0.0004,-0.007,0.1002,1]},
{"frame":156,"values":[-0.9769,0.2138,0,0,0,0,1,0,0.2138,0.9769,0,0,-0.0004,-0.0065,0.1002,1]},
{"frame":157,"values":[-0.9784,0.2067,0,0,0,0,1,0,0.2067,0.9784,0,0,-0.0004,-0.0059,0.1002,1]},
{"frame":158,"values":[-0.9799,0.1993,0,0,0,0,1,0,0.1993,0.9799,0,0,-0.0004,-0.0054,0.1002,1]},
{"frame":159,"values":[-0.9815,0.1917,0,0,0,0,1,0,0.1917,0.9815,0,0,-0.0004,-0.0048,0.1002,1]},
{"frame":160,"values":[-0.9829,0.1841,0,0,0,0,1,0,0.1841,0.9829,0,0,-0.0004,-0.0042,0.1002,1]},
{"frame":161,"values":[-0.9843,0.1766,0,0,0,0,1,0,0.1766,0.9843,0,0,-0.0004,-0.0036,0.1002,1]},
{"frame":162,"values":[-0.9856,0.1692,0,0,0,0,1,0,0.1692,0.9856,0,0,-0.0004,-0.003,0.1002,1]},
{"frame":163,"values":[-0.9868,0.162,0,0,0,0,1,0,0.162,0.9868,0,0,-0.0004,-0.0025,0.1002,1]},
{"frame":164,"values":[-0.9879,0.1551,0,0,0,0,1,0,0.1551,0.9879,0,0,-0.0004,-0.0019,0.1002,1]},
{"frame":165,"values":[-0.9889,0.1484,0,0,0,0,1,0,0.1484,0.9889,0,0,-0.0004,-0.0014,0.1002,1]},
{"frame":166,"values":[-0.9899,0.1421,0,0,0,0,1,0,0.1421,0.9899,0,0,-0.0004,-0.0009,0.1002,1]},
{"frame":167,"values":[-0.9907,0.1361,0,0,0,0,1,0,0.1361,0.9907,0,0,-0.0004,-0.0004,0.1002,1]},
{"frame":168,"values":[-0.9914,0.1305,0,0,0,0,1,0,0.1305,0.9914,0,0,-0.0004,0,0.1002,1]},
{"frame":169,"values":[-0.9921,0.1251,0,0,0,0,1,0,0.1251,0.9921,0,0,-0.0004,0.0004,0.1002,1]},
{"frame":170,"values":[-0.9928,0.1197,0,0,0,0,1,0,0.1197,0.9928,0,0,-0.0004,0.0009,0.1002,1]},
{"frame":171,"values":[-0.9934,0.1143,0,0,0,0,1,0,0.1143,0.9934,0,0,-0.0004,0.0013,0.1002,1]},
{"frame":172,"values":[-0.9941,0.1089,0,0,0,0,1,0,0.1089,0.9941,0,0,-0.0004,0.0017,0.1002,1]},
{"frame":173,"values":[-0.9946,0.1035,0,0,0,0,1,0,0.1035,0.9946,0,0,-0.0004,0.0022,0.1002,1]},
{"frame":174,"values":[-0.9952,0.0981,0,0,0,0,1,0,0.0981,0.9952,0,0,-0.0004,0.0026,0.1002,1]},
{"frame":175,"values":[-0.9957,0.0926,0,0,0,0,1,0,0.0926,0.9957,0,0,-0.0004,0.0031,0.1002,1]},
{"frame":176,"values":[-0.9962,0.0872,0,0,0,0,1,0,0.0872,0.9962,0,0,-0.0004,0.0036,0.1002,1]},
{"frame":177,"values":[-0.9966,0.0818,0,0,0,0,1,0,0.0818,0.9966,0,0,-0.0004,0.004,0.1002,1]},
{"frame":178,"values":[-0.9971,0.0764,0,0,0,0,1,0,0.0764,0.9971,0,0,-0.0004,0.0045,0.1002,1]},
{"frame":179,"values":[-0.9975,0.0709,0,0,0,0,1,0,0.0709,0.9975,0,0,-0.0004,0.0049,0.1002,1]},
{"frame":180,"values":[-0.9979,0.0655,0,0,0,0,1,0,0.0655,0.9979,0,0,-0.0004,0.0054,0.1002,1]},
{"frame":181,"values":[-0.9982,0.0601,0,0,0,0,1,0,0.0601,0.9982,0,0,-0.0004,0.0059,0.1002,1]},
{"frame":182,"values":[-0.9985,0.0546,0,0,0,0,1,0,0.0546,0.9985,0,0,-0.0004,0.0063,0.1002,1]},
{"frame":183,"values":[-0.9988,0.0492,0,0,0,0,1,0,0.0492,0.9988,0,0,-0.0004,0.0068,0.1002,1]},
{"frame":184,"values":[-0.999,0.0438,0,0,0,0,1,0,0.0438,0.999,0,0,-0.0004,0.0072,0.1002,1]},
{"frame":185,"values":[-0.9993,0.0383,0,0,0,0,1,0,0.0383,0.9993,0,0,-0.0004,0.0077,0.1002,1]},
{"frame":186,"values":[-0.9995,0.0329,0,0,0,0,1,0,0.0329,0.9995,0,0,-0.0004,0.0081,0.1002,1]},
{"frame":187,"values":[-0.9996,0.0274,0,0,0,0,1,0,0.0274,0.9996,0,0,-0.0004,0.0085,0.1002,1]},
{"frame":188,"values":[-0.9998,0.022,0,0,0,0,1,0,0.022,0.9998,0,0,-0.0004,0.009,0.1002,1]},
{"frame":189,"values":[-0.9999,0.0165,0,0,0,0,1,0,0.0165,0.9999,0,0,-0.0004,0.0094,0.1002,1]},
{"frame":190,"values":[-0.9999,0.0111,0,0,0,0,1,0,0.0111,0.9999,0,0,-0.0004,0.0097,0.1002,1]},
{"frame":191,"values":[-1,0.0056,0,0,0,0,1,0,0.0056,1,0,0,-0.0004,0.01,0.1002,1]},
{"frame":192,"values":[-1,0,0,0,0,0,1,0,0,1,0,0,-0.0004,0.01,0.1002,1]}],"loopBehavior":1,"name":"anim","property":"_matrix"}},
{"name":"ring","index":2,"matrix":[-1,0,0,0,0,0,1,0,0,1,0,0,0,0,0.26,1],"rest":[-1,0,0,0,0,0,1,0,0,1,0,0,0,0,0.26,1],"parentBoneIndex":0,"length":0.48
,"animation":{"dataType":3,"framePerSecond":24,"keys":[
{"frame":0,"values":[-1,0,0,0,0,0,1,0,0,1,0,0,0,0,0.26,1]},
{"frame":1,"values":[-0.9976,0.0698,0,0,0,0,1,0,0.0698,0.9976,0,0,0,0,0.2601,1]},
{"frame":2,"values":[-0.9908,0.1354,0,0,0,0,1,0,0.1354,0.9908,0,0,0,0,0.261,1]},
{"frame":3,"values":[-0.9798,0.1998,0,0,0,0,1,0,0.1998,0.9798,0,0,0,0,0.2623,1]},
{"frame":4,"values":[-0.9647,0.2632,0,0,0,0,1,0,0.2632,0.9647,0,0,0,0,0.2636,1]},
{"frame":5,"values":[-0.9456,0.3253,0,0,0,0,1,0,0.3253,0.9456,0,0,0,0,0.265,1]},
{"frame":6,"values":[-0.9225,0.386,0,0,0,0,1,0,0.386,0.9225,0,0,0,0,0.2664,1]},
{"frame":7,"values":[-0.8955,0.445,0,0,0,0,1,0,0.445,0.8955,0,0,0,0,0.2678,1]},
{"frame":8,"values":[-0.8648,0.5021,0,0,0,0,1,0,0.5021,0.8648,0,0,0,0,0.2692,1]},
{"frame":9,"values":[-0.8304,0.5571,0,0,0,0,1,0,0.5571,0.8304,0,0,0,0,0.2706,1]},
{"frame":10,"values":[-0.7926,0.6098,0,0,0,0,1,0,0.6098,0.7926,0,0,0,0,0.2721,1]},
{"frame":11,"values":[-0.7514,0.6598,0,0,0,0,1,0,0.6598,0.7514,0,0,0,0,0.2735,1]},
{"frame":12,"values":[-0.7071,0.7071,0,0,0,0,1,0,0.7071,0.7071,0,0,0,0,0.275,1]},
{"frame":13,"values":[-0.6598,0.7514,0,0,0,0,1,0,0.7514,0.6598,0,0,0,0,0.2765,1]},
{"frame":14,"values":[-0.6098,0.7926,0,0,0,0,1,0,0.7926,0.6098,0,0,0,0,0.2779,1]},
{"frame":15,"values":[-0.5571,0.8304,0,0,0,0,1,0,0.8304,0.5571,0,0,0,0,0.2794,1]},
{"frame":16,"values":[-0.5021,0.8648,0,0,0,0,1,0,0.8648,0.5021,0,0,0,0,0.2808,1]},
{"frame":17,"values":[-0.445,0.8955,0,0,0,0,1,0,0.8955,0.445,0,0,0,0,0.2822,1]},
{"frame":18,"values":[-0.386,0.9225,0,0,0,0,1,0,0.9225,0.386,0,0,0,0,0.2836,1]},
{"frame":19,"values":[-0.3253,0.9456,0,0,0,0,1,0,0.9456,0.3253,0,0,0,0,0.285,1]},
{"frame":20,"values":[-0.2632,0.9647,0,0,0,0,1,0,0.9647,0.2632,0,0,0,0,0.2864,1]},
{"frame":21,"values":[-0.1998,0.9798,0,0,0,0,1,0,0.9798,0.1998,0,0,0,0,0.2877,1]},
{"frame":22,"values":[-0.1354,0.9908,0,0,0,0,1,0,0.9908,0.1354,0,0,0,0,0.289,1]},
{"frame":23,"values":[-0.0698,0.9976,0,0,0,0,1,0,0.9976,0.0698,0,0,0,0,0.2899,1]},
{"frame":24,"values":[0,1,0,0,0,0,1,0,1,0,0,0,0,0,0.29,1]},
{"frame":25,"values":[0.0698,0.9976,0,0,0,0,1,0,0.9976,-0.0698,0,0,0,0,0.2899,1]},
{"frame":26,"values":[0.1354,0.9908,0,0,0,0,1,0,0.9908,-0.1354,0,0,0,0,0.2889,1]},
{"frame":27,"values":[0.1998,0.9798,0,0,0,0,1,0,0.9798,-0.1998,0,0,0,0,0.2877,1]},
{"frame":28,"values":[0.2632,0.9647,0,0,0,0,1,0,0.9647,-0.2632,0,0,0,0,0.2863,1]},
{"frame":29,"values":[0.3253,0.9456,0,0,0,0,1,0,0.9456,-0.3253,0,0,0,0,0.2849,1]},
{"frame":30,"values":[0.386,0.9225,0,0,0,0,1,0,0.9225,-0.386,0,0,0,0,0.2835,1]},
{"frame":31,"values":[0.445,0.8955,0,0,0,0,1,0,0.8955,-0.445,0,0,0,0,0.282,1]},
{"frame":32,"values":[0.5021,0.8648,0,0,0,0,1,0,0.8648,-0.5021,0,0,0,0,0.2806,1]},
{"frame":33,"values":[0.5571,0.8304,0,0,0,0,1,0,0.8304,-0.5571,0,0,0,0,0.2791,1]},
{"frame":34,"values":[0.6098,0.7926,0,0,0,0,1,0,0.7926,-0.6098,0,0,0,0,0.2776,1]},
{"frame":35,"values":[0.6598,0.7514,0,0,0,0,1,0,0.7514,-0.6598,0,0,0,0,0.2761,1]},
{"frame":36,"values":[0.7071,0.7071,0,0,0,0,1,0,0.7071,-0.7071,0,0,0,0,0.2747,1]},
{"frame":37,"values":[0.7514,0.6598,0,0,0,0,1,0,0.6598,-0.7514,0,0,0,0,0.2732,1]},
{"frame":38,"values":[0.7926,0.6098,0,0,0,0,1,0,0.6098,-0.7926,0,0,0,0,0.2717,1]},
{"frame":39,"values":[0.8304,0.5571,0,0,0,0,1,0,0.5571,-0.8304,0,0,0,0,0.2702,1]},
{"frame":40,"values":[0.8648,0.5021,0,0,0,0,1,0,0.5021,-0.8648,0,0,0,0,0.2688,1]},
{"frame":41,"values":[0.8955,0.445,0,0,0,0,1,0,0.445,-0.8955,0,0,0,0,0.2673,1]},
{"frame":42,"values":[0.9225,0.386,0,0,0,0,1,0,0.386,-0.9225,0,0,0,0,0.2659,1]},
{"frame":43,"values":[0.9456,0.3253,0,0,0,0,1,0,0.3253,-0.9456,0,0,0,0,0.2645,1]},
{"frame":44,"values":[0.9647,0.2632,0,0,0,0,1,0,0.2632,-0.9647,0,0,0,0,0.2631,1]},
{"frame":45,"values":[0.9798,0.1998,0,0,0,0,1,0,0.1998,-0.9798,0,0,0,0,0.2618,1]},
{"frame":46,"values":[0.9908,0.1354,0,0,0,0,1,0,0.1354,-0.9908,0,0,0,0,0.2607,1]},
{"frame":47,"values":[0.9976,0.0698,0,0,0,0,1,0,0.0698,-0.9976,0,0,0,0,0.2599,1]},
{"frame":48,"values":[1,0,0,0,0,0,1,0,0,-1,0,0,0,0,0.26,1]},
{"frame":49,"values":[0.9976,-0.0698,0,0,0,0,1,0,-0.0698,-0.9976,0,0,0,0,0.2599,1]},
{"frame":50,"values":[0.9908,-0.1354,0,0,0,0,1,0,-0.1354,-0.9908,0,0,0,0,0.259,1]},
{"frame":51,"values":[0.9798,-0.1998,0,0,0,0,1,0,-0.1998,-0.9798,0,0,0,0,0.2577,1]},
{"frame":52,"values":[0.9647,-0.2632,0,0,0,0,1,0,-0.2632,-0.9647,0,0,0,0,0.2564,1]},
{"frame":53,"values":[0.9456,-0.3253,0,0,0,0,1,0,-0.3253,-0.9456,0,0,0,0,0.255,1]},
{"frame":54,"values":[0.9225,-0.386,0,0,0,0,1,0,-0.386,-0.9225,0,0,0,0,0.2536,1]},
{"frame":55,"values":[0.8955,-0.445,0,0,0,0,1,0,-0.445,-0.8955,0,0,0,0,0.2522,1]},
{"frame":56,"values":[0.8648,-0.5021,0,0,0,0,1,0,-0.5021,-0.8648,0,0,0,0,0.2508,1]},
{"frame":57,"values":[0.8304,-0.5571,0,0,0,0,1,0,-0.5571,-0.8304,0,0,0,0,0.2494,1]},
{"frame":58,"values":[0.7926,-0.6098,0,0,0,0,1,0,-0.6098,-0.7926,0,0,0,0,0.2479,1]},
{"frame":59,"values":[0.7514,-0.6598,0,0,0,0,1,0,-0.6598,-0.7514,0,0,0,0,0.2465,1]},
{"frame":60,"values":[0.7071,-0.7071,0,0,0,0,1,0,-0.7071,-0.7071,0,0,0,0,0.245,1]},
{"frame":61,"values":[0.6598,-0.7514,0,0,0,0,1,0,-0.7514,-0.6598,0,0,0,0,0.2435,1]},
{"frame":62,"values":[0.6098,-0.7926,0,0,0,0,1,0,-0.7926,-0.6098,0,0,0,0,0.2421,1]},
{"frame":63,"values":[0.5571,-0.8304,0,0,0,0,1,0,-0.8304,-0.5571,0,0,0,0,0.2406,1]},
{"frame":64,"values":[0.5021,-0.8648,0,0,0,0,1,0,-0.8648,-0.5021,0,0,0,0,0.2392,1]},
{"frame":65,"values":[0.445,-0.8955,0,0,0,0,1,0,-0.8955,-0.445,0,0,0,0,0.2378,1]},
{"frame":66,"values":[0.386,-0.9225,0,0,0,0,1,0,-0.9225,-0.386,0,0,0,0,0.2364,1]},
{"frame":67,"values":[0.3253,-0.9456,0,0,0,0,1,0,-0.9456,-0.3253,0,0,0,0,0.235,1]},
{"frame":68,"values":[0.2632,-0.9647,0,0,0,0,1,0,-0.9647,-0.2632,0,0,0,0,0.2336,1]},
{"frame":69,"values":[0.1998,-0.9798,0,0,0,0,1,0,-0.9798,-0.1998,0,0,0,0,0.2323,1]},
{"frame":70,"values":[0.1354,-0.9908,0,0,0,0,1,0,-0.9908,-0.1354,0,0,0,0,0.231,1]},
{"frame":71,"values":[0.0698,-0.9976,0,0,0,0,1,0,-0.9976,-0.0698,0,0,0,0,0.2301,1]},
{"frame":72,"values":[0,-1,0,0,0,0,1,0,-1,0,0,0,0,0,0.23,1]},
{"frame":73,"values":[-0.0698,-0.9976,0,0,0,0,1,0,-0.9976,0.0698,0,0,0,0,0.2301,1]},
{"frame":74,"values":[-0.1388,-0.9903,0,0,0,0,1,0,-0.9903,0.1388,0,0,0,0,0.231,1]},
{"frame":75,"values":[-0.2079,-0.9781,0,0,0,0,1,0,-0.9781,0.2079,0,0,0,0,0.2323,1]},
{"frame":76,"values":[-0.2761,-0.9611,0,0,0,0,1,0,-0.9611,0.2761,0,0,0,0,0.2336,1]},
{"frame":77,"values":[-0.3428,-0.9394,0,0,0,0,1,0,-0.9394,0.3428,0,0,0,0,0.235,1]},
{"frame":78,"values":[-0.4077,-0.9131,0,0,0,0,1,0,-0.9131,0.4077,0,0,0,0,0.2364,1]},
{"frame":79,"values":[-0.4704,-0.8824,0,0,0,0,1,0,-0.8824,0.4704,0,0,0,0,0.2378,1]},
{"frame":80,"values":[-0.5307,-0.8476,0,0,0,0,1,0,-0.8476,0.5307,0,0,0,0,0.2392,1]},
{"frame":81,"values":[-0.5881,-0.8088,0,0,0,0,1,0,-0.8088,0.5881,0,0,0,0,0.2406,1]},
{"frame":82,"values":[-0.6425,-0.7663,0,0,0,0,1,0,-0.7663,0.6425,0,0,0,0,0.2421,1]},
{"frame":83,"values":[-0.6936,-0.7204,0,0,0,0,1,0,-0.7204,0.6936,0,0,0,0,0.2435,1]},
{"frame":84,"values":[-0.7411,-0.6714,0,0,0,0,1,0,-0.6714,0.7411,0,0,0,0,0.245,1]},
{"frame":85,"values":[-0.785,-0.6195,0,0,0,0,1,0,-0.6195,0.785,0,0,0,0,0.2465,1]},
{"frame":86,"values":[-0.8249,-0.5653,0,0,0,0,1,0,-0.5653,0.8249,0,0,0,0,0.2479,1]},
{"frame":87,"values":[-0.8608,-0.509,0,0,0,0,1,0,-0.509,0.8608,0,0,0,0,0.2494,1]},
{"frame":88,"values":[-0.8925,-0.451,0,0,0,0,1,0,-0.451,0.8925,0,0,0,0,0.2508,1]},
{"frame":89,"values":[-0.92,-0.3919,0,0,0,0,1,0,-0.3919,0.92,0,0,0,0,0.2522,1]},
{"frame":90,"values":[-0.9432,-0.3321,0,0,0,0,1,0,-0.3321,0.9432,0,0,0,0,0.2536,1]},
{"frame":91,"values":[-0.9622,-0.2723,0,0,0,0,1,0,-0.2723,0.9622,0,0,0,0,0.255,1]},
{"frame":92,"values":[-0.977,-0.2133,0,0,0,0,1,0,-0.2133,0.977,0,0,0,0,0.2564,1]},
{"frame":93,"values":[-0.9877,-0.1564,0,0,0,0,1,0,-0.1564,0.9877,0,0,0,0,0.2577,1]},
{"frame":94,"values":[-0.9945,-0.1043,0,0,0,0,1,0,-0.1043,0.9945,0,0,0,0,0.259,1]},
{"frame":95,"values":[-0.9976,-0.0698,0,0,0,0,1,0,-0.0698,0.9976,0,0,0,0,0.2599,1]},
{"frame":96,"values":[-1,0,0,0,0,0,1,0,0,1,0,0,0,0,0.26,1]},
{"frame":97,"values":[-0.9976,0.0698,0,0,0,0,1,0,0.0698,0.9976,0,0,0,0,0.2601,1]},
{"frame":98,"values":[-0.9908,0.1354,0,0,0,0,1,0,0.1354,0.9908,0,0,0,0,0.261,1]},
{"frame":99,"values":[-0.9798,0.1998,0,0,0,0,1,0,0.1998,0.9798,0,0,0,0,0.2623,1]},
{"frame":100,"values":[-0.9647,0.2632,0,0,0,0,1,0,0.2632,0.9647,0,0,0,0,0.2636,1]},
{"frame":101,"values":[-0.9456,0.3253,0,0,0,0,1,0,0.3253,0.9456,0,0,0,0,0.265,1]},
{"frame":102,"values":[-0.9225,0.386,0,0,0,0,1,0,0.386,0.9225,0,0,0,0,0.2664,1]},
{"frame":103,"values":[-0.8955,0.445,0,0,0,0,1,0,0.445,0.8955,0,0,0,0,0.2678,1]},
{"frame":104,"values":[-0.8648,0.5021,0,0,0,0,1,0,0.5021,0.8648,0,0,0,0,0.2692,1]},
{"frame":105,"values":[-0.8304,0.5571,0,0,0,0,1,0,0.5571,0.8304,0,0,0,0,0.2706,1]},
{"frame":106,"values":[-0.7926,0.6098,0,0,0,0,1,0,0.6098,0.7926,0,0,0,0,0.2721,1]},
{"frame":107,"values":[-0.7514,0.6598,0,0,0,0,1,0,0.6598,0.7514,0,0,0,0,0.2735,1]},
{"frame":108,"values":[-0.7071,0.7071,0,0,0,0,1,0,0.7071,0.7071,0,0,0,0,0.275,1]},
{"frame":109,"values":[-0.6598,0.7514,0,0,0,0,1,0,0.7514,0.6598,0,0,0,0,0.2765,1]},
{"frame":110,"values":[-0.6098,0.7926,0,0,0,0,1,0,0.7926,0.6098,0,0,0,0,0.2779,1]},
{"frame":111,"values":[-0.5571,0.8304,0,0,0,0,1,0,0.8304,0.5571,0,0,0,0,0.2794,1]},
{"frame":112,"values":[-0.5021,0.8648,0,0,0,0,1,0,0.8648,0.5021,0,0,0,0,0.2808,1]},
{"frame":113,"values":[-0.445,0.8955,0,0,0,0,1,0,0.8955,0.445,0,0,0,0,0.2822,1]},
{"frame":114,"values":[-0.386,0.9225,0,0,0,0,1,0,0.9225,0.386,0,0,0,0,0.2836,1]},
{"frame":115,"values":[-0.3253,0.9456,0,0,0,0,1,0,0.9456,0.3253,0,0,0,0,0.285,1]},
{"frame":116,"values":[-0.2632,0.9647,0,0,0,0,1,0,0.9647,0.2632,0,0,0,0,0.2864,1]},
{"frame":117,"values":[-0.1998,0.9798,0,0,0,0,1,0,0.9798,0.1998,0,0,0,0,0.2877,1]},
{"frame":118,"values":[-0.1354,0.9908,0,0,0,0,1,0,0.9908,0.1354,0,0,0,0,0.289,1]},
{"frame":119,"values":[-0.0698,0.9976,0,0,0,0,1,0,0.9976,0.0698,0,0,0,0,0.2899,1]},
{"frame":120,"values":[0,1,0,0,0,0,1,0,1,0,0,0,0,0,0.29,1]},
{"frame":121,"values":[0.0698,0.9976,0,0,0,0,1,0,0.9976,-0.0698,0,0,0,0,0.2899,1]},
{"frame":122,"values":[0.1354,0.9908,0,0,0,0,1,0,0.9908,-0.1354,0,0,0,0,0.2889,1]},
{"frame":123,"values":[0.1998,0.9798,0,0,0,0,1,0,0.9798,-0.1998,0,0,0,0,0.2877,1]},
{"frame":124,"values":[0.2632,0.9647,0,0,0,0,1,0,0.9647,-0.2632,0,0,0,0,0.2863,1]},
{"frame":125,"values":[0.3253,0.9456,0,0,0,0,1,0,0.9456,-0.3253,0,0,0,0,0.2849,1]},
{"frame":126,"values":[0.386,0.9225,0,0,0,0,1,0,0.9225,-0.386,0,0,0,0,0.2835,1]},
{"frame":127,"values":[0.445,0.8955,0,0,0,0,1,0,0.8955,-0.445,0,0,0,0,0.282,1]},
{"frame":128,"values":[0.5021,0.8648,0,0,0,0,1,0,0.8648,-0.5021,0,0,0,0,0.2806,1]},
{"frame":129,"values":[0.5571,0.8304,0,0,0,0,1,0,0.8304,-0.5571,0,0,0,0,0.2791,1]},
{"frame":130,"values":[0.6098,0.7926,0,0,0,0,1,0,0.7926,-0.6098,0,0,0,0,0.2776,1]},
{"frame":131,"values":[0.6598,0.7514,0,0,0,0,1,0,0.7514,-0.6598,0,0,0,0,0.2761,1]},
{"frame":132,"values":[0.7071,0.7071,0,0,0,0,1,0,0.7071,-0.7071,0,0,0,0,0.2747,1]},
{"frame":133,"values":[0.7514,0.6598,0,0,0,0,1,0,0.6598,-0.7514,0,0,0,0,0.2732,1]},
{"frame":134,"values":[0.7926,0.6098,0,0,0,0,1,0,0.6098,-0.7926,0,0,0,0,0.2717,1]},
{"frame":135,"values":[0.8304,0.5571,0,0,0,0,1,0,0.5571,-0.8304,0,0,0,0,0.2702,1]},
{"frame":136,"values":[0.8648,0.5021,0,0,0,0,1,0,0.5021,-0.8648,0,0,0,0,0.2688,1]},
{"frame":137,"values":[0.8955,0.445,0,0,0,0,1,0,0.445,-0.8955,0,0,0,0,0.2673,1]},
{"frame":138,"values":[0.9225,0.386,0,0,0,0,1,0,0.386,-0.9225,0,0,0,0,0.2659,1]},
{"frame":139,"values":[0.9456,0.3253,0,0,0,0,1,0,0.3253,-0.9456,0,0,0,0,0.2645,1]},
{"frame":140,"values":[0.9647,0.2632,0,0,0,0,1,0,0.2632,-0.9647,0,0,0,0,0.2631,1]},
{"frame":141,"values":[0.9798,0.1998,0,0,0,0,1,0,0.1998,-0.9798,0,0,0,0,0.2618,1]},
{"frame":142,"values":[0.9908,0.1354,0,0,0,0,1,0,0.1354,-0.9908,0,0,0,0,0.2607,1]},
{"frame":143,"values":[0.9976,0.0698,0,0,0,0,1,0,0.0698,-0.9976,0,0,0,0,0.2599,1]},
{"frame":144,"values":[1,0,0,0,0,0,1,0,0,-1,0,0,0,0,0.26,1]},
{"frame":145,"values":[0.9976,-0.0698,0,0,0,0,1,0,-0.0698,-0.9976,0,0,0,0,0.2599,1]},
{"frame":146,"values":[0.9908,-0.1354,0,0,0,0,1,0,-0.1354,-0.9908,0,0,0,0,0.259,1]},
{"frame":147,"values":[0.9798,-0.1998,0,0,0,0,1,0,-0.1998,-0.9798,0,0,0,0,0.2577,1]},
{"frame":148,"values":[0.9647,-0.2632,0,0,0,0,1,0,-0.2632,-0.9647,0,0,0,0,0.2564,1]},
{"frame":149,"values":[0.9456,-0.3253,0,0,0,0,1,0,-0.3253,-0.9456,0,0,0,0,0.255,1]},
{"frame":150,"values":[0.9225,-0.386,0,0,0,0,1,0,-0.386,-0.9225,0,0,0,0,0.2536,1]},
{"frame":151,"values":[0.8955,-0.445,0,0,0,0,1,0,-0.445,-0.8955,0,0,0,0,0.2522,1]},
{"frame":152,"values":[0.8648,-0.5021,0,0,0,0,1,0,-0.5021,-0.8648,0,0,0,0,0.2508,1]},
{"frame":153,"values":[0.8304,-0.5571,0,0,0,0,1,0,-0.5571,-0.8304,0,0,0,0,0.2494,1]},
{"frame":154,"values":[0.7926,-0.6098,0,0,0,0,1,0,-0.6098,-0.7926,0,0,0,0,0.2479,1]},
{"frame":155,"values":[0.7514,-0.6598,0,0,0,0,1,0,-0.6598,-0.7514,0,0,0,0,0.2465,1]},
{"frame":156,"values":[0.7071,-0.7071,0,0,0,0,1,0,-0.7071,-0.7071,0,0,0,0,0.245,1]},
{"frame":157,"values":[0.6598,-0.7514,0,0,0,0,1,0,-0.7514,-0.6598,0,0,0,0,0.2435,1]},
{"frame":158,"values":[0.6098,-0.7926,0,0,0,0,1,0,-0.7926,-0.6098,0,0,0,0,0.2421,1]},
{"frame":159,"values":[0.5571,-0.8304,0,0,0,0,1,0,-0.8304,-0.5571,0,0,0,0,0.2406,1]},
{"frame":160,"values":[0.5021,-0.8648,0,0,0,0,1,0,-0.8648,-0.5021,0,0,0,0,0.2392,1]},
{"frame":161,"values":[0.445,-0.8955,0,0,0,0,1,0,-0.8955,-0.445,0,0,0,0,0.2378,1]},
{"frame":162,"values":[0.386,-0.9225,0,0,0,0,1,0,-0.9225,-0.386,0,0,0,0,0.2364,1]},
{"frame":163,"values":[0.3253,-0.9456,0,0,0,0,1,0,-0.9456,-0.3253,0,0,0,0,0.235,1]},
{"frame":164,"values":[0.2632,-0.9647,0,0,0,0,1,0,-0.9647,-0.2632,0,0,0,0,0.2336,1]},
{"frame":165,"values":[0.1998,-0.9798,0,0,0,0,1,0,-0.9798,-0.1998,0,0,0,0,0.2323,1]},
{"frame":166,"values":[0.1354,-0.9908,0,0,0,0,1,0,-0.9908,-0.1354,0,0,0,0,0.231,1]},
{"frame":167,"values":[0.0698,-0.9976,0,0,0,0,1,0,-0.9976,-0.0698,0,0,0,0,0.2301,1]},
{"frame":168,"values":[0,-1,0,0,0,0,1,0,-1,0,0,0,0,0,0.23,1]},
{"frame":169,"values":[-0.0698,-0.9976,0,0,0,0,1,0,-0.9976,0.0698,0,0,0,0,0.2301,1]},
{"frame":170,"values":[-0.1354,-0.9908,0,0,0,0,1,0,-0.9908,0.1354,0,0,0,0,0.231,1]},
{"frame":171,"values":[-0.1998,-0.9798,0,0,0,0,1,0,-0.9798,0.1998,0,0,0,0,0.2323,1]},
{"frame":172,"values":[-0.2632,-0.9647,0,0,0,0,1,0,-0.9647,0.2632,0,0,0,0,0.2336,1]},
{"frame":173,"values":[-0.3253,-0.9456,0,0,0,0,1,0,-0.9456,0.3253,0,0,0,0,0.235,1]},
{"frame":174,"values":[-0.386,-0.9225,0,0,0,0,1,0,-0.9225,0.386,0,0,0,0,0.2364,1]},
{"frame":175,"values":[-0.445,-0.8955,0,0,0,0,1,0,-0.8955,0.445,0,0,0,0,0.2378,1]},
{"frame":176,"values":[-0.5021,-0.8648,0,0,0,0,1,0,-0.8648,0.5021,0,0,0,0,0.2392,1]},
{"frame":177,"values":[-0.5571,-0.8304,0,0,0,0,1,0,-0.8304,0.5571,0,0,0,0,0.2406,1]},
{"frame":178,"values":[-0.6098,-0.7926,0,0,0,0,1,0,-0.7926,0.6098,0,0,0,0,0.2421,1]},
{"frame":179,"values":[-0.6598,-0.7514,0,0,0,0,1,0,-0.7514,0.6598,0,0,0,0,0.2435,1]},
{"frame":180,"values":[-0.7071,-0.7071,0,0,0,0,1,0,-0.7071,0.7071,0,0,0,0,0.245,1]},
{"frame":181,"values":[-0.7514,-0.6598,0,0,0,0,1,0,-0.6598,0.7514,0,0,0,0,0.2465,1]},
{"frame":182,"values":[-0.7926,-0.6098,0,0,0,0,1,0,-0.6098,0.7926,0,0,0,0,0.2479,1]},
{"frame":183,"values":[-0.8304,-0.5571,0,0,0,0,1,0,-0.5571,0.8304,0,0,0,0,0.2494,1]},
{"frame":184,"values":[-0.8648,-0.5021,0,0,0,0,1,0,-0.5021,0.8648,0,0,0,0,0.2508,1]},
{"frame":185,"values":[-0.8955,-0.445,0,0,0,0,1,0,-0.445,0.8955,0,0,0,0,0.2522,1]},
{"frame":186,"values":[-0.9225,-0.386,0,0,0,0,1,0,-0.386,0.9225,0,0,0,0,0.2536,1]},
{"frame":187,"values":[-0.9456,-0.3253,0,0,0,0,1,0,-0.3253,0.9456,0,0,0,0,0.255,1]},
{"frame":188,"values":[-0.9647,-0.2632,0,0,0,0,1,0,-0.2632,0.9647,0,0,0,0,0.2564,1]},
{"frame":189,"values":[-0.9798,-0.1998,0,0,0,0,1,0,-0.1998,0.9798,0,0,0,0,0.2577,1]},
{"frame":190,"values":[-0.9908,-0.1354,0,0,0,0,1,0,-0.1354,0.9908,0,0,0,0,0.259,1]},
{"frame":191,"values":[-0.9976,-0.0698,0,0,0,0,1,0,-0.0698,0.9976,0,0,0,0,0.2599,1]},
{"frame":192,"values":[-1,0,0,0,0,0,1,0,0,1,0,0,0,0,0.26,1]}],"loopBehavior":1,"name":"anim","property":"_matrix"}}]
,"ranges":[{"name":"idle01","from":0,"to":192}]}],
"meshes":[{"name":"pylon01","id":"pylon01","billboardMode":0,"position":[0,0,0],"rotation":[0,0,0],"scaling":[1,1,1],"isVisible":true,"freezeWorldMatrix":false,"isEnabled":true,"checkCollisions":false,"receiveShadows":false,"pickable":true,"tags":"","skeletonId":0,"numBoneInfluencers":1
,"positions":[0.0506,0.5974,0.3112,0.1913,0.5,0.2633,0.053,0.5,0.3262,0.3116,0.5974,0.0481,0.3095,0.5,-0.1006,0.3267,0.5,0.0504,0.142,0.5974,-0.2815,0.0822,0.5,-0.3087,0.1489,0.5,-0.2951,-0.2238,0.5974,-0.2221,-0.3095,0.5,-0.1006,-0.2346,0.5,-0.2328,-0.2804,0.5974,0.1443,-0.1913,0.5,0.2633,-0.2939,0.5,0.1512,-0.2953,0.5972,-0.0959,-0.2804,0.5974,0.0433
,-0.3116,0.5974,0.0481,-0.0784,0.5973,-0.2945,-0.1278,0.5974,-0.2533,-0.142,0.5974,-0.2815,0.2953,0.5972,-0.0959,0.2014,0.5974,-0.1999,0.2238,0.5974,-0.2221,-0.1825,0.5972,0.2512,-0.0455,0.5974,0.2801,-0.0506,0.5974,0.3112,0.1825,0.5972,0.2512,0.2523,0.5974,0.1298,0.2804,0.5974,0.1443,-0.1642,0.5972,0.2261,-0.0455,0.4026,0.2801,-0.2953,0.4028,-0.0959,-0.2014,0.4026,-0.1999
,-0.2238,0.4026,-0.2221,0.0784,0.4027,-0.2945,0.1278,0.4026,-0.2533,0.142,0.4026,-0.2815,0.1825,0.4028,0.2512,0.0455,0.4026,0.2801,0.0506,0.4026,0.3112,0.2953,0.4028,-0.0959,0.2804,0.4026,0.0433,0.3116,0.4026,0.0481,-0.1825,0.4028,0.2512,-0.2523,0.4026,0.1298,-0.2804,0.4026,0.1443,-0.2657,0.5972,-0.0863,-0.2804,0.4026,0.0433,-0.0706,0.5973,-0.265,-0.1278,0.4026,-0.2533
,0.2657,0.5972,-0.0863,0.2014,0.4026,-0.1999,0.1642,0.5972,0.2261,0.2523,0.4026,0.1298,0.0004,0.3402,0.0976,0.0004,0.1002,-0.01,-0.1071,0.3402,-0.01,0.1387,0.5003,-0.01,0.108,0.3402,-0.01,0.0004,0.3402,-0.1176,0.0004,0.502,0.1283,0.108,0.6602,-0.01,0.0004,0.9002,-0.01,0.0004,0.6602,-0.1176,0.0004,0.6602,0.0976,-0.1071,0.6602,-0.01,-0.1379,0.5003,-0.01
,0.0004,0.5003,-0.1483,-0.142,0.4026,-0.2815,-0.204,0.5,-0.2808,-0.1829,0.2565,-0.2518,-0.2014,0.5974,-0.1999,-0.1646,0.2565,-0.2266,-0.1829,0.7435,-0.2518,-0.1489,0.5,-0.2951,0.2238,0.4026,-0.2221,0.204,0.5,-0.2808,0.1829,0.2565,-0.2518,0.1646,0.7435,-0.2266,0.1278,0.5974,-0.2533,0.1829,0.7435,-0.2518,0.2346,0.5,-0.2328,0.2804,0.4026,0.1443,0.3301,0.5,0.1073
,0.296,0.2565,0.0962,0.2664,0.7435,0.0866,0.2804,0.5974,0.0433,0.296,0.7435,0.0962,0.2939,0.5,0.1512,-0.3116,0.4026,0.0481,-0.3301,0.5,0.1073,-0.296,0.2565,0.0962,-0.2664,0.7435,0.0866,-0.2523,0.5974,0.1298,-0.296,0.7435,0.0962,-0.3267,0.5,0.0504,-0.0506,0.4026,0.3112,0,0.5,0.3471,0,0.2565,0.3112,0,0.7435,0.2801,0.0455,0.5974,0.2801
,0,0.7435,0.3112,-0.053,0.5,0.3262,-0.0822,0.5,-0.3087,-0.0784,0.4027,-0.2945,-0.0706,0.4027,-0.265,-0.1646,0.7435,-0.2266,0.2657,0.4028,-0.0863,0.1646,0.2565,-0.2266,0.1642,0.4028,0.2261,0.2664,0.2565,0.0866,-0.1642,0.4028,0.2261,0,0.2565,0.2801,-0.2657,0.4028,-0.0863,-0.2664,0.2565,0.0866,0.0784,0.5973,-0.2945,0.0706,0.5973,-0.265,0.0706,0.4027,-0.265
]
,"normals":[0.575,0.442,0.688,0.588,0,0.809,0.39,0,0.921,0.833,0.442,-0.334,0.951,0,-0.309,0.996,0,-0.086,-0.061,0.442,-0.895,-0.488,0,-0.873,0.226,0,-0.974,-0.87,0.442,-0.219,-0.951,0,-0.309,-0.857,0,-0.516,-0.477,0.442,0.76,-0.588,0,0.809,-0.755,0,0.655,-0.66,0.72,-0.215,0.777,0.458,-0.431
,-0.833,0.442,-0.334,0.449,0.616,-0.648,0.65,0.458,0.606,0.061,0.442,-0.895,0.66,0.72,-0.215,-0.376,0.458,0.805,0.87,0.442,-0.219,-0.408,0.72,0.562,-0.169,0.458,-0.872,-0.575,0.442,0.688,0.408,0.72,0.562,-0.882,0.458,-0.108,0.477,0.442,0.76,0.386,0.755,-0.531,-0.169,-0.458,-0.872,-0.66,-0.72,-0.215,0.376,-0.458,0.805
,-0.87,-0.442,-0.219,-0.449,-0.616,-0.648,-0.65,-0.458,0.606,-0.061,-0.442,-0.895,0.408,-0.72,0.562,0.169,-0.458,-0.872,0.575,-0.442,0.688,0.66,-0.72,-0.215,-0.777,-0.458,-0.431,0.833,-0.442,-0.334,-0.408,-0.72,0.562,0.882,-0.458,-0.108,-0.477,-0.442,0.76,0.624,0.755,0.203,0.777,-0.458,-0.431,0.696,0.574,0.431,0.65,-0.458,0.606
,-0.624,0.755,0.203,-0.376,-0.458,0.805,-0.386,0.755,-0.531,-0.882,-0.458,-0.108,0,-0.286,0.958,0,-1,0,-0.958,-0.287,0,1,0,0,0.958,-0.287,0,0,-0.287,-0.958,0,0.002,1,0.958,0.287,0,0,1,0,0,0.287,-0.958,0,0.288,0.958,-0.958,0.287,0,-1,0,0
,0,0,-1,0.061,-0.442,-0.895,-0.588,0,-0.809,-0.293,-0.867,-0.403,0.376,0.458,0.805,0.319,-0.84,0.439,-0.293,0.867,-0.403,-0.226,0,-0.974,0.87,-0.442,-0.219,0.588,0,-0.809,0.293,-0.867,-0.403,-0.319,0.84,0.439,-0.65,0.458,0.606,0.293,0.867,-0.403,0.857,0,-0.516,0.477,-0.442,0.76,0.951,0,0.309
