{"producer":{"name":"Blender","version":"2.92.0","exporter_version":"6.4.5","file":"animatedRefrigerator01.babylon"},
"autoClear":true,"clearColor":[0.0509,0.0509,0.0509],"gravity":[0,-9.81,0],
"materials":[{"name":"roughBeige","id":"roughBeige","customType":"BABYLON.PBRMaterial","backFaceCulling":true,"checkReadyOnlyOnce":false,"maxSimultaneousLights":4,"environmentIntensity":1,"albedo":[0.8421,0.89,0.728],"reflectivity":[0.5,0.5,0.5],"roughness":0.9,"alpha":1,"transparencyMode":0,"alphaCutOff":0.4,"metallic":0.1,"clearCoat":{"isEnabled":true,"_isEnabled":true,"_indiceOfRefraction":1.45,"indexOfRefraction":1.45,"intensity":0.0125,"roughness":0.1}},
{"name":"smoothBeige","id":"smoothBeige","customType":"BABYLON.PBRMaterial","backFaceCulling":true,"checkReadyOnlyOnce":false,"maxSimultaneousLights":4,"environmentIntensity":1,"albedo":[0.7791,0.8,0.6949],"reflectivity":[0.5,0.5,0.5],"roughness":0.5,"alpha":1,"transparencyMode":0,"alphaCutOff":0.4,"metallic":0.0125,"sheen":{"isEnabled":true,"_isEnabled":true,"intensity":0.25,"color":[0.5,0.5,0.5]},"clearCoat":{"isEnabled":true,"_isEnabled":true,"_indiceOfRefraction":1.45,"indexOfRefraction":1.45,"intensity":0.125,"roughness":0.0125}}],
"multiMaterials":[{"name":"animatedRefrigerator01.Multimaterial#0","id":"animatedRefrigerator01.Multimaterial#0","materials":["roughBeige","smoothBeige"]}],
"skeletons":[{"name":"refrigeratorArmature","id":0,"dimensionsAtRest":[1,1.62,0.5],"bones":[
{"name":"ROOT","index":0,"matrix":[1,0,0,0,0,0,-1,0,0,-1,0,0,0,0,0,1],"rest":[1,0,0,0,0,0,-1,0,0,-1,0,0,0,0,0,1],"parentBoneIndex":-1,"length":0.4957
,"animation":{"dataType":3,"framePerSecond":60,"keys":[
{"frame":1,"values":[1,0,0,0,0,0,-1,0,0,-1,0,0,0,0,0,1]},
{"frame":3,"values":[1,0,0,0,0,0,-1,0,0,-1,0,0,0,0,0,1]},
{"frame":11,"values":[1,0,0,0,0,0,-1,0,0,-1,0,0,0,0,0,1]},
{"frame":13,"values":[1,0,0,0,0,0,-1,0,0,-1,0,0,0,0,0,1]},
{"frame":21,"values":[1,0,0,0,0,0,-1,0,0,-1,0,0,0,0,0,1]},
{"frame":23,"values":[1,0,0,0,0,0,-1,0,0,-1,0,0,0,0,0,1]},
{"frame":31,"values":[1,0,0,0,0,0,-1,0,0,-1,0,0,0,0,0,1]},
{"frame":33,"values":[1,0,0,0,0,0,-1,0,0,-1,0,0,0,0,0,1]},
{"frame":41,"values":[1,0,0,0,0,0,-1,0,0,-1,0,0,0,0,0,1]},
{"frame":100,"values":[1,0,0,0,0,0,-1,0,0,-1,0,0,0,0,0,1]},
{"frame":111,"values":[1,0,0,0,0,0,-1,0,0,-1,0,0,0,0,0,1]},
{"frame":170,"values":[1,0,0,0,0,0,-1,0,0,-1,0,0,0,0,0,1]},
{"frame":181,"values":[1,0,0,0,0,0,-1,0,0,-1,0,0,0,0,0,1]},
{"frame":240,"values":[1,0,0,0,0,0,-1,0,0,-1,0,0,0,0,0,1]},
{"frame":251,"values":[1,0,0,0,0,0,-1,0,0,-1,0,0,0,0,0,1]},
{"frame":310,"values":[1,0,0,0,0,0,-1,0,0,-1,0,0,0,0,0,1]},
{"frame":321,"values":[1,0,0,0,0,0,-1,0,0,-1,0,0,0,0,0,1]},
{"frame":380,"values":[1,0,0,0,0,0,-1,0,0,-1,0,0,0,0,0,1]},
{"frame":391,"values":[1,0,0,0,0,0,-1,0,0,-1,0,0,0,0,0,1]},
{"frame":450,"values":[1,0,0,0,0,0,-1,0,0,-1,0,0,0,0,0,1]},
{"frame":461,"values":[1,0,0,0,0,0,-1,0,0,-1,0,0,0,0,0,1]},
{"frame":463,"values":[1,0,0,0,0,0,-1,0,0,-1,0,0,0,0,0,1]}],"loopBehavior":1,"name":"anim","property":"_matrix"}},
{"name":"refrigerator","index":1,"matrix":[1,0,0,0,0,1,0,0,0,0,1,0,0,0,-1.0097,1],"rest":[1,0,0,0,0,1,0,0,0,0,1,0,0,0,-1.0097,1],"parentBoneIndex":0,"length":0.4957
,"animation":{"dataType":3,"framePerSecond":60,"keys":[
{"frame":1,"values":[1,0,0,0,0,1,0,0,0,0,1,0,0,0,-1.0097,1]},
{"frame":3,"values":[1,0,0,0,0,1,0,0,0,0,1,0,0,0,-1.0097,1]},
{"frame":11,"values":[1,0,0,0,0,1,0,0,0,0,1,0,0,0,-1.0097,1]},
{"frame":13,"values":[1,0,0,0,0,1,0,0,0,0,1,0,0,0,-1.0097,1]},
{"frame":21,"values":[1,0,0,0,0,1,0,0,0,0,1,0,0,0,-1.0097,1]},
{"frame":23,"values":[1,0,0,0,0,1,0,0,0,0,1,0,0,0,-1.0097,1]},
{"frame":31,"values":[1,0,0,0,0,1,0,0,0,0,1,0,0,0,-1.0097,1]},
{"frame":33,"values":[1,0,0,0,0,1,0,0,0,0,1,0,0,0,-1.0097,1]},
{"frame":41,"values":[1,0,0,0,0,1,0,0,0,0,1,0,0,0,-1.0097,1]},
{"frame":100,"values":[1,0,0,0,0,1,0,0,0,0,1,0,0,0,-1.0097,1]},
{"frame":111,"values":[1,0,0,0,0,1,0,0,0,0,1,0,0,0,-1.0097,1]},
{"frame":170,"values":[1,0,0,0,0,1,0,0,0,0,1,0,0,0,-1.0097,1]},
{"frame":181,"values":[1,0,0,0,0,1,0,0,0,0,1,0,0,0,-1.0097,1]},
{"frame":240,"values":[1,0,0,0,0,1,0,0,0,0,1,0,0,0,-1.0097,1]},
{"frame":251,"values":[1,0,0,0,0,1,0,0,0,0,1,0,0,0,-1.0097,1]},
{"frame":310,"values":[1,0,0,0,0,1,0,0,0,0,1,0,0,0,-1.0097,1]},
{"frame":321,"values":[1,0,0,0,0,1,0,0,0,0,1,0,0,0,-1.0097,1]},
{"frame":380,"values":[1,0,0,0,0,1,0,0,0,0,1,0,0,0,-1.0097,1]},
{"frame":391,"values":[1,0,0,0,0,1,0,0,0,0,1,0,0,0,-1.0097,1]},
{"frame":450,"values":[1,0,0,0,0,1,0,0,0,0,1,0,0,0,-1.0097,1]},
{"frame":461,"values":[1,0,0,0,0,1,0,0,0,0,1,0,0,0,-1.0097,1]},
{"frame":463,"values":[1,0,0,0,0,1,0,0,0,0,1,0,0,0,-1.0097,1]}],"loopBehavior":1,"name":"anim","property":"_matrix"}},
{"name":"refrigeratorDoor","index":2,"matrix":[0,-1,0,0,-1,0,0,0,0,0,-1,0,0.5054,0.5,0.368,1],"rest":[0,-1,0,0,-1,0,0,0,0,0,-1,0,0.5054,0.5,0.368,1],"parentBoneIndex":1,"length":1
,"animation":{"dataType":3,"framePerSecond":60,"keys":[
{"frame":1,"values":[0,-1,0,0,-1,0,0,0,0,0,-1,0,0.5054,0.5,0.368,1]},
{"frame":3,"values":[0,-1,0,0,-1,0,0,0,0,0,-1,0,0.5054,0.5,0.368,1]},
{"frame":11,"values":[-0.7071,0.7071,0,0,0.7071,0.7071,0,0,0,0,-1,0,0.5054,0.5,0.368,1]},
{"frame":13,"values":[-0.7071,0.7071,0,0,0.7071,0.7071,0,0,0,0,-1,0,0.5054,0.5,0.368,1]},
{"frame":21,"values":[-0.7071,0.7071,0,0,0.7071,0.7071,0,0,0,0,-1,0,0.5054,0.5,0.368,1]},
{"frame":23,"values":[-0.7071,0.7071,0,0,0.7071,0.7071,0,0,0,0,-1,0,0.5054,0.5,0.368,1]},
{"frame":31,"values":[-0.7071,0.7071,0,0,0.7071,0.7071,0,0,0,0,-1,0,0.5054,0.5,0.368,1]},
{"frame":33,"values":[-0.7071,0.7071,0,0,0.7071,0.7071,0,0,0,0,-1,0,0.5054,0.5,0.368,1]},
{"frame":41,"values":[-0.7071,0.7071,0,0,0.7071,0.7071,0,0,0,0,-1,0,0.5054,0.5,0.368,1]},
{"frame":42,"values":[-0.7082,0.7061,0,0,0.7061,0.7082,0,0,0,0,-1,0,0.5054,0.5,0.368,1]},
{"frame":43,"values":[-0.7113,0.7029,0,0,0.7029,0.7113,0,0,0,0,-1,0,0.5054,0.5,0.368,1]},
{"frame":44,"values":[-0.7165,0.6975,0,0,0.6975,0.7165,0,0,0,0,-1,0,0.5054,0.5,0.368,1]},
{"frame":45,"values":[-0.7238,0.69,0,0,0.69,0.7238,0,0,0,0,-1,0,0.5054,0.5,0.368,1]},
{"frame":46,"values":[-0.7331,0.6801,0,0,0.6801,0.7331,0,0,0,0,-1,0,0.5054,0.5,0.368,1]},
{"frame":47,"values":[-0.7443,0.6679,0,0,0.6679,0.7443,0,0,0,0,-1,0,0.5054,0.5,0.368,1]},
{"frame":48,"values":[-0.7572,0.6532,0,0,0.6532,0.7572,0,0,0,0,-1,0,0.5054,0.5,0.368,1]},
{"frame":49,"values":[-0.7718,0.6359,0,0,0.6359,0.7718,0,0,0,0,-1,0,0.5054,0.5,0.368,1]},
{"frame":50,"values":[-0.7878,0.6159,0,0,0.6159,0.7878,0,0,0,0,-1,0,0.5054,0.5,0.368,1]},
{"frame":51,"values":[-0.8051,0.5931,0,0,0.5931,0.8051,0,0,0,0,-1,0,0.5054,0.5,0.368,1]},
{"frame":52,"values":[-0.8235,0.5674,0,0,0.5674,0.8235,0,0,0,0,-1,0,0.5054,0.5,0.368,1]},
{"frame":53,"values":[-0.8425,0.5387,0,0,0.5387,0.8425,0,0,0,0,-1,0,0.5054,0.5,0.368,1]},
{"frame":54,"values":[-0.862,0.5068,0,0,0.5068,0.862,0,0,0,0,-1,0,0.5054,0.5,0.368,1]},
{"frame":55,"values":[-0.8817,0.4719,0,0,0.4719,0.8817,0,0,0,0,-1,0,0.5054,0.5,0.368,1]},
{"frame":56,"values":[-0.901,0.4337,0,0,0.4337,0.901,0,0,0,0,-1,0,0.5054,0.5,0.368,1]},
{"frame":57,"values":[-0.9198,0.3924,0,0,0.3924,0.9198,0,0,0,0,-1,0,0.5054,0.5,0.368,1]},
{"frame":58,"values":[-0.9375,0.3479,0,0,0.3479,0.9375,0,0,0,0,-1,0,0.5054,0.5,0.368,1]},
{"frame":59,"values":[-0.9538,0.3003,0,0,0.3003,0.9538,0,0,0,0,-1,0,0.5054,0.5,0.368,1]},
{"frame":60,"values":[-0.9683,0.2498,0,0,0.2498,0.9683,0,0,0,0,-1,0,0.5054,0.5,0.368,1]},
{"frame":61,"values":[-0.9805,0.1965,0,0,0.1965,0.9805,0,0,0,0,-1,0,0.5054,0.5,0.368,1]},
{"frame":62,"values":[-0.9901,0.1407,0,0,0.1407,0.9901,0,0,0,0,-1,0,0.5054,0.5,0.368,1]},
{"frame":63,"values":[-0.9966,0.0827,0,0,0.0827,0.9966,0,0,0,0,-1,0,0.5054,0.5,0.368,1]},
{"frame":64,"values":[-0.9997,0.0227,0,0,0.0227,0.9997,0,0,0,0,-1,0,0.5054,0.5,0.368,1]},
{"frame":65,"values":[-0.9993,-0.0387,0,0,-0.0387,0.9993,0,0,0,0,-1,0,0.5054,0.5,0.368,1]},
{"frame":66,"values":[-0.9949,-0.1012,0,0,-0.1012,0.9949,0,0,0,0,-1,0,0.5054,0.5,0.368,1]},
{"frame":67,"values":[-0.9864,-0.1643,0,0,-0.1643,0.9864,0,0,0,0,-1,0,0.5054,0.5,0.368,1]},
{"frame":68,"values":[-0.9738,-0.2275,0,0,-0.2275,0.9738,0,0,0,0,-1,0,0.5054,0.5,0.368,1]},
{"frame":69,"values":[-0.9569,-0.2903,0,0,-0.2903,0.9569,0,0,0,0,-1,0,0.5054,0.5,0.368,1]},
{"frame":70,"values":[-0.9359,-0.3522,0,0,-0.3522,0.9359,0,0,0,0,-1,0,0.5054,0.5,0.368,1]},
{"frame":71,"values":[-0.9109,-0.4127,0,0,-0.4127,0.9109,0,0,0,0,-1,0,0.5054,0.5,0.368,1]},
{"frame":72,"values":[-0.8819,-0.4714,0,0,-0.4714,0.8819,0,0,0,0,-1,0,0.5054,0.5,0.368,1]},
{"frame":73,"values":[-0.8494,-0.5277,0,0,-0.5277,0.8494,0,0,0,0,-1,0,0.5054,0.5,0.368,1]},
{"frame":74,"values":[-0.8137,-0.5813,0,0,-0.5813,0.8137,0,0,0,0,-1,0,0.5054,0.5,0.368,1]},
{"frame":75,"values":[-0.775,-0.6319,0,0,-0.6319,0.775,0,0,0,0,-1,0,0.5054,0.5,0.368,1]},
{"frame":76,"values":[-0.7339,-0.6792,0,0,-0.6792,0.7339,0,0,0,0,-1,0,0.5054,0.5,0.368,1]},
{"frame":77,"values":[-0.6908,-0.723,0,0,-0.723,0.6908,0,0,0,0,-1,0,0.5054,0.5,0.368,1]},
{"frame":78,"values":[-0.6462,-0.7631,0,0,-0.7631,0.6462,0,0,0,0,-1,0,0.5054,0.5,0.368,1]},
{"frame":79,"values":[-0.6006,-0.7996,0,0,-0.7996,0.6006,0,0,0,0,-1,0,0.5054,0.5,0.368,1]},
{"frame":80,"values":[-0.5544,-0.8323,0,0,-0.8323,0.5544,0,0,0,0,-1,0,0.5054,0.5,0.368,1]},
{"frame":81,"values":[-0.5081,-0.8613,0,0,-0.8613,0.5081,0,0,0,0,-1,0,0.5054,0.5,0.368,1]},
{"frame":82,"values":[-0.4621,-0.8868,0,0,-0.8868,0.4621,0,0,0,0,-1,0,0.5054,0.5,0.368,1]},
{"frame":83,"values":[-0.4169,-0.9089,0,0,-0.9089,0.4169,0,0,0,0,-1,0,0.5054,0.5,0.368,1]},
{"frame":84,"values":[-0.3729,-0.9279,0,0,-0.9279,0.3729,0,0,0,0,-1,0,0.5054,0.5,0.368,1]},
{"frame":85,"values":[-0.3304,-0.9438,0,0,-0.9438,0.3304,0,0,0,0,-1,0,0.5054,0.5,0.368,1]},
{"frame":86,"values":[-0.2898,-0.9571,0,0,-0.9571,0.2898,0,0,0,0,-1,0,0.5054,0.5,0.368,1]},
{"frame":87,"values":[-0.2512,-0.9679,0,0,-0.9679,0.2512,0,0,0,0,-1,0,0.5054,0.5,0.368,1]},
{"frame":88,"values":[-0.2149,-0.9766,0,0,-0.9766,0.2149,0,0,0,0,-1,0,0.5054,0.5,0.368,1]},
{"frame":89,"values":[-0.1811,-0.9835,0,0,-0.9835,0.1811,0,0,0,0,-1,0,0.5054,0.5,0.368,1]},
{"frame":90,"values":[-0.15,-0.9887,0,0,-0.9887,0.15,0,0,0,0,-1,0,0.5054,0.5,0.368,1]},
{"frame":91,"values":[-0.1216,-0.9926,0,0,-0.9926,0.1216,0,0,0,0,-1,0,0.5054,0.5,0.368,1]},
{"frame":92,"values":[-0.0961,-0.9954,0,0,-0.9954,0.0961,0,0,0,0,-1,0,0.5054,0.5,0.368,1]},
{"frame":93,"values":[-0.0736,-0.9973,0,0,-0.9973,0.0736,0,0,0,0,-1,0,0.5054,0.5,0.368,1]},
{"frame":94,"values":[-0.054,-0.9985,0,0,-0.9985,0.054,0,0,0,0,-1,0,0.5054,0.5,0.368,1]},
{"frame":95,"values":[-0.0375,-0.9993,0,0,-0.9993,0.0375,0,0,0,0,-1,0,0.5054,0.5,0.368,1]},
{"frame":96,"values":[-0.0239,-0.9997,0,0,-0.9997,0.0239,0,0,0,0,-1,0,0.5054,0.5,0.368,1]},
{"frame":97,"values":[-0.0134,-0.9999,0,0,-0.9999,0.0134,0,0,0,0,-1,0,0.5054,0.5,0.368,1]},
{"frame":98,"values":[-0.006,-1,0,0,-1,0.006,0,0,0,0,-1,0,0.5054,0.5,0.368,1]},
{"frame":99,"values":[-0.0015,-1,0,0,-1,0.0015,0,0,0,0,-1,0,0.5054,0.5,0.368,1]},
{"frame":100,"values":[0,-1,0,0,-1,0,0,0,0,0,-1,0,0.5054,0.5,0.368,1]},
{"frame":111,"values":[0,-1,0,0,-1,0,0,0,0,0,-1,0,0.5054,0.5,0.368,1]},
{"frame":170,"values":[0,-1,0,0,-1,0,0,0,0,0,-1,0,0.5054,0.5,0.368,1]},
{"frame":181,"values":[-0.7071,0.7071,0,0,0.7071,0.7071,0,0,0,0,-1,0,0.5054,0.5,0.368,1]},
{"frame":182,"values":[-0.7082,0.7061,0,0,0.7061,0.7082,0,0,0,0,-1,0,0.5054,0.5,0.368,1]},
{"frame":183,"values":[-0.7113,0.7029,0,0,0.7029,0.7113,0,0,0,0,-1,0,0.5054,0.5,0.368,1]},
{"frame":184,"values":[-0.7165,0.6975,0,0,0.6975,0.7165,0,0,0,0,-1,0,0.5054,0.5,0.368,1]},
{"frame":185,"values":[-0.7238,0.69,0,0,0.69,0.7238,0,0,0,0,-1,0,0.5054,0.5,0.368,1]},
{"frame":186,"values":[-0.7331,0.6801,0,0,0.6801,0.7331,0,0,0,0,-1,0,0.5054,0.5,0.368,1]},
{"frame":187,"values":[-0.7443,0.6679,0,0,0.6679,0.7443,0,0,0,0,-1,0,0.5054,0.5,0.368,1]},
{"frame":188,"values":[-0.7572,0.6532,0,0,0.6532,0.7572,0,0,0,0,-1,0,0.5054,0.5,0.368,1]},
{"frame":189,"values":[-0.7718,0.6359,0,0,0.6359,0.7718,0,0,0,0,-1,0,0.5054,0.5,0.368,1]},
{"frame":190,"values":[-0.7878,0.6159,0,0,0.6159,0.7878,0,0,0,0,-1,0,0.5054,0.5,0.368,1]},
{"frame":191,"values":[-0.8051,0.5931,0,0,0.5931,0.8051,0,0,0,0,-1,0,0.5054,0.5,0.368,1]},
{"frame":192,"values":[-0.8235,0.5674,0,0,0.5674,0.8235,0,0,0,0,-1,0,0.5054,0.5,0.368,1]},
{"frame":193,"values":[-0.8425,0.5387,0,0,0.5387,0.8425,0,0,0,0,-1,0,0.5054,0.5,0.368,1]},
{"frame":194,"values":[-0.862,0.5068,0,0,0.5068,0.862,0,0,0,0,-1,0,0.5054,0.5,0.368,1]},
{"frame":195,"values":[-0.8817,0.4719,0,0,0.4719,0.8817,0,0,0,0,-1,0,0.5054,0.5,0.368,1]},
{"frame":196,"values":[-0.901,0.4337,0,0,0.4337,0.901,0,0,0,0,-1,0,0.5054,0.5,0.368,1]},
{"frame":197,"values":[-0.9198,0.3924,0,0,0.3924,0.9198,0,0,0,0,-1,0,0.5054,0.5,0.368,1]},
{"frame":198,"values":[-0.9375,0.3479,0,0,0.3479,0.9375,0,0,0,0,-1,0,0.5054,0.5,0.368,1]},
{"frame":199,"values":[-0.9538,0.3003,0,0,0.3003,0.9538,0,0,0,0,-1,0,0.5054,0.5,0.368,1]},
{"frame":200,"values":[-0.9683,0.2498,0,0,0.2498,0.9683,0,0,0,0,-1,0,0.5054,0.5,0.368,1]},
{"frame":201,"values":[-0.9805,0.1965,0,0,0.1965,0.9805,0,0,0,0,-1,0,0.5054,0.5,0.368,1]},
{"frame":202,"values":[-0.9901,0.1407,0,0,0.1407,0.9901,0,0,0,0,-1,0,0.5054,0.5,0.368,1]},
{"frame":203,"values":[-0.9966,0.0827,0,0,0.0827,0.9966,0,0,0,0,-1,0,0.5054,0.5,0.368,1]},
{"frame":204,"values":[-0.9997,0.0227,0,0,0.0227,0.9997,0,0,0,0,-1,0,0.5054,0.5,0.368,1]},
{"frame":205,"values":[-0.9993,-0.0387,0,0,-0.0387,0.9993,0,0,0,0,-1,0,0.5054,0.5,0.368,1]},
{"frame":206,"values":[-0.9949,-0.1012,0,0,-0.1012,0.9949,0,0,0,0,-1,0,0.5054,0.5,0.368,1]},
{"frame":207,"values":[-0.9864,-0.1643,0,0,-0.1643,0.9864,0,0,0,0,-1,0,0.5054,0.5,0.368,1]},
{"frame":208,"values":[-0.9738,-0.2275,0,0,-0.2275,0.9738,0,0,0,0,-1,0,0.5054,0.5,0.368,1]},
{"frame":209,"values":[-0.9569,-0.2903,0,0,-0.2903,0.9569,0,0,0,0,-1,0,0.5054,0.5,0.368,1]},
{"frame":210,"values":[-0.9359,-0.3522,0,0,-0.3522,0.9359,0,0,0,0,-1,0,0.5054,0.5,0.368,1]},
{"frame":211,"values":[-0.9109,-0.4127,0,0,-0.4127,0.9109,0,0,0,0,-1,0,0.5054,0.5,0.368,1]},
{"frame":212,"values":[-0.8819,-0.4714,0,0,-0.4714,0.8819,0,0,0,0,-1,0,0.5054,0.5,0.368,1]},
{"frame":213,"values":[-0.8494,-0.5277,0,0,-0.5277,0.8494,0,0,0,0,-1,0,0.5054,0.5,0.368,1]},
{"frame":214,"values":[-0.8137,-0.5813,0,0,-0.5813,0.8137,0,0,0,0,-1,0,0.5054,0.5,0.368,1]},
{"frame":215,"values":[-0.775,-0.6319,0,0,-0.6319,0.775,0,0,0,0,-1,0,0.5054,0.5,0.368,1]},
{"frame":216,"values":[-0.7339,-0.6792,0,0,-0.6792,0.7339,0,0,0,0,-1,0,0.5054,0.5,0.368,1]},
{"frame":217,"values":[-0.6908,-0.723,0,0,-0.723,0.6908,0,0,0,0,-1,0,0.5054,0.5,0.368,1]},
{"frame":218,"values":[-0.6462,-0.7631,0,0,-0.7631,0.6462,0,0,0,0,-1,0,0.5054,0.5,0.368,1]},
{"frame":219,"values":[-0.6006,-0.7996,0,0,-0.7996,0.6006,0,0,0,0,-1,0,0.5054,0.5,0.368,1]},
{"frame":220,"values":[-0.5544,-0.8323,0,0,-0.8323,0.5544,0,0,0,0,-1,0,0.5054,0.5,0.368,1]},
{"frame":221,"values":[-0.5081,-0.8613,0,0,-0.8613,0.5081,0,0,0,0,-1,0,0.5054,0.5,0.368,1]},
{"frame":222,"values":[-0.4621,-0.8868,0,0,-0.8868,0.4621,0,0,0,0,-1,0,0.5054,0.5,0.368,1]},
{"frame":223,"values":[-0.4169,-0.9089,0,0,-0.9089,0.4169,0,0,0,0,-1,0,0.5054,0.5,0.368,1]},
{"frame":224,"values":[-0.3729,-0.9279,0,0,-0.9279,0.3729,0,0,0,0,-1,0,0.5054,0.5,0.368,1]},
{"frame":225,"values":[-0.3304,-0.9438,0,0,-0.9438,0.3304,0,0,0,0,-1,0,0.5054,0.5,0.368,1]},
{"frame":226,"values":[-0.2898,-0.9571,0,0,-0.9571,0.2898,0,0,0,0,-1,0,0.5054,0.5,0.368,1]},
{"frame":227,"values":[-0.2512,-0.9679,0,0,-0.9679,0.2512,0,0,0,0,-1,0,0.5054,0.5,0.368,1]},
{"frame":228,"values":[-0.2149,-0.9766,0,0,-0.9766,0.2149,0,0,0,0,-1,0,0.5054,0.5,0.368,1]},
{"frame":229,"values":[-0.1811,-0.9835,0,0,-0.9835,0.1811,0,0,0,0,-1,0,0.5054,0.5,0.368,1]},
{"frame":230,"values":[-0.15,-0.9887,0,0,-0.9887,0.15,0,0,0,0,-1,0,0.5054,0.5,0.368,1]},
{"frame":231,"values":[-0.1216,-0.9926,0,0,-0.9926,0.1216,0,0,0,0,-1,0,0.5054,0.5,0.368,1]},
{"frame":232,"values":[-0.0961,-0.9954,0,0,-0.9954,0.0961,0,0,0,0,-1,0,0.5054,0.5,0.368,1]},
{"frame":233,"values":[-0.0736,-0.9973,0,0,-0.9973,0.0736,0,0,0,0,-1,0,0.5054,0.5,0.368,1]},
{"frame":234,"values":[-0.054,-0.9985,0,0,-0.9985,0.054,0,0,0,0,-1,0,0.5054,0.5,0.368,1]},
{"frame":235,"values":[-0.0375,-0.9993,0,0,-0.9993,0.0375,0,0,0,0,-1,0,0.5054,0.5,0.368,1]},
{"frame":236,"values":[-0.0239,-0.9997,0,0,-0.9997,0.0239,0,0,0,0,-1,0,0.5054,0.5,0.368,1]},
{"frame":237,"values":[-0.0134,-0.9999,0,0,-0.9999,0.0134,0,0,0,0,-1,0,0.5054,0.5,0.368,1]},
{"frame":238,"values":[-0.006,-1,0,0,-1,0.006,0,0,0,0,-1,0,0.5054,0.5,0.368,1]},
{"frame":239,"values":[-0.0015,-1,0,0,-1,0.0015,0,0,0,0,-1,0,0.5054,0.5,0.368,1]},
{"frame":240,"values":[0,-1,0,0,-1,0,0,0,0,0,-1,0,0.5054,0.5,0.368,1]},
{"frame":251,"values":[0,-1,0,0,-1,0,0,0,0,0,-1,0,0.5054,0.5,0.368,1]},
{"frame":252,"values":[-0.0015,-1,0,0,-1,0.0015,0,0,0,0,-1,0,0.5054,0.5,0.368,1]},
{"frame":253,"values":[-0.006,-1,0,0,-1,0.006,0,0,0,0,-1,0,0.5054,0.5,0.368,1]},
{"frame":254,"values":[-0.0134,-0.9999,0,0,-0.9999,0.0134,0,0,0,0,-1,0,0.5054,0.5,0.368,1]},
{"frame":255,"values":[-0.0239,-0.9997,0,0,-0.9997,0.0239,0,0,0,0,-1,0,0.5054,0.5,0.368,1]},
{"frame":256,"values":[-0.0375,-0.9993,0,0,-0.9993,0.0375,0,0,0,0,-1,0,0.5054,0.5,0.368,1]},
{"frame":257,"values":[-0.054,-0.9985,0,0,-0.9985,0.054,0,0,0,0,-1,0,0.5054,0.5,0.368,1]},
{"frame":258,"values":[-0.0736,-0.9973,0,0,-0.9973,0.0736,0,0,0,0,-1,0,0.5054,0.5,0.368,1]},
{"frame":259,"values":[-0.0961,-0.9954,0,0,-0.9954,0.0961,0,0,0,0,-1,0,0.5054,0.5,0.368,1]},
{"frame":260,"values":[-0.1216,-0.9926,0,0,-0.9926,0.1216,0,0,0,0,-1,0,0.5054,0.5,0.368,1]},
{"frame":261,"values":[-0.15,-0.9887,0,0,-0.9887,0.15,0,0,0,0,-1,0,0.5054,0.5,0.368,1]},
{"frame":262,"values":[-0.1811,-0.9835,0,0,-0.9835,0.1811,0,0,0,0,-1,0,0.5054,0.5,0.368,1]},
{"frame":263,"values":[-0.2149,-0.9766,0,0,-0.9766,0.2149,0,0,0,0,-1,0,0.5054,0.5,0.368,1]},
{"frame":264,"values":[-0.2512,-0.9679,0,0,-0.9679,0.2512,0,0,0,0,-1,0,0.5054,0.5,0.368,1]},
{"frame":265,"values":[-0.2898,-0.9571,0,0,-0.9571,0.2898,0,0,0,0,-1,0,0.5054,0.5,0.368,1]},
{"frame":266,"values":[-0.3304,-0.9438,0,0,-0.9438,0.3304,0,0,0,0,-1,0,0.5054,0.5,0.368,1]},
{"frame":267,"values":[-0.3729,-0.9279,0,0,-0.9279,0.3729,0,0,0,0,-1,0,0.5054,0.5,0.368,1]},
{"frame":268,"values":[-0.4169,-0.9089,0,0,-0.9089,0.4169,0,0,0,0,-1,0,0.5054,0.5,0.368,1]},
{"frame":269,"values":[-0.4621,-0.8868,0,0,-0.8868,0.4621,0,0,0,0,-1,0,0.5054,0.5,0.368,1]},
{"frame":270,"values":[-0.5081,-0.8613,0,0,-0.8613,0.5081,0,0,0,0,-1,0,0.5054,0.5,0.368,1]},
{"frame":271,"values":[-0.5544,-0.8323,0,0,-0.8323,0.5544,0,0,0,0,-1,0,0.5054,0.5,0.368,1]},
{"frame":272,"values":[-0.6006,-0.7996,0,0,-0.7996,0.6006,0,0,0,0,-1,0,0.5054,0.5,0.368,1]},
{"frame":273,"values":[-0.6462,-0.7631,0,0,-0.7631,0.6462,0,0,0,0,-1,0,0.5054,0.5,0.368,1]},
{"frame":274,"values":[-0.6908,-0.723,0,0,-0.723,0.6908,0,0,0,0,-1,0,0.5054,0.5,0.368,1]},
{"frame":275,"values":[-0.7339,-0.6792,0,0,-0.6792,0.7339,0,0,0,0,-1,0,0.5054,0.5,0.368,1]},
{"frame":276,"values":[-0.775,-0.6319,0,0,-0.6319,0.775,0,0,0,0,-1,0,0.5054,0.5,0.368,1]},
{"frame":277,"values":[-0.8137,-0.5813,0,0,-0.5813,0.8137,0,0,0,0,-1,0,0.5054,0.5,0.368,1]},
{"frame":278,"values":[-0.8494,-0.5277,0,0,-0.5277,0.8494,0,0,0,0,-1,0,0.5054,0.5,0.368,1]},
{"frame":279,"values":[-0.8819,-0.4714,0,0,-0.4714,0.8819,0,0,0,0,-1,0,0.5054,0.5,0.368,1]},
{"frame":280,"values":[-0.9109,-0.4127,0,0,-0.4127,0.9109,0,0,0,0,-1,0,0.5054,0.5,0.368,1]},
{"frame":281,"values":[-0.9359,-0.3522,0,0,-0.3522,0.9359,0,0,0,0,-1,0,0.5054,0.5,0.368,1]},
{"frame":282,"values":[-0.9569,-0.2903,0,0,-0.2903,0.9569,0,0,0,0,-1,0,0.5054,0.5,0.368,1]},
{"frame":283,"values":[-0.9738,-0.2275,0,0,-0.2275,0.9738,0,0,0,0,-1,0,0.5054,0.5,0.368,1]},
{"frame":284,"values":[-0.9864,-0.1643,0,0,-0.1643,0.9864,0,0,0,0,-1,0,0.5054,0.5,0.368,1]},
{"frame":285,"values":[-0.9949,-0.1012,0,0,-0.1012,0.9949,0,0,0,0,-1,0,0.5054,0.5,0.368,1]},
{"frame":286,"values":[-0.9993,-0.0387,0,0,-0.0387,0.9993,0,0,0,0,-1,0,0.5054,0.5,0.368,1]},
{"frame":287,"values":[-0.9997,0.0227,0,0,0.0227,0.9997,0,0,0,0,-1,0,0.5054,0.5,0.368,1]},
{"frame":288,"values":[-0.9966,0.0827,0,0,0.0827,0.9966,0,0,0,0,-1,0,0.5054,0.5,0.368,1]},
{"frame":289,"values":[-0.9901,0.1407,0,0,0.1407,0.9901,0,0,0,0,-1,0,0.5054,0.5,0.368,1]},
{"frame":290,"values":[-0.9805,0.1965,0,0,0.1965,0.9805,0,0,0,0,-1,0,0.5054,0.5,0.368,1]},
{"frame":291,"values":[-0.9683,0.2498,0,0,0.2498,0.9683,0,0,0,0,-1,0,0.5054,0.5,0.368,1]},
{"frame":292,"values":[-0.9538,0.3003,0,0,0.3003,0.9538,0,0,0,0,-1,0,0.5054,0.5,0.368,1]},
{"frame":293,"values":[-0.9375,0.3479,0,0,0.3479,0.9375,0,0,0,0,-1,0,0.5054,0.5,0.368,1]},
{"frame":294,"values":[-0.9198,0.3924,0,0,0.3924,0.9198,0,0,0,0,-1,0,0.5054,0.5,0.368,1]},
{"frame":295,"values":[-0.901,0.4337,0,0,0.4337,0.901,0,0,0,0,-1,0,0.5054,0.5,0.368,1]},
{"frame":296,"values":[-0.8817,0.4719,0,0,0.4719,0.8817,0,0,0,0,-1,0,0.5054,0.5,0.368,1]},
{"frame":297,"values":[-0.862,0.5068,0,0,0.5068,0.862,0,0,0,0,-1,0,0.5054,0.5,0.368,1]},
{"frame":298,"values":[-0.8425,0.5387,0,0,0.5387,0.8425,0,0,0,0,-1,0,0.5054,0.5,0.368,1]},
{"frame":299,"values":[-0.8235,0.5674,0,0,0.5674,0.8235,0,0,0,0,-1,0,0.5054,0.5,0.368,1]},
{"frame":300,"values":[-0.8051,0.5931,0,0,0.5931,0.8051,0,0,0,0,-1,0,0.5054,0.5,0.368,1]},
{"frame":301,"values":[-0.7878,0.6159,0,0,0.6159,0.7878,0,0,0,0,-1,0,0.5054,0.5,0.368,1]},
{"frame":302,"values":[-0.7718,0.6359,0,0,0.6359,0.7718,0,0,0,0,-1,0,0.5054,0.5,0.368,1]},
{"frame":303,"values":[-0.7572,0.6532,0,0,0.6532,0.7572,0,0,0,0,-1,0,0.5054,0.5,0.368,1]},
{"frame":304,"values":[-0.7443,0.6679,0,0,0.6679,0.7443,0,0,0,0,-1,0,0.5054,0.5,0.368,1]},
{"frame":305,"values":[-0.7331,0.6801,0,0,0.6801,0.7331,0,0,0,0,-1,0,0.5054,0.5,0.368,1]},
{"frame":306,"values":[-0.7238,0.69,0,0,0.69,0.7238,0,0,0,0,-1,0,0.5054,0.5,0.368,1]},
{"frame":307,"values":[-0.7165,0.6975,0,0,0.6975,0.7165,0,0,0,0,-1,0,0.5054,0.5,0.368,1]},
{"frame":308,"values":[-0.7113,0.7029,0,0,0.7029,0.7113,0,0,0,0,-1,0,0.5054,0.5,0.368,1]},
{"frame":309,"values":[-0.7082,0.7061,0,0,0.7061,0.7082,0,0,0,0,-1,0,0.5054,0.5,0.368,1]},
{"frame":310,"values":[-0.7071,0.7071,0,0,0.7071,0.7071,0,0,0,0,-1,0,0.5054,0.5,0.368,1]},
{"frame":321,"values":[-0.7071,0.7071,0,0,0.7071,0.7071,0,0,0,0,-1,0,0.5054,0.5,0.368,1]},
{"frame":380,"values":[-0.7071,0.7071,0,0,0.7071,0.7071,0,0,0,0,-1,0,0.5054,0.5,0.368,1]},
{"frame":391,"values":[0,-1,0,0,-1,0,0,0,0,0,-1,0,0.5054,0.5,0.368,1]},
{"frame":392,"values":[-0.0015,-1,0,0,-1,0.0015,0,0,0,0,-1,0,0.5054,0.5,0.368,1]},
{"frame":393,"values":[-0.006,-1,0,0,-1,0.006,0,0,0,0,-1,0,0.5054,0.5,0.368,1]},
{"frame":394,"values":[-0.0134,-0.9999,0,0,-0.9999,0.0134,0,0,0,0,-1,0,0.5054,0.5,0.368,1]},
{"frame":395,"values":[-0.0239,-0.9997,0,0,-0.9997,0.0239,0,0,0,0,-1,0,0.5054,0.5,0.368,1]},
{"frame":396,"values":[-0.0375,-0.9993,0,0,-0.9993,0.0375,0,0,0,0,-1,0,0.5054,0.5,0.368,1]},
{"frame":397,"values":[-0.054,-0.9985,0,0,-0.9985,0.054,0,0,0,0,-1,0,0.5054,0.5,0.368,1]},
{"frame":398,"values":[-0.0736,-0.9973,0,0,-0.9973,0.0736,0,0,0,0,-1,0,0.5054,0.5,0.368,1]},
{"frame":399,"values":[-0.0961,-0.9954,0,0,-0.9954,0.0961,0,0,0,0,-1,0,0.5054,0.5,0.368,1]},
{"frame":400,"values":[-0.1216,-0.9926,0,0,-0.9926,0.1216,0,0,0,0,-1,0,0.5054,0.5,0.368,1]},
{"frame":401,"values":[-0.15,-0.9887,0,0,-0.9887,0.15,0,0,0,0,-1,0,0.5054,0.5,0.368,1]},
{"frame":402,"values":[-0.1811,-0.9835,0,0,-0.9835,0.1811,0,0,0,0,-1,0,0.5054,0.5,0.368,1]},
{"frame":403,"values":[-0.2149,-0.9766,0,0,-0.9766,0.2149,0,0,0,0,-1,0,0.5054,0.5,0.368,1]},
{"frame":404,"values":[-0.2512,-0.9679,0,0,-0.9679,0.2512,0,0,0,0,-1,0,0.5054,0.5,0.368,1]},
{"frame":405,"values":[-0.2898,-0.9571,0,0,-0.9571,0.2898,0,0,0,0,-1,0,0.5054,0.5,0.368,1]},
{"frame":406,"values":[-0.3304,-0.9438,0,0,-0.9438,0.3304,0,0,0,0,-1,0,0.5054,0.5,0.368,1]},
{"frame":407,"values":[-0.3729,-0.9279,0,0,-0.9279,0.3729,0,0,0,0,-1,0,0.5054,0.5,0.368,1]},
{"frame":408,"values":[-0.4169,-0.9089,0,0,-0.9089,0.4169,0,0,0,0,-1,0,0.5054,0.5,0.368,1]},
{"frame":409,"values":[-0.4621,-0.8868,0,0,-0.8868,0.4621,0,0,0,0,-1,0,0.5054,0.5,0.368,1]},
{"frame":410,"values":[-0.5081,-0.8613,0,0,-0.8613,0.5081,0,0,0,0,-1,0,0.5054,0.5,0.368,1]},
{"frame":411,"values":[-0.5544,-0.8323,0,0,-0.8323,0.5544,0,0,0,0,-1,0,0.5054,0.5,0.368,1]},
{"frame":412,"values":[-0.6006,-0.7996,0,0,-0.7996,0.6006,0,0,0,0,-1,0,0.5054,0.5,0.368,1]},
{"frame":413,"values":[-0.6462,-0.7631,0,0,-0.7631,0.6462,0,0,0,0,-1,0,0.5054,0.5,0.368,1]},
{"frame":414,"values":[-0.6908,-0.723,0,0,-0.723,0.6908,0,0,0,0,-1,0,0.5054,0.5,0.368,1]},
{"frame":415,"values":[-0.7339,-0.6792,0,0,-0.6792,0.7339,0,0,0,0,-1,0,0.5054,0.5,0.368,1]},
{"frame":416,"values":[-0.775,-0.6319,0,0,-0.6319,0.775,0,0,0,0,-1,0,0.5054,0.5,0.368,1]},
{"frame":417,"values":[-0.8137,-0.5813,0,0,-0.5813,0.8137,0,0,0,0,-1,0,0.5054,0.5,0.368,1]},
{"frame":418,"values":[-0.8494,-0.5277,0,0,-0.5277,0.8494,0,0,0,0,-1,0,0.5054,0.5,0.368,1]},
{"frame":419,"values":[-0.8819,-0.4714,0,0,-0.4714,0.8819,0,0,0,0,-1,0,0.5054,0.5,0.368,1]},
{"frame":420,"values":[-0.9109,-0.4127,0,0,-0.4127,0.9109,0,0,0,0,-1,0,0.5054,0.5,0.368,1]},
{"frame":421,"values":[-0.9359,-0.3522,0,0,-0.3522,0.9359,0,0,0,0,-1,0,0.5054,0.5,0.368,1]},
{"frame":422,"values":[-0.9569,-0.2903,0,0,-0.2903,0.9569,0,0,0,0,-1,0,0.5054,0.5,0.368,1]},
{"frame":423,"values":[-0.9738,-0.2275,0,0,-0.2275,0.9738,0,0,0,0,-1,0,0.5054,0.5,0.368,1]},
{"frame":424,"values":[-0.9864,-0.1643,0,0,-0.1643,0.9864,0,0,0,0,-1,0,0.5054,0.5,0.368,1]},
{"frame":425,"values":[-0.9949,-0.1012,0,0,-0.1012,0.9949,0,0,0,0,-1,0,0.5054,0.5,0.368,1]},
{"frame":426,"values":[-0.9993,-0.0387,0,0,-0.0387,0.9993,0,0,0,0,-1,0,0.5054,0.5,0.368,1]},
{"frame":427,"values":[-0.9997,0.0227,0,0,0.0227,0.9997,0,0,0,0,-1,0,0.5054,0.5,0.368,1]},
{"frame":428,"values":[-0.9966,0.0827,0,0,0.0827,0.9966,0,0,0,0,-1,0,0.5054,0.5,0.368,1]},
{"frame":429,"values":[-0.9901,0.1407,0,0,0.1407,0.9901,0,0,0,0,-1,0,0.5054,0.5,0.368,1]},
{"frame":430,"values":[-0.9805,0.1965,0,0,0.1965,0.9805,0,0,0,0,-1,0,0.5054,0.5,0.368,1]},
{"frame":431,"values":[-0.9683,0.2498,0,0,0.2498,0.9683,0,0,0,0,-1,0,0.5054,0.5,0.368,1]},
{"frame":432,"values":[-0.9538,0.3003,0,0,0.3003,0.9538,0,0,0,0,-1,0,0.5054,0.5,0.368,1]},
{"frame":433,"values":[-0.9375,0.3479,0,0,0.3479,0.9375,0,0,0,0,-1,0,0.5054,0.5,0.368,1]},
{"frame":434,"values":[-0.9198,0.3924,0,0,0.3924,0.9198,0,0,0,0,-1,0,0.5054,0.5,0.368,1]},
{"frame":435,"values":[-0.901,0.4337,0,0,0.4337,0.901,0,0,0,0,-1,0,0.5054,0.5,0.368,1]},
{"frame":436,"values":[-0.8817,0.4719,0,0,0.4719,0.8817,0,0,0,0,-1,0,0.5054,0.5,0.368,1]},
{"frame":437,"values":[-0.862,0.5068,0,0,0.5068,0.862,0,0,0,0,-1,0,0.5054,0.5,0.368,1]},
{"frame":438,"values":[-0.8425,0.5387,0,0,0.5387,0.8425,0,0,0,0,-1,0,0.5054,0.5,0.368,1]},
{"frame":439,"values":[-0.8235,0.5674,0,0,0.5674,0.8235,0,0,0,0,-1,0,0.5054,0.5,0.368,1]},
{"frame":440,"values":[-0.8051,0.5931,0,0,0.5931,0.8051,0,0,0,0,-1,0,0.5054,0.5,0.368,1]},
{"frame":441,"values":[-0.7878,0.6159,0,0,0.6159,0.7878,0,0,0,0,-1,0,0.5054,0.5,0.368,1]},
{"frame":442,"values":[-0.7718,0.6359,0,0,0.6359,0.7718,0,0,0,0,-1,0,0.5054,0.5,0.368,1]},
{"frame":443,"values":[-0.7572,0.6532,0,0,0.6532,0.7572,0,0,0,0,-1,0,0.5054,0.5,0.368,1]},
{"frame":444,"values":[-0.7443,0.6679,0,0,0.6679,0.7443,0,0,0,0,-1,0,0.5054,0.5,0.368,1]},
{"frame":445,"values":[-0.7331,0.6801,0,0,0.6801,0.7331,0,0,0,0,-1,0,0.5054,0.5,0.368,1]},
{"frame":446,"values":[-0.7238,0.69,0,0,0.69,0.7238,0,0,0,0,-1,0,0.5054,0.5,0.368,1]},
{"frame":447,"values":[-0.7165,0.6975,0,0,0.6975,0.7165,0,0,0,0,-1,0,0.5054,0.5,0.368,1]},
{"frame":448,"values":[-0.7113,0.7029,0,0,0.7029,0.7113,0,0,0,0,-1,0,0.5054,0.5,0.368,1]},
{"frame":449,"values":[-0.7082,0.7061,0,0,0.7061,0.7082,0,0,0,0,-1,0,0.5054,0.5,0.368,1]},
{"frame":450,"values":[-0.7071,0.7071,0,0,0.7071,0.7071,0,0,0,0,-1,0,0.5054,0.5,0.368,1]},
{"frame":461,"values":[0,-1,0,0,-1,0,0,0,0,0,-1,0,0.5054,0.5,0.368,1]},
{"frame":463,"values":[0,-1,0,0,-1,0,0,0,0,0,-1,0,0.5054,0.5,0.368,1]}],"loopBehavior":1,"name":"anim","property":"_matrix"}},
{"name":"shelfDoor","index":3,"matrix":[0,-1,0,0,1,0,0,0,0,0,1,0,0.0094,0.8068,0.4075,1],"rest":[0,-1,0,0,1,0,0,0,0,0,1,0,0.0094,0.8068,0.4075,1],"parentBoneIndex":2,"length":0.1399
,"animation":{"dataType":3,"framePerSecond":60,"keys":[
{"frame":1,"values":[0,-1,0,0,1,0,0,0,0,0,1,0,0.0094,0.8068,0.4075,1]},
{"frame":3,"values":[0,-1,0,0,1,0,0,0,0,0,1,0,0.0094,0.8068,0.4075,1]},
{"frame":11,"values":[0,-1,0,0,1,0,0,0,0,0,1,0,0.0094,0.8068,0.4075,1]},
{"frame":13,"values":[0,-1,0,0,1,0,0,0,0,0,1,0,0.0094,0.8068,0.4075,1]},
{"frame":21,"values":[0,-1,0,0,1,0,0,0,0,0,1,0,0.0094,0.8068,0.4075,1]},
{"frame":23,"values":[0,-1,0,0,1,0,0,0,0,0,1,0,0.0094,0.8068,0.4075,1]},
{"frame":31,"values":[0,-1,0,0,1,0,0,0,0,0,1,0,0.0094,0.8068,0.4075,1]},
{"frame":33,"values":[0,-1,0,0,1,0,0,0,0,0,1,0,0.0094,0.8068,0.4075,1]},
{"frame":41,"values":[0,-1,0,0,1,0,0,0,0,0,1,0,0.0094,0.8068,0.4075,1]},
{"frame":100,"values":[0,-1,0,0,1,0,0,0,0,0,1,0,0.0094,0.8068,0.4075,1]},
{"frame":111,"values":[0,-1,0,0,1,0,0,0,0,0,1,0,0.0094,0.8068,0.4075,1]},
{"frame":170,"values":[0,-1,0,0,1,0,0,0,0,0,1,0,0.0094,0.8068,0.4075,1]},
{"frame":181,"values":[0,-1,0,0,1,0,0,0,0,0,1,0,0.0094,0.8068,0.4075,1]},
{"frame":240,"values":[0,-1,0,0,1,0,0,0,0,0,1,0,0.0094,0.8068,0.4075,1]},
{"frame":251,"values":[0,-1,0,0,1,0,0,0,0,0,1,0,0.0094,0.8068,0.4075,1]},
{"frame":310,"values":[0,-1,0,0,1,0,0,0,0,0,1,0,0.0094,0.8068,0.4075,1]},
{"frame":321,"values":[0,-1,0,0,1,0,0,0,0,0,1,0,0.0094,0.8068,0.4075,1]},
{"frame":380,"values":[0,-1,0,0,1,0,0,0,0,0,1,0,0.0094,0.8068,0.4075,1]},
{"frame":391,"values":[0,-1,0,0,1,0,0,0,0,0,1,0,0.0094,0.8068,0.4075,1]},
{"frame":450,"values":[0,-1,0,0,1,0,0,0,0,0,1,0,0.0094,0.8068,0.4075,1]},
{"frame":461,"values":[0,-1,0,0,1,0,0,0,0,0,1,0,0.0094,0.8068,0.4075,1]},
{"frame":463,"values":[0,-1,0,0,1,0,0,0,0,0,1,0,0.0094,0.8068,0.4075,1]}],"loopBehavior":1,"name":"anim","property":"_matrix"}},
{"name":"freezerDoor","index":4,"matrix":[0,-1,0,0,-1,0,0,0,0,0,-1,0,0.5054,0.5,-0.6103,1],"rest":[0,-1,0,0,-1,0,0,0,0,0,-1,0,0.5054,0.5,-0.6103,1],"parentBoneIndex":1,"length":1
,"animation":{"dataType":3,"framePerSecond":60,"keys":[
{"frame":1,"values":[0,-1,0,0,-1,0,0,0,0,0,-1,0,0.5054,0.5,-0.6103,1]},
{"frame":3,"values":[0,-1,0,0,-1,0,0,0,0,0,-1,0,0.5054,0.5,-0.6103,1]},
{"frame":11,"values":[-0.7071,0.7071,0,0,0.7071,0.7071,0,0,0,0,-1,0,0.5054,0.5,-0.6103,1]},
{"frame":13,"values":[-0.7071,0.7071,0,0,0.7071,0.7071,0,0,0,0,-1,0,0.5054,0.5,-0.6103,1]},
{"frame":21,"values":[-0.7071,0.7071,0,0,0.7071,0.7071,0,0,0,0,-1,0,0.5054,0.5,-0.6103,1]},
{"frame":23,"values":[-0.7071,0.7071,0,0,0.7071,0.7071,0,0,0,0,-1,0,0.5054,0.5,-0.6103,1]},
{"frame":31,"values":[-0.7071,0.7071,0,0,0.7071,0.7071,0,0,0,0,-1,0,0.5054,0.5,-0.6103,1]},
{"frame":33,"values":[-0.7071,0.7071,0,0,0.7071,0.7071,0,0,0,0,-1,0,0.5054,0.5,-0.6103,1]},
{"frame":41,"values":[-0.7071,0.7071,0,0,0.7071,0.7071,0,0,0,0,-1,0,0.5054,0.5,-0.6103,1]},
{"frame":42,"values":[-0.7082,0.7061,0,0,0.7061,0.7082,0,0,0,0,-1,0,0.5054,0.5,-0.6103,1]},
{"frame":43,"values":[-0.7113,0.7029,0,0,0.7029,0.7113,0,0,0,0,-1,0,0.5054,0.5,-0.6103,1]},
{"frame":44,"values":[-0.7165,0.6975,0,0,0.6975,0.7165,0,0,0,0,-1,0,0.5054,0.5,-0.6103,1]},
{"frame":45,"values":[-0.7238,0.69,0,0,0.69,0.7238,0,0,0,0,-1,0,0.5054,0.5,-0.6103,1]},
{"frame":46,"values":[-0.7331,0.6801,0,0,0.6801,0.7331,0,0,0,0,-1,0,0.5054,0.5,-0.6103,1]},
{"frame":47,"values":[-0.7443,0.6679,0,0,0.6679,0.7443,0,0,0,0,-1,0,0.5054,0.5,-0.6103,1]},
{"frame":48,"values":[-0.7572,0.6532,0,0,0.6532,0.7572,0,0,0,0,-1,0,0.5054,0.5,-0.6103,1]},
{"frame":49,"values":[-0.7718,0.6359,0,0,0.6359,0.7718,0,0,0,0,-1,0,0.5054,0.5,-0.6103,1]},
{"frame":50,"values":[-0.7878,0.6159,0,0,0.6159,0.7878,0,0,0,0,-1,0,0.5054,0.5,-0.6103,1]},
{"frame":51,"values":[-0.8051,0.5931,0,0,0.5931,0.8051,0,0,0,0,-1,0,0.5054,0.5,-0.6103,1]},
{"frame":52,"values":[-0.8235,0.5674,0,0,0.5674,0.8235,0,0,0,0,-1,0,0.5054,0.5,-0.6103,1]},
{"frame":53,"values":[-0.8425,0.5387,0,0,0.5387,0.8425,0,0,0,0,-1,0,0.5054,0.5,-0.6103,1]},
{"frame":54,"values":[-0.862,0.5068,0,0,0.5068,0.862,0,0,0,0,-1,0,0.5054,0.5,-0.6103,1]},
{"frame":55,"values":[-0.8817,0.4719,0,0,0.4719,0.8817,0,0,0,0,-1,0,0.5054,0.5,-0.6103,1]},
{"frame":56,"values":[-0.901,0.4337,0,0,0.4337,0.901,0,0,0,0,-1,0,0.5054,0.5,-0.6103,1]},
{"frame":57,"values":[-0.9198,0.3924,0,0,0.3924,0.9198,0,0,0,0,-1,0,0.5054,0.5,-0.6103,1]},
{"frame":58,"values":[-0.9375,0.3479,0,0,0.3479,0.9375,0,0,0,0,-1,0,0.5054,0.5,-0.6103,1]},
{"frame":59,"values":[-0.9538,0.3003,0,0,0.3003,0.9538,0,0,0,0,-1,0,0.5054,0.5,-0.6103,1]},
{"frame":60,"values":[-0.9683,0.2498,0,0,0.2498,0.9683,0,0,0,0,-1,0,0.5054,0.5,-0.6103,1]},
{"frame":61,"values":[-0.9805,0.1965,0,0,0.1965,0.9805,0,0,0,0,-1,0,0.5054,0.5,-0.6103,1]},
{"frame":62,"values":[-0.9901,0.1407,0,0,0.1407,0.9901,0,0,0,0,-1,0,0.5054,0.5,-0.6103,1]},
{"frame":63,"values":[-0.9966,0.0827,0,0,0.0827,0.9966,0,0,0,0,-1,0,0.5054,0.5,-0.6103,1]},
{"frame":64,"values":[-0.9997,0.0227,0,0,0.0227,0.9997,0,0,0,0,-1,0,0.5054,0.5,-0.6103,1]},
{"frame":65,"values":[-0.9993,-0.0387,0,0,-0.0387,0.9993,0,0,0,0,-1,0,0.5054,0.5,-0.6103,1]},
{"frame":66,"values":[-0.9949,-0.1012,0,0,-0.1012,0.9949,0,0,0,0,-1,0,0.5054,0.5,-0.6103,1]},
{"frame":67,"values":[-0.9864,-0.1643,0,0,-0.1643,0.9864,0,0,0,0,-1,0,0.5054,0.5,-0.6103,1]},
{"frame":68,"values":[-0.9738,-0.2275,0,0,-0.2275,0.9738,0,0,0,0,-1,0,0.5054,0.5,-0.6103,1]},
{"frame":69,"values":[-0.9569,-0.2903,0,0,-0.2903,0.9569,0,0,0,0,-1,0,0.5054,0.5,-0.6103,1]},
{"frame":70,"values":[-0.9359,-0.3522,0,0,-0.3522,0.9359,0,0,0,0,-1,0,0.5054,0.5,-0.6103,1]},
{"frame":71,"values":[-0.9109,-0.4127,0,0,-0.4127,0.9109,0,0,0,0,-1,0,0.5054,0.5,-0.6103,1]},
{"frame":72,"values":[-0.8819,-0.4714,0,0,-0.4714,0.8819,0,0,0,0,-1,0,0.5054,0.5,-0.6103,1]},
{"frame":73,"values":[-0.8494,-0.5277,0,0,-0.5277,0.8494,0,0,0,0,-1,0,0.5054,0.5,-0.6103,1]},
{"frame":74,"values":[-0.8137,-0.5813,0,0,-0.5813,0.8137,0,0,0,0,-1,0,0.5054,0.5,-0.6103,1]},
{"frame":75,"values":[-0.775,-0.6319,0,0,-0.6319,0.775,0,0,0,0,-1,0,0.5054,0.5,-0.6103,1]},
{"frame":76,"values":[-0.7339,-0.6792,0,0,-0.6792,0.7339,0,0,0,0,-1,0,0.5054,0.5,-0.6103,1]},
{"frame":77,"values":[-0.6908,-0.723,0,0,-0.723,0.6908,0,0,0,0,-1,0,0.5054,0.5,-0.6103,1]},
{"frame":78,"values":[-0.6462,-0.7631,0,0,-0.7631,0.6462,0,0,0,0,-1,0,0.5054,0.5,-0.6103,1]},
{"frame":79,"values":[-0.6006,-0.7996,0,0,-0.7996,0.6006,0,0,0,0,-1,0,0.5054,0.5,-0.6103,1]},
{"frame":80,"values":[-0.5544,-0.8323,0,0,-0.8323,0.5544,0,0,0,0,-1,0,0.5054,0.5,-0.6103,1]},
{"frame":81,"values":[-0.5081,-0.8613,0,0,-0.8613,0.5081,0,0,0,0,-1,0,0.5054,0.5,-0.6103,1]},
{"frame":82,"values":[-0.4621,-0.8868,0,0,-0.8868,0.4621,0,0,0,0,-1,0,0.5054,0.5,-0.6103,1]},
{"frame":83,"values":[-0.4169,-0.9089,0,0,-0.9089,0.4169,0,0,0,0,-1,0,0.5054,0.5,-0.6103,1]},
{"frame":84,"values":[-0.3729,-0.9279,0,0,-0.9279,0.3729,0,0,0,0,-1,0,0.5054,0.5,-0.6103,1]},
{"frame":85,"values":[-0.3304,-0.9438,0,0,-0.9438,0.3304,0,0,0,0,-1,0,0.5054,0.5,-0.6103,1]},
{"frame":86,"values":[-0.2898,-0.9571,0,0,-0.9571,0.2898,0,0,0,0,-1,0,0.5054,0.5,-0.6103,1]},
{"frame":87,"values":[-0.2512,-0.9679,0,0,-0.9679,0.2512,0,0,0,0,-1,0,0.5054,0.5,-0.6103,1]},
{"frame":88,"values":[-0.2149,-0.9766,0,0,-0.9766,0.2149,0,0,0,0,-1,0,0.5054,0.5,-0.6103,1]},
{"frame":89,"values":[-0.1811,-0.9835,0,0,-0.9835,0.1811,0,0,0,0,-1,0,0.5054,0.5,-0.6103,1]},
{"frame":90,"values":[-0.15,-0.9887,0,0,-0.9887,0.15,0,0,0,0,-1,0,0.5054,0.5,-0.6103,1]},
{"frame":91,"values":[-0.1216,-0.9926,0,0,-0.9926,0.1216,0,0,0,0,-1,0,0.5054,0.5,-0.6103,1]},
{"frame":92,"values":[-0.0961,-0.9954,0,0,-0.9954,0.0961,0,0,0,0,-1,0,0.5054,0.5,-0.6103,1]},
{"frame":93,"values":[-0.0736,-0.9973,0,0,-0.9973,0.0736,0,0,0,0,-1,0,0.5054,0.5,-0.6103,1]},
{"frame":94,"values":[-0.054,-0.9985,0,0,-0.9985,0.054,0,0,0,0,-1,0,0.5054,0.5,-0.6103,1]},
{"frame":95,"values":[-0.0375,-0.9993,0,0,-0.9993,0.0375,0,0,0,0,-1,0,0.5054,0.5,-0.6103,1]},
{"frame":96,"values":[-0.0239,-0.9997,0,0,-0.9997,0.0239,0,0,0,0,-1,0,0.5054,0.5,-0.6103,1]},
{"frame":97,"values":[-0.0134,-0.9999,0,0,-0.9999,0.0134,0,0,0,0,-1,0,0.5054,0.5,-0.6103,1]},
{"frame":98,"values":[-0.006,-1,0,0,-1,0.006,0,0,0,0,-1,0,0.5054,0.5,-0.6103,1]},
{"frame":99,"values":[-0.0015,-1,0,0,-1,0.0015,0,0,0,0,-1,0,0.5054,0.5,-0.6103,1]},
{"frame":100,"values":[0,-1,0,0,-1,0,0,0,0,0,-1,0,0.5054,0.5,-0.6103,1]},
{"frame":111,"values":[-0.7071,0.7071,0,0,0.7071,0.7071,0,0,0,0,-1,0,0.5054,0.5,-0.6103,1]},
{"frame":112,"values":[-0.7082,0.7061,0,0,0.7061,0.7082,0,0,0,0,-1,0,0.5054,0.5,-0.6103,1]},
{"frame":113,"values":[-0.7113,0.7029,0,0,0.7029,0.7113,0,0,0,0,-1,0,0.5054,0.5,-0.6103,1]},
{"frame":114,"values":[-0.7165,0.6975,0,0,0.6975,0.7165,0,0,0,0,-1,0,0.5054,0.5,-0.6103,1]},
{"frame":115,"values":[-0.7238,0.69,0,0,0.69,0.7238,0,0,0,0,-1,0,0.5054,0.5,-0.6103,1]},
{"frame":116,"values":[-0.7331,0.6801,0,0,0.6801,0.7331,0,0,0,0,-1,0,0.5054,0.5,-0.6103,1]},
{"frame":117,"values":[-0.7443,0.6679,0,0,0.6679,0.7443,0,0,0,0,-1,0,0.5054,0.5,-0.6103,1]},
{"frame":118,"values":[-0.7572,0.6532,0,0,0.6532,0.7572,0,0,0,0,-1,0,0.5054,0.5,-0.6103,1]},
{"frame":119,"values":[-0.7718,0.6359,0,0,0.6359,0.7718,0,0,0,0,-1,0,0.5054,0.5,-0.6103,1]},
{"frame":120,"values":[-0.7878,0.6159,0,0,0.6159,0.7878,0,0,0,0,-1,0,0.5054,0.5,-0.6103,1]},
{"frame":121,"values":[-0.8051,0.5931,0,0,0.5931,0.8051,0,0,0,0,-1,0,0.5054,0.5,-0.6103,1]},
{"frame":122,"values":[-0.8235,0.5674,0,0,0.5674,0.8235,0,0,0,0,-1,0,0.5054,0.5,-0.6103,1]},
{"frame":123,"values":[-0.8425,0.5387,0,0,0.5387,0.8425,0,0,0,0,-1,0,0.5054,0.5,-0.6103,1]},
{"frame":124,"values":[-0.862,0.5068,0,0,0.5068,0.862,0,0,0,0,-1,0,0.5054,0.5,-0.6103,1]},
{"frame":125,"values":[-0.8817,0.4719,0,0,0.4719,0.8817,0,0,0,0,-1,0,0.5054,0.5,-0.6103,1]},
{"frame":126,"values":[-0.901,0.4337,0,0,0.4337,0.901,0,0,0,0,-1,0,0.5054,0.5,-0.6103,1]},
{"frame":127,"values":[-0.9198,0.3924,0,0,0.3924,0.9198,0,0,0,0,-1,0,0.5054,0.5,-0.6103,1]},
{"frame":128,"values":[-0.9375,0.3479,0,0,0.3479,0.9375,0,0,0,0,-1,0,0.5054,0.5,-0.6103,1]},
{"frame":129,"values":[-0.9538,0.3003,0,0,0.3003,0.9538,0,0,0,0,-1,0,0.5054,0.5,-0.6103,1]},
{"frame":130,"values":[-0.9683,0.2498,0,0,0.2498,0.9683,0,0,0,0,-1,0,0.5054,0.5,-0.6103,1]},
{"frame":131,"values":[-0.9805,0.1965,0,0,0.1965,0.9805,0,0,0,0,-1,0,0.5054,0.5,-0.6103,1]},
{"frame":132,"values":[-0.9901,0.1407,0,0,0.1407,0.9901,0,0,0,0,-1,0,0.5054,0.5,-0.6103,1]},
{"frame":133,"values":[-0.9966,0.0827,0,0,0.0827,0.9966,0,0,0,0,-1,0,0.5054,0.5,-0.6103,1]},
{"frame":134,"values":[-0.9997,0.0227,0,0,0.0227,0.9997,0,0,0,0,-1,0,0.5054,0.5,-0.6103,1]},
{"frame":135,"values":[-0.9993,-0.0387,0,0,-0.0387,0.9993,0,0,0,0,-1,0,0.5054,0.5,-0.6103,1]},
{"frame":136,"values":[-0.9949,-0.1012,0,0,-0.1012,0.9949,0,0,0,0,-1,0,0.5054,0.5,-0.6103,1]},
{"frame":137,"values":[-0.9864,-0.1643,0,0,-0.1643,0.9864,0,0,0,0,-1,0,0.5054,0.5,-0.6103,1]},
{"frame":138,"values":[-0.9738,-0.2275,0,0,-0.2275,0.9738,0,0,0,0,-1,0,0.5054,0.5,-0.6103,1]},
{"frame":139,"values":[-0.9569,-0.2903,0,0,-0.2903,0.9569,0,0,0,0,-1,0,0.5054,0.5,-0.6103,1]},
{"frame":140,"values":[-0.9359,-0.3522,0,0,-0.3522,0.9359,0,0,0,0,-1,0,0.5054,0.5,-0.6103,1]},
{"frame":141,"values":[-0.9109,-0.4127,0,0,-0.4127,0.9109,0,0,0,0,-1,0,0.5054,0.5,-0.6103,1]},
{"frame":142,"values":[-0.8819,-0.4714,0,0,-0.4714,0.8819,0,0,0,0,-1,0,0.5054,0.5,-0.6103,1]},
{"frame":143,"values":[-0.8494,-0.5277,0,0,-0.5277,0.8494,0,0,0,0,-1,0,0.5054,0.5,-0.6103,1]},
{"frame":144,"values":[-0.8137,-0.5813,0,0,-0.5813,0.8137,0,0,0,0,-1,0,0.5054,0.5,-0.6103,1]},
{"frame":145,"values":[-0.775,-0.6319,0,0,-0.6319,0.775,0,0,0,0,-1,0,0.5054,0.5,-0.6103,1]},
{"frame":146,"values":[-0.7339,-0.6792,0,0,-0.6792,0.7339,0,0,0,0,-1,0,0.5054,0.5,-0.6103,1]},
{"frame":147,"values":[-0.6908,-0.723,0,0,-0.723,0.6908,0,0,0,0,-1,0,0.5054,0.5,-0.6103,1]},
{"frame":148,"values":[-0.6462,-0.7631,0,0,-0.7631,0.6462,0,0,0,0,-1,0,0.5054,0.5,-0.6103,1]},
{"frame":149,"values":[-0.6006,-0.7996,0,0,-0.7996,0.6006,0,0,0,0,-1,0,0.5054,0.5,-0.6103,1]},
