{"producer":{"name":"Blender","version":"2.79 (sub 0)","exporter_version":"5.6.4","file":"animatedToilet01.babylon"},
"autoClear":true,"clearColor":[0.0509,0.0509,0.0509],"ambientColor":[0,0,0],"gravity":[0,-9.81,0],
"materials":[],
"multiMaterials":[],
"skeletons":[{"name":"toiletArmature","id":0,"dimensionsAtRest":[0,0.43,0.37],"bones":[
{"name":"ROOT","index":0,"matrix":[1,0,0,0,0,0,-1,0,0,-1,0,0,0,0,0,1],"rest":[1,0,0,0,0,0,-1,0,0,-1,0,0,0,0,0,1],"parentBoneIndex":-1,"length":0.2
,"animation":{"dataType":3,"framePerSecond":60,"keys":[
{"frame":1,"values":[1,0,0,0,0,0,-1,0,0,-1,0,0,0,0,0,1]},
{"frame":3,"values":[1,0,0,0,0,0,-1,0,0,-1,0,0,0,0,0,1]},
{"frame":11,"values":[1,0,0,0,0,0,-1,0,0,-1,0,0,0,0,0,1]},
{"frame":13,"values":[1,0,0,0,0,0,-1,0,0,-1,0,0,0,0,0,1]},
{"frame":21,"values":[1,0,0,0,0,0,-1,0,0,-1,0,0,0,0,0,1]},
{"frame":80,"values":[1,0,0,0,0,0,-1,0,0,-1,0,0,0,0,0,1]},
{"frame":91,"values":[1,0,0,0,0,0,-1,0,0,-1,0,0,0,0,0,1]},
{"frame":150,"values":[1,0,0,0,0,0,-1,0,0,-1,0,0,0,0,0,1]},
{"frame":161,"values":[1,0,0,0,0,0,-1,0,0,-1,0,0,0,0,0,1]},
{"frame":163,"values":[1,0,0,0,0,0,-1,0,0,-1,0,0,0,0,0,1]}],"loopBehavior":1,"name":"anim","property":"_matrix"}},
{"name":"toilet","index":1,"matrix":[1,0,0,0,0,1,0,0,0,0,1,0,0,0,-0.18,1],"rest":[1,0,0,0,0,1,0,0,0,0,1,0,0,0,-0.18,1],"parentBoneIndex":0,"length":0.2
,"animation":{"dataType":3,"framePerSecond":60,"keys":[
{"frame":1,"values":[1,0,0,0,0,1,0,0,0,0,1,0,0,0,-0.18,1]},
{"frame":3,"values":[1,0,0,0,0,1,0,0,0,0,1,0,0,0,-0.18,1]},
{"frame":11,"values":[1,0,0,0,0,1,0,0,0,0,1,0,0,0,-0.18,1]},
{"frame":13,"values":[1,0,0,0,0,1,0,0,0,0,1,0,0,0,-0.18,1]},
{"frame":21,"values":[1,0,0,0,0,1,0,0,0,0,1,0,0,0,-0.18,1]},
{"frame":80,"values":[1,0,0,0,0,1,0,0,0,0,1,0,0,0,-0.18,1]},
{"frame":91,"values":[1,0,0,0,0,1,0,0,0,0,1,0,0,0,-0.18,1]},
{"frame":150,"values":[1,0,0,0,0,1,0,0,0,0,1,0,0,0,-0.18,1]},
{"frame":161,"values":[1,0,0,0,0,1,0,0,0,0,1,0,0,0,-0.18,1]},
{"frame":163,"values":[1,0,0,0,0,1,0,0,0,0,1,0,0,0,-0.18,1]}],"loopBehavior":1,"name":"anim","property":"_matrix"}},
{"name":"toiletSeat","index":2,"matrix":[1,0,0,0,0,1,0,0,0,0,1,0,0,-0.03,-0.05,1],"rest":[1,0,0,0,0,1,0,0,0,0,1,0,0,-0.03,-0.05,1],"parentBoneIndex":1,"length":0.3
,"animation":{"dataType":3,"framePerSecond":60,"keys":[
{"frame":1,"values":[1,0,0,0,0,1,0,0,0,0,1,0,0,-0.03,-0.05,1]},
{"frame":3,"values":[1,0,0,0,0,1,0,0,0,0,1,0,0,-0.03,-0.05,1]},
{"frame":11,"values":[1,0,0,0,0,0,-1,0,0,1,0,0,0,-0.03,-0.05,1]},
{"frame":13,"values":[1,0,0,0,0,0,-1,0,0,1,0,0,0,-0.03,-0.05,1]},
{"frame":21,"values":[1,0,0,0,0,0,-1,0,0,1,0,0,0,-0.03,-0.05,1]},
{"frame":22,"values":[1,0,0,0,0,0.0009,-1,0,0,1,0.0009,0,0,-0.03,-0.05,1]},
{"frame":23,"values":[1,0,0,0,0,0.0036,-1,0,0,1,0.0036,0,0,-0.03,-0.05,1]},
{"frame":24,"values":[1,0,0,0,0,0.0081,-1,0,0,1,0.0081,0,0,-0.03,-0.05,1]},
{"frame":25,"values":[1,0,0,0,0,0.0144,-0.9999,0,0,0.9999,0.0144,0,0,-0.03,-0.05,1]},
{"frame":26,"values":[1,0,0,0,0,0.0226,-0.9997,0,0,0.9997,0.0226,0,0,-0.03,-0.05,1]},
{"frame":27,"values":[1,0,0,0,0,0.0326,-0.9995,0,0,0.9995,0.0326,0,0,-0.03,-0.05,1]},
{"frame":28,"values":[1,0,0,0,0,0.0446,-0.999,0,0,0.999,0.0446,0,0,-0.03,-0.05,1]},
{"frame":29,"values":[1,0,0,0,0,0.0584,-0.9983,0,0,0.9983,0.0584,0,0,-0.03,-0.05,1]},
{"frame":30,"values":[1,0,0,0,0,0.0742,-0.9972,0,0,0.9972,0.0742,0,0,-0.03,-0.05,1]},
{"frame":31,"values":[1,0,0,0,0,0.0919,-0.9958,0,0,0.9958,0.0919,0,0,-0.03,-0.05,1]},
{"frame":32,"values":[1,0,0,0,0,0.1115,-0.9938,0,0,0.9938,0.1115,0,0,-0.03,-0.05,1]},
{"frame":33,"values":[1,0,0,0,0,0.133,-0.9911,0,0,0.9911,0.133,0,0,-0.03,-0.05,1]},
{"frame":34,"values":[1,0,0,0,0,0.1564,-0.9877,0,0,0.9877,0.1564,0,0,-0.03,-0.05,1]},
{"frame":35,"values":[1,0,0,0,0,0.1816,-0.9834,0,0,0.9834,0.1816,0,0,-0.03,-0.05,1]},
{"frame":36,"values":[1,0,0,0,0,0.2086,-0.978,0,0,0.978,0.2086,0,0,-0.03,-0.05,1]},
{"frame":37,"values":[1,0,0,0,0,0.2374,-0.9714,0,0,0.9714,0.2374,0,0,-0.03,-0.05,1]},
{"frame":38,"values":[1,0,0,0,0,0.2677,-0.9635,0,0,0.9635,0.2677,0,0,-0.03,-0.05,1]},
{"frame":39,"values":[1,0,0,0,0,0.2996,-0.9541,0,0,0.9541,0.2996,0,0,-0.03,-0.05,1]},
{"frame":40,"values":[1,0,0,0,0,0.3328,-0.943,0,0,0.943,0.3328,0,0,-0.03,-0.05,1]},
{"frame":41,"values":[1,0,0,0,0,0.3672,-0.9301,0,0,0.9301,0.3672,0,0,-0.03,-0.05,1]},
{"frame":42,"values":[1,0,0,0,0,0.4025,-0.9154,0,0,0.9154,0.4025,0,0,-0.03,-0.05,1]},
{"frame":43,"values":[1,0,0,0,0,0.4387,-0.8986,0,0,0.8986,0.4387,0,0,-0.03,-0.05,1]},
{"frame":44,"values":[1,0,0,0,0,0.4753,-0.8798,0,0,0.8798,0.4753,0,0,-0.03,-0.05,1]},
{"frame":45,"values":[1,0,0,0,0,0.5122,-0.8589,0,0,0.8589,0.5122,0,0,-0.03,-0.05,1]},
{"frame":46,"values":[1,0,0,0,0,0.5491,-0.8358,0,0,0.8358,0.5491,0,0,-0.03,-0.05,1]},
{"frame":47,"values":[1,0,0,0,0,0.5856,-0.8106,0,0,0.8106,0.5856,0,0,-0.03,-0.05,1]},
{"frame":48,"values":[1,0,0,0,0,0.6216,-0.7833,0,0,0.7833,0.6216,0,0,-0.03,-0.05,1]},
{"frame":49,"values":[1,0,0,0,0,0.6567,-0.7542,0,0,0.7542,0.6567,0,0,-0.03,-0.05,1]},
{"frame":50,"values":[1,0,0,0,0,0.6906,-0.7232,0,0,0.7232,0.6906,0,0,-0.03,-0.05,1]},
{"frame":51,"values":[1,0,0,0,0,0.7232,-0.6906,0,0,0.6906,0.7232,0,0,-0.03,-0.05,1]},
{"frame":52,"values":[1,0,0,0,0,0.7542,-0.6567,0,0,0.6567,0.7542,0,0,-0.03,-0.05,1]},
{"frame":53,"values":[1,0,0,0,0,0.7833,-0.6216,0,0,0.6216,0.7833,0,0,-0.03,-0.05,1]},
{"frame":54,"values":[1,0,0,0,0,0.8106,-0.5856,0,0,0.5856,0.8106,0,0,-0.03,-0.05,1]},
{"frame":55,"values":[1,0,0,0,0,0.8358,-0.5491,0,0,0.5491,0.8358,0,0,-0.03,-0.05,1]},
{"frame":56,"values":[1,0,0,0,0,0.8589,-0.5122,0,0,0.5122,0.8589,0,0,-0.03,-0.05,1]},
{"frame":57,"values":[1,0,0,0,0,0.8798,-0.4753,0,0,0.4753,0.8798,0,0,-0.03,-0.05,1]},
{"frame":58,"values":[1,0,0,0,0,0.8986,-0.4387,0,0,0.4387,0.8986,0,0,-0.03,-0.05,1]},
{"frame":59,"values":[1,0,0,0,0,0.9154,-0.4025,0,0,0.4025,0.9154,0,0,-0.03,-0.05,1]},
{"frame":60,"values":[1,0,0,0,0,0.9301,-0.3672,0,0,0.3672,0.9301,0,0,-0.03,-0.05,1]},
{"frame":61,"values":[1,0,0,0,0,0.943,-0.3328,0,0,0.3328,0.943,0,0,-0.03,-0.05,1]},
{"frame":62,"values":[1,0,0,0,0,0.9541,-0.2996,0,0,0.2996,0.9541,0,0,-0.03,-0.05,1]},
{"frame":63,"values":[1,0,0,0,0,0.9635,-0.2677,0,0,0.2677,0.9635,0,0,-0.03,-0.05,1]},
{"frame":64,"values":[1,0,0,0,0,0.9714,-0.2374,0,0,0.2374,0.9714,0,0,-0.03,-0.05,1]},
{"frame":65,"values":[1,0,0,0,0,0.978,-0.2086,0,0,0.2086,0.978,0,0,-0.03,-0.05,1]},
{"frame":66,"values":[1,0,0,0,0,0.9834,-0.1816,0,0,0.1816,0.9834,0,0,-0.03,-0.05,1]},
{"frame":67,"values":[1,0,0,0,0,0.9877,-0.1564,0,0,0.1564,0.9877,0,0,-0.03,-0.05,1]},
{"frame":68,"values":[1,0,0,0,0,0.9911,-0.133,0,0,0.133,0.9911,0,0,-0.03,-0.05,1]},
{"frame":69,"values":[1,0,0,0,0,0.9938,-0.1115,0,0,0.1115,0.9938,0,0,-0.03,-0.05,1]},
{"frame":70,"values":[1,0,0,0,0,0.9958,-0.0919,0,0,0.0919,0.9958,0,0,-0.03,-0.05,1]},
{"frame":71,"values":[1,0,0,0,0,0.9972,-0.0742,0,0,0.0742,0.9972,0,0,-0.03,-0.05,1]},
{"frame":72,"values":[1,0,0,0,0,0.9983,-0.0584,0,0,0.0584,0.9983,0,0,-0.03,-0.05,1]},
{"frame":73,"values":[1,0,0,0,0,0.999,-0.0446,0,0,0.0446,0.999,0,0,-0.03,-0.05,1]},
{"frame":74,"values":[1,0,0,0,0,0.9995,-0.0326,0,0,0.0326,0.9995,0,0,-0.03,-0.05,1]},
{"frame":75,"values":[1,0,0,0,0,0.9997,-0.0226,0,0,0.0226,0.9997,0,0,-0.03,-0.05,1]},
{"frame":76,"values":[1,0,0,0,0,0.9999,-0.0144,0,0,0.0144,0.9999,0,0,-0.03,-0.05,1]},
{"frame":77,"values":[1,0,0,0,0,1,-0.0081,0,0,0.0081,1,0,0,-0.03,-0.05,1]},
{"frame":78,"values":[1,0,0,0,0,1,-0.0036,0,0,0.0036,1,0,0,-0.03,-0.05,1]},
{"frame":79,"values":[1,0,0,0,0,1,-0.0009,0,0,0.0009,1,0,0,-0.03,-0.05,1]},
{"frame":80,"values":[1,0,0,0,0,1,0,0,0,0,1,0,0,-0.03,-0.05,1]},
{"frame":91,"values":[1,0,0,0,0,1,0,0,0,0,1,0,0,-0.03,-0.05,1]},
{"frame":92,"values":[1,0,0,0,0,1,-0.0009,0,0,0.0009,1,0,0,-0.03,-0.05,1]},
{"frame":93,"values":[1,0,0,0,0,1,-0.0036,0,0,0.0036,1,0,0,-0.03,-0.05,1]},
{"frame":94,"values":[1,0,0,0,0,1,-0.0081,0,0,0.0081,1,0,0,-0.03,-0.05,1]},
{"frame":95,"values":[1,0,0,0,0,0.9999,-0.0144,0,0,0.0144,0.9999,0,0,-0.03,-0.05,1]},
{"frame":96,"values":[1,0,0,0,0,0.9997,-0.0226,0,0,0.0226,0.9997,0,0,-0.03,-0.05,1]},
{"frame":97,"values":[1,0,0,0,0,0.9995,-0.0326,0,0,0.0326,0.9995,0,0,-0.03,-0.05,1]},
{"frame":98,"values":[1,0,0,0,0,0.999,-0.0446,0,0,0.0446,0.999,0,0,-0.03,-0.05,1]},
{"frame":99,"values":[1,0,0,0,0,0.9983,-0.0584,0,0,0.0584,0.9983,0,0,-0.03,-0.05,1]},
{"frame":100,"values":[1,0,0,0,0,0.9972,-0.0742,0,0,0.0742,0.9972,0,0,-0.03,-0.05,1]},
{"frame":101,"values":[1,0,0,0,0,0.9958,-0.0919,0,0,0.0919,0.9958,0,0,-0.03,-0.05,1]},
{"frame":102,"values":[1,0,0,0,0,0.9938,-0.1115,0,0,0.1115,0.9938,0,0,-0.03,-0.05,1]},
{"frame":103,"values":[1,0,0,0,0,0.9911,-0.133,0,0,0.133,0.9911,0,0,-0.03,-0.05,1]},
{"frame":104,"values":[1,0,0,0,0,0.9877,-0.1564,0,0,0.1564,0.9877,0,0,-0.03,-0.05,1]},
{"frame":105,"values":[1,0,0,0,0,0.9834,-0.1816,0,0,0.1816,0.9834,0,0,-0.03,-0.05,1]},
{"frame":106,"values":[1,0,0,0,0,0.978,-0.2086,0,0,0.2086,0.978,0,0,-0.03,-0.05,1]},
{"frame":107,"values":[1,0,0,0,0,0.9714,-0.2374,0,0,0.2374,0.9714,0,0,-0.03,-0.05,1]},
{"frame":108,"values":[1,0,0,0,0,0.9635,-0.2677,0,0,0.2677,0.9635,0,0,-0.03,-0.05,1]},
{"frame":109,"values":[1,0,0,0,0,0.9541,-0.2996,0,0,0.2996,0.9541,0,0,-0.03,-0.05,1]},
{"frame":110,"values":[1,0,0,0,0,0.943,-0.3328,0,0,0.3328,0.943,0,0,-0.03,-0.05,1]},
{"frame":111,"values":[1,0,0,0,0,0.9301,-0.3672,0,0,0.3672,0.9301,0,0,-0.03,-0.05,1]},
{"frame":112,"values":[1,0,0,0,0,0.9154,-0.4025,0,0,0.4025,0.9154,0,0,-0.03,-0.05,1]},
{"frame":113,"values":[1,0,0,0,0,0.8986,-0.4387,0,0,0.4387,0.8986,0,0,-0.03,-0.05,1]},
{"frame":114,"values":[1,0,0,0,0,0.8798,-0.4753,0,0,0.4753,0.8798,0,0,-0.03,-0.05,1]},
{"frame":115,"values":[1,0,0,0,0,0.8589,-0.5122,0,0,0.5122,0.8589,0,0,-0.03,-0.05,1]},
{"frame":116,"values":[1,0,0,0,0,0.8358,-0.5491,0,0,0.5491,0.8358,0,0,-0.03,-0.05,1]},
{"frame":117,"values":[1,0,0,0,0,0.8106,-0.5856,0,0,0.5856,0.8106,0,0,-0.03,-0.05,1]},
{"frame":118,"values":[1,0,0,0,0,0.7833,-0.6216,0,0,0.6216,0.7833,0,0,-0.03,-0.05,1]},
{"frame":119,"values":[1,0,0,0,0,0.7542,-0.6567,0,0,0.6567,0.7542,0,0,-0.03,-0.05,1]},
{"frame":120,"values":[1,0,0,0,0,0.7232,-0.6906,0,0,0.6906,0.7232,0,0,-0.03,-0.05,1]},
{"frame":121,"values":[1,0,0,0,0,0.6906,-0.7232,0,0,0.7232,0.6906,0,0,-0.03,-0.05,1]},
{"frame":122,"values":[1,0,0,0,0,0.6567,-0.7542,0,0,0.7542,0.6567,0,0,-0.03,-0.05,1]},
{"frame":123,"values":[1,0,0,0,0,0.6216,-0.7833,0,0,0.7833,0.6216,0,0,-0.03,-0.05,1]},
{"frame":124,"values":[1,0,0,0,0,0.5856,-0.8106,0,0,0.8106,0.5856,0,0,-0.03,-0.05,1]},
{"frame":125,"values":[1,0,0,0,0,0.5491,-0.8358,0,0,0.8358,0.5491,0,0,-0.03,-0.05,1]},
{"frame":126,"values":[1,0,0,0,0,0.5122,-0.8589,0,0,0.8589,0.5122,0,0,-0.03,-0.05,1]},
{"frame":127,"values":[1,0,0,0,0,0.4753,-0.8798,0,0,0.8798,0.4753,0,0,-0.03,-0.05,1]},
{"frame":128,"values":[1,0,0,0,0,0.4387,-0.8986,0,0,0.8986,0.4387,0,0,-0.03,-0.05,1]},
{"frame":129,"values":[1,0,0,0,0,0.4025,-0.9154,0,0,0.9154,0.4025,0,0,-0.03,-0.05,1]},
{"frame":130,"values":[1,0,0,0,0,0.3672,-0.9301,0,0,0.9301,0.3672,0,0,-0.03,-0.05,1]},
{"frame":131,"values":[1,0,0,0,0,0.3328,-0.943,0,0,0.943,0.3328,0,0,-0.03,-0.05,1]},
{"frame":132,"values":[1,0,0,0,0,0.2996,-0.9541,0,0,0.9541,0.2996,0,0,-0.03,-0.05,1]},
{"frame":133,"values":[1,0,0,0,0,0.2677,-0.9635,0,0,0.9635,0.2677,0,0,-0.03,-0.05,1]},
{"frame":134,"values":[1,0,0,0,0,0.2374,-0.9714,0,0,0.9714,0.2374,0,0,-0.03,-0.05,1]},
{"frame":135,"values":[1,0,0,0,0,0.2086,-0.978,0,0,0.978,0.2086,0,0,-0.03,-0.05,1]},
{"frame":136,"values":[1,0,0,0,0,0.1816,-0.9834,0,0,0.9834,0.1816,0,0,-0.03,-0.05,1]},
{"frame":137,"values":[1,0,0,0,0,0.1564,-0.9877,0,0,0.9877,0.1564,0,0,-0.03,-0.05,1]},
{"frame":138,"values":[1,0,0,0,0,0.133,-0.9911,0,0,0.9911,0.133,0,0,-0.03,-0.05,1]},
{"frame":139,"values":[1,0,0,0,0,0.1115,-0.9938,0,0,0.9938,0.1115,0,0,-0.03,-0.05,1]},
{"frame":140,"values":[1,0,0,0,0,0.0919,-0.9958,0,0,0.9958,0.0919,0,0,-0.03,-0.05,1]},
{"frame":141,"values":[1,0,0,0,0,0.0742,-0.9972,0,0,0.9972,0.0742,0,0,-0.03,-0.05,1]},
{"frame":142,"values":[1,0,0,0,0,0.0584,-0.9983,0,0,0.9983,0.0584,0,0,-0.03,-0.05,1]},
{"frame":143,"values":[1,0,0,0,0,0.0446,-0.999,0,0,0.999,0.0446,0,0,-0.03,-0.05,1]},
{"frame":144,"values":[1,0,0,0,0,0.0326,-0.9995,0,0,0.9995,0.0326,0,0,-0.03,-0.05,1]},
{"frame":145,"values":[1,0,0,0,0,0.0226,-0.9997,0,0,0.9997,0.0226,0,0,-0.03,-0.05,1]},
{"frame":146,"values":[1,0,0,0,0,0.0144,-0.9999,0,0,0.9999,0.0144,0,0,-0.03,-0.05,1]},
{"frame":147,"values":[1,0,0,0,0,0.0081,-1,0,0,1,0.0081,0,0,-0.03,-0.05,1]},
{"frame":148,"values":[1,0,0,0,0,0.0036,-1,0,0,1,0.0036,0,0,-0.03,-0.05,1]},
{"frame":149,"values":[1,0,0,0,0,0.0009,-1,0,0,1,0.0009,0,0,-0.03,-0.05,1]},
{"frame":150,"values":[1,0,0,0,0,0,-1,0,0,1,0,0,0,-0.03,-0.05,1]},
{"frame":161,"values":[1,0,0,0,0,1,0,0,0,0,1,0,0,-0.03,-0.05,1]},
{"frame":163,"values":[1,0,0,0,0,1,0,0,0,0,1,0,0,-0.03,-0.05,1]}],"loopBehavior":1,"name":"anim","property":"_matrix"}},
{"name":"toiletLid","index":3,"matrix":[1,0,0,0,0,1,0,0,0,0,1,0,0,-0.1,-0.25,1],"rest":[1,0,0,0,0,1,0,0,0,0,1,0,0,-0.1,-0.25,1],"parentBoneIndex":1,"length":0.06
,"animation":{"dataType":3,"framePerSecond":60,"keys":[
{"frame":1,"values":[1,0,0,0,0,1,0,0,0,0,1,0,0,-0.1,-0.25,1]},
{"frame":3,"values":[1,0,0,0,0,1,0,0,0,0,1,0,0,-0.1,-0.25,1]},
{"frame":11,"values":[1,0,0,0,0,1,0,0,0,0,1,0,0,-0.1,-0.25,1]},
{"frame":13,"values":[1,0,0,0,0,1,0,0,0,0,1,0,0,-0.1,-0.25,1]},
{"frame":21,"values":[1,0,0,0,0,1,0,0,0,0,1,0,0,-0.1,-0.25,1]},
{"frame":80,"values":[1,0,0,0,0,1,0,0,0,0,1,0,0,-0.1,-0.25,1]},
{"frame":91,"values":[1,0,0,0,0,1,0,0,0,0,1,0,0,-0.1,-0.25,1]},
{"frame":150,"values":[1,0,0,0,0,1,0,0,0,0,1,0,0,-0.1,-0.25,1]},
{"frame":161,"values":[1,0,0,0,0,1,0,0,0,0,1,0,0,-0.1,-0.25,1]},
{"frame":163,"values":[1,0,0,0,0,1,0,0,0,0,1,0,0,-0.1,-0.25,1]}],"loopBehavior":1,"name":"anim","property":"_matrix"}}]
,"ranges":[{"name":"10_closed01","from":0,"to":3},{"name":"10_opened01","from":10,"to":13},{"name":"80_close01","from":20,"to":80},{"name":"80_open01","from":90,"to":150},{"name":"99_default","from":160,"to":163}]}],
"meshes":[{"name":"animatedToilet01","id":"animatedToilet01","billboardMode":0,"position":[0,0,0],"rotation":[0,0,0],"scaling":[1,1,1],"isVisible":true,"freezeWorldMatrix":false,"isEnabled":true,"checkCollisions":false,"receiveShadows":false,"pickable":true,"tags":"","skeletonId":0,"numBoneInfluencers":1
,"positions":[0.0267,0.1192,0.1578,0,0.0364,0.1273,0,0.1188,0.1609,0.027,0.1549,0.1628,0,0.1549,0.1658,0.0953,0.0273,-0.1651,0.0657,0.0365,-0.2031,0.0663,0.0272,-0.2045,0,0,-0.245,0.0681,0,-0.2131,0.0278,0,-0.2391,0.0422,0.225,0.1399,0.0484,0.225,0.1512,0.0417,0.2249,0.1563,0.0885,0.4252,0.0517,0.0859,0.4252,0.049,0.0835,0.24,0.0463
,0.074,0.1786,-0.2266,0.1137,0.2066,-0.1889,0.0794,0.2066,-0.2405,0.0322,0.225,-0.2647,0.0145,0.225,-0.236,0,0.225,-0.2706,0.0271,0.0272,-0.2301,0,0.0365,-0.2347,0,0.0272,-0.236,0.1083,0.0271,-0.1136,0.0941,0.0365,-0.1639,0.1133,0.0228,-0.0704,0.1116,0.0229,-0.1154,0.1177,0.1778,-0.1191,0.1306,0.2065,-0.0705,0.1291,0.2066,-0.1261,0.0365,0.119,0.1482
,0.0586,0.0367,0.0874,0.042,0.0366,0.1147,0.0903,0.2065,0.0586,0.1049,0.1777,-0.0111,0.0824,0.1778,0.059,0.0411,0.2065,0.1616,0.1004,0,-0.1712,0.0666,0.0229,-0.2099,0.0681,0,-0.2131,0.0379,0.155,0.152,0.114,0.2065,-0.0112,0.1199,0.1785,-0.0705,0.0788,0.225,-0.2366,0,0,-0.0112,0.1043,0,-0.0112,0.1164,0,-0.0705,0.0407,0.0229,0.1192
,0.0278,0,0.1274,0.0277,0.0229,0.1274,0.1133,0.0228,-0.0704,0.1043,0,-0.0112,0.1017,0.0229,-0.0111,0.0859,0.1549,-0.1538,0.1041,0.1776,-0.1773,0,0.178,-0.2598,0.0338,0.2065,-0.2667,0,0.2065,-0.2724,0.0903,0.1549,-0.0112,0.0708,0.1549,0.0597,0.0568,0.1548,0.1013,0.0824,0.1778,0.059,0.0708,0.1549,0.0597,0.0623,0,0.092,0.0811,0.0229,0.0588
,0.0831,0,0.0588,0.1093,0.0273,-0.0704,0.1069,0.0365,-0.113,0.1093,0.0273,-0.0704,0.0981,0.0272,-0.0111,0,0,-0.0112,0,0,0.1318,0.0278,0,0.1274,0.0607,0.0226,0.0922,0.0411,0,0.1194,0.1082,0.0365,-0.0705,0.0979,0.1549,-0.1072,0.0969,0.0365,-0.0112,0.0773,0.0271,0.0586,0.0754,0.0365,0.0581,0.0282,0.0363,0.1233,0.0408,0.0271,0.1146
,0.0277,0.0272,0.1228,0.1107,0.225,-0.1854,0.1,0.225,-0.072,0.1077,0.225,-0.0111,0.0895,0.225,-0.0112,0.0279,0.2251,0.1568,0.0588,0.1782,0.1246,0.0404,0.178,0.1578,0,0,-0.0112,0.1144,0,-0.1171,0.1004,0,-0.1712,0.1199,0.1785,-0.0705,0.059,0.0275,0.0879,0.0754,0.0365,0.0581,0.0773,0.0271,0.0586,0.0668,0.205,-0.2117,0.0644,0.165,-0.1711
,0.0473,0.2054,-0.2266,0.0277,0.225,0.1396,0.0606,0.2346,0.1409,0.1082,0.0365,-0.0705,0.0827,0.1653,-0.1373,0.0307,0.1037,-0.102,0,0,-0.0112,0.0623,0,0.092,0.0303,0.178,-0.2539,0,0.225,-0.2376,0.0134,0.2053,-0.2419,0,0.2051,-0.2435,0.0269,0.0365,-0.2288,0,0.1549,-0.2219,0,0,-0.0112,0.1004,0,-0.1712,0.0281,0.1778,0.1648
,0.0708,0.1549,0.0597,0.0754,0.0365,0.0581,0,0.225,0.1563,0.0278,0.2065,0.1654,0,0.2065,0.1661,0,0.225,0.1391,0.0272,0.0229,-0.2356,0.0681,0,-0.2131,0.0278,0,-0.2391,0.0587,0.1548,-0.1928,0,0,-0.0112,0.0773,0.0271,0.0586,0,0.0272,0.1272,0,0.0229,0.1318,0.0278,0,-0.2391,0,0.0229,-0.2415,0,0,-0.245
,0.091,0.225,-0.1667,0.0968,0.225,-0.1414,0,0.178,0.1665,0.0858,0.225,0.0593,0.0592,0.225,0.1401,0.0797,0.225,0.0576,0.0482,0.225,-0.2212,0.0568,0.1548,0.1013,0.091,0.225,-0.1667,0.0993,0.2053,-0.143,0.0933,0.2052,-0.1694,0.0696,0.2552,0.0587,0,0.4252,0.0492,0.0773,0.4252,0.0541,0.0237,0.1549,-0.2165,0.1164,0,-0.0705,0.1144,0,-0.1171
,0.0297,0.225,-0.0051,0.059,0.2052,-0.0107,0.0582,0.225,-0.0153,0.1005,0.1548,-0.0702,0.0804,0.225,-0.1884,0.0981,0.0228,-0.1686,0.0811,0.0229,0.0588,0.1144,0,-0.1171,0.0811,0.0229,0.0588,0.1082,0.0365,-0.0705,0.1241,0.225,-0.1229,0,0.4386,0.1584,0.0902,0.4352,0.1611,0,0.4352,0.1645,0.0858,0.225,0.0593,0,0.4252,0.1002,0.0902,0.4252,0.0393
,0,0.4252,0.036,0.0859,0.4252,0.1516,0.0884,0.4252,0.1491,0.0882,0.2409,0.1491,0,0,0.1318,0.0827,0.1653,-0.1373,0.0611,0.2067,0.1379,0,0.4352,0.036,0.0286,0.225,-0.2313,0.0902,0.4352,0.0393,0,0.4386,0.0424,0,0.4352,0.036,0,0.225,-0.2376,0,0.225,-0.001,0.0301,0.2053,-0.0011,0,0.4252,0.1002,0,0.4252,0.1645
,0.0902,0.4252,0.1611,0.0827,0.2249,-0.04,0.0956,0.4252,0.1554,0.0956,0.4352,0.0454,0.0956,0.4252,0.0454,0.0556,0.1652,-0.0128,0.0834,0.2399,0.1542,0.0614,0.225,0.0261,0.0614,0.225,0.034,0.0724,0.225,0.0261,0.0858,0.225,0.0593,0.0797,0.225,0.0576,0.1022,0.225,-0.0931,0.1036,0.2051,-0.1162,0.1003,0.225,-0.1157,0.0494,0.225,0.1401,0.0592,0.225,0.1401
,0.0145,0.225,-0.236,0.0267,0.2051,-0.2377,0,0.2052,0.0032,0,0.1651,0.0032,0.0968,0.225,-0.1414,0.1036,0.2051,-0.1162,0.0915,0.1649,-0.0936,0.1049,0.2053,-0.0924,0.0884,0.1656,-0.0586,0.1036,0.2051,-0.0695,0,0.1245,-0.0168,0.0814,0.2054,-0.192,0.0659,0.225,-0.2068,0.0356,0.1655,-0.1912,0.1036,0.2051,-0.1162,0.0915,0.1649,-0.0936,0.0467,0.1217,-0.0325
,0.0884,0.1656,-0.0586,0.0884,0.1656,-0.0586,0.0843,0.2053,-0.0372,0.0827,0.1653,-0.1373,0.0915,0.1649,-0.0936,0.052,0.112,-0.0682,0.0356,0.1655,-0.1912,0.052,0.112,-0.0682,0,0.4252,0.1574,0.0773,0.4252,0.1465,0.0835,0.4252,0.1542,0.0171,0.1056,-0.0153,0.0467,0.1217,-0.0325,0,0.4252,0.0435,0.0835,0.4252,0.0463,0.0356,0.1655,-0.1912,0,0.1036,-0.111
,0,0.1651,-0.1983,0,0.1113,0.0027,0,0.1221,0.0523,0.016,0.107,0.0058,0,0.0797,-0.0297,0.0106,0.0814,0.018,0,0.0797,0.019,0.0217,0.0928,0.0123,0.0116,0.082,-0.029,0.0208,0.0923,-0.0251,0.0797,0.225,0.0576,0,0.2352,0.0568,0,0.225,0.0568,0.0696,0.2552,0.1419,0,0.2452,0.1005,0.0696,0.2552,0.0587,0,0.2402,0.1573
,0.016,0.107,0.0058,0,0.1221,0.0523,0.0799,0.2359,0.0576,0.0886,0.2391,0.0517,0.0902,0.4386,0.1554,0.0956,0.4352,0.1554,0,0.1113,-0.0128,0.0467,0.1217,-0.0325,0.052,0.112,-0.0682,0.0307,0.1037,-0.102,0.052,0.112,-0.0682,0.0171,0.1056,-0.0153,0,0.4252,0.1002,0,0.4252,0.1517,0.0696,0.2552,0.1419,0,0.24,0.0435,0,0.1221,0.0523
,0.0106,0.0814,0.018,0,0.1221,0.0523,0.0903,0.1549,-0.0112,0.0956,0.4352,0.0454,0.0902,0.4386,0.0454,0.1,0.225,-0.072,0.1036,0.2051,-0.0695,0.0956,0.4352,0.0454,0.0799,0.2359,0.0576,0.0884,0.4252,0.1004,0,0.4252,0.1002,0.0933,0.2052,-0.1694,0.0933,0.2052,-0.1694,0,0.4252,0.1002,0.0902,0.4352,0.1611,0.0902,0.4352,0.1611,0,0.2331,-0.2683
,0.0309,0.2351,-0.2335,0,0.2351,-0.2372,0.0625,0.2269,-0.0054,0.1081,0.2269,-0.0105,0.0902,0.2269,-0.0302,0.1083,0.2269,-0.0875,0.1306,0.2269,-0.1096,0.1084,0.2269,-0.1127,0.0884,0.2269,-0.1944,0.118,0.2269,-0.1791,0.1066,0.2269,-0.2089,0.0982,0.2269,-0.1699,0.1263,0.2269,-0.1448,0,0.2335,-0.0247,0.0222,0.2351,-0.0003,0,0.2351,0.0014,0,0.2269,0.0024
,0.0172,0.2269,0.0236,0.0201,0.2269,0.0008,0.1049,0.2269,-0.1416,0.1254,0.2269,-0.0509,0.1045,0.2269,-0.0644,0.1304,0.2269,-0.0788,0.0536,0.2269,-0.2311,0.0887,0.2269,-0.2337,0.0649,0.2269,-0.2537,0.0542,0.2335,-0.1896,0.0645,0.2269,-0.1752,0.0526,0.2269,-0.1897,0.0883,0.2331,-0.2301,0.066,0.2335,-0.175,0.0721,0.2269,-0.1577,0.0465,0.2269,-0.0367,0.0253,0.2335,-0.0278
,0.0238,0.2269,-0.0282,0.0666,0.2269,-0.0561,0.048,0.2335,-0.0363,0.099,0.2351,-0.1401,0.0808,0.2335,-0.1166,0.0786,0.2335,-0.1373,0.1056,0.2331,-0.2061,0.0737,0.2335,-0.1575,0.0402,0.2335,-0.2014,0.0693,0.2351,-0.2075,0.1247,0.2331,-0.1438,0.0244,0.2335,-0.2093,0.0513,0.2351,-0.2227,0.102,0.2351,-0.0901,0.0786,0.2335,-0.0817,0.0809,0.2335,-0.0985,0.1074,0.2331,-0.013
,0.0624,0.2352,-0.0049,0.0873,0.2351,-0.0349,0.0793,0.2269,-0.0988,0.0793,0.2269,-0.1169,0.1286,0.2331,-0.0797,0.0992,0.2351,-0.0685,0.077,0.2269,-0.1375,0,0.2269,-0.0253,0.1239,0.2331,-0.0526,0.0771,0.2269,-0.082,0.0682,0.2335,-0.0557,0.0653,0.2331,-0.2497,0.0387,0.2269,-0.2015,0.0229,0.2269,-0.2095,0.0773,0.2331,0.0235,0.0775,0.2269,0.0236,0.0564,0.2331,0.0236
,0.1289,0.2331,-0.1096,0.1021,0.2351,-0.1135,0.0381,0.2269,-0.2684,0,0.2269,-0.2725,0.0391,0.2331,-0.2642,0.0836,0.2351,-0.1888,0.0315,0.2269,-0.2429,0,0.2269,-0.2474,0.0927,0.2351,-0.1662,0.1167,0.2331,-0.1772,0.0172,0.2331,0.0236,0,0.2331,0.0236,0,0.2269,0.0236,0.0564,0.2269,0.0236,0.0521,0.2269,-0.0024,0,0.2335,-0.2145,0.1243,0.225,-0.0704
,0.1243,0.225,-0.0704,0.0903,0.2065,0.0586,0.0824,0.1778,0.059,0.0903,0.2065,0.0586,0.0773,0.4252,0.0541,0.0773,0.4252,0.1465,0.0773,0.4252,0.0541,0,0.2452,0.1005,0,0.2552,0.0543,0.0773,0.4252,0.0541,0,0.2552,0.1466,0,0.2452,0.1005,0.0696,0.2552,0.1419,0.0411,0,0.1194,0,0,-0.0112,0.0278,0,0.1274,0,0,-0.0112
,0.0411,0,0.1194,0.0623,0,0.092,0.0731,0.2269,-0.2147,0.0564,0.2269,0.0331,0.0774,0.2331,0.0331,0.0774,0.2269,0.0331,0.0564,0.2331,0.0331,0.0614,0.234,0.0261,0.0614,0.225,0.034,0.0614,0.225,0.0261,0.0614,0.225,0.034,0.0724,0.234,0.034,0.0724,0.225,0.034,0.0614,0.234,0.034,0.0724,0.225,0.0261,0.0724,0.234,0.0261,0.0614,0.225,0.0261
,0.0724,0.225,0.034,0.0797,0.225,0.0576,0.0912,0.2269,-0.1666,0.0975,0.225,-0.1439,0.0928,0.225,-0.1638,0.0809,0.225,-0.1921,0.0819,0.2269,-0.1892,0,0.2269,-0.2385,0.0496,0.2269,-0.2231,0.0971,0.2269,-0.0691,0.1005,0.2269,-0.0905,0.0675,0.2269,-0.2079,0.07,0.225,-0.2064,0.1005,0.2269,-0.1139,0.0974,0.2269,-0.1405,0.1074,0.225,-0.0907,0.0338,0.225,-0.2405
,0.0506,0.225,-0.2315,0.0583,0.2269,-0.0137,0.0838,0.2269,-0.0372,0.0292,0.2269,-0.2339,0.0475,0.225,-0.2254,0.032,0.225,-0.2336,0,0.2269,-0.005,0.0212,0.2269,-0.0072,0.0507,0.2269,-0.0112,0,0.2269,-0.2144,0.0858,0.225,-0.1961,0.0742,0.225,-0.2116,0.0862,0.225,-0.0402,0.102,0.225,-0.061,0.0963,0.225,-0.0646,0.1033,0.225,-0.1447,0.0981,0.225,-0.1663
,0.1014,0.225,-0.093,0.1075,0.225,-0.11,0.1015,0.225,-0.1108,0.0247,0.225,-0.0067,0.0483,0.225,-0.003,0.0472,0.225,-0.0097,0.0911,0.225,-0.0349,0.0239,0.225,-0.0006,-0.0267,0.1192,0.1578,-0.027,0.1549,0.1628,-0.0657,0.0365,-0.2031,-0.0953,0.0273,-0.1651,-0.0663,0.0272,-0.2045,-0.0681,0,-0.2131,0,0,-0.0112,-0.0422,0.225,0.1399,-0.0484,0.225,0.1512
,-0.0494,0.225,0.1401,-0.0835,0.24,0.0463,-0.0859,0.4252,0.049,-0.0885,0.4252,0.0517,-0.074,0.1786,-0.2266,-0.1137,0.2066,-0.1889,-0.1041,0.1776,-0.1773,-0.0145,0.225,-0.236,-0.0322,0.225,-0.2647,-0.0271,0.0272,-0.2301,-0.0941,0.0365,-0.1639,-0.1083,0.0271,-0.1136,-0.1133,0.0228,-0.0704,-0.1116,0.0229,-0.1154,-0.1177,0.1778,-0.1191,-0.1306,0.2065,-0.0705,-0.1199,0.1785,-0.0705
,-0.0586,0.0367,0.0874,-0.0365,0.119,0.1482,-0.042,0.0366,0.1147,-0.0903,0.2065,0.0586,-0.1049,0.1777,-0.0111,-0.114,0.2065,-0.0112,-0.0611,0.2067,0.1379,-0.0592,0.225,0.1401,-0.0666,0.0229,-0.2099,-0.1004,0,-0.1712,-0.0681,0,-0.2131,-0.0379,0.155,0.152,-0.1199,0.1785,-0.0705,-0.1306,0.2065,-0.0705,-0.0788,0.225,-0.2366,-0.0794,0.2066,-0.2405,-0.1164,0,-0.0705
,-0.1043,0,-0.0112,-0.0278,0,0.1274,-0.0407,0.0229,0.1192,-0.0277,0.0229,0.1274,-0.1043,0,-0.0112,-0.1133,0.0228,-0.0704,-0.1017,0.0229,-0.0111,-0.0859,0.1549,-0.1538,-0.0979,0.1549,-0.1072,-0.0338,0.2065,-0.2667,-0.0303,0.178,-0.2539,-0.0824,0.1778,0.059,-0.0903,0.1549,-0.0112,-0.0824,0.1778,0.059,-0.0568,0.1548,0.1013,-0.0708,0.1549,0.0597,-0.0811,0.0229,0.0588
,-0.0623,0,0.092,-0.0831,0,0.0588,-0.1069,0.0365,-0.113,-0.1093,0.0273,-0.0704,-0.1093,0.0273,-0.0704,-0.0981,0.0272,-0.0111,0,0,-0.0112,-0.0278,0,0.1274,-0.0411,0,0.1194,-0.0607,0.0226,0.0922,-0.1082,0.0365,-0.0705,-0.1005,0.1548,-0.0702,-0.0773,0.0271,0.0586,-0.0969,0.0365,-0.0112,-0.0754,0.0365,0.0581,-0.0282,0.0363,0.1233,-0.0408,0.0271,0.1146
,-0.1291,0.2066,-0.1261,-0.1107,0.225,-0.1854,-0.1241,0.225,-0.1229,-0.1077,0.225,-0.0111,-0.1,0.225,-0.072,-0.0895,0.225,-0.0112,-0.0411,0.2065,0.1616,-0.0279,0.2251,0.1568,-0.0278,0.2065,0.1654,-0.0588,0.1782,0.1246,-0.0404,0.178,0.1578,-0.1144,0,-0.1171,0,0,-0.0112,-0.1004,0,-0.1712,-0.0754,0.0365,0.0581,-0.059,0.0275,0.0879,-0.0773,0.0271,0.0586
,-0.0668,0.205,-0.2117,-0.0473,0.2054,-0.2266,-0.0644,0.165,-0.1711,0,0.235,0.1421,-0.0277,0.225,0.1396,-0.1082,0.0365,-0.0705,-0.0827,0.1653,-0.1373,-0.0307,0.1037,-0.102,-0.052,0.112,-0.0682,-0.0623,0,0.092,0,0,-0.0112,-0.0134,0.2053,-0.2419,-0.0145,0.225,-0.236,-0.0269,0.0365,-0.2288,-0.0237,0.1549,-0.2165,-0.1004,0,-0.1712,0,0,-0.0112
,-0.0281,0.1778,0.1648,-0.0708,0.1549,0.0597,-0.0754,0.0365,0.0581,-0.0417,0.2249,0.1563,-0.0272,0.0229,-0.2356,-0.0681,0,-0.2131,-0.0278,0,-0.2391,-0.0587,0.1548,-0.1928,0,0,-0.0112,-0.0277,0.0272,0.1228,0,0,-0.245,-0.091,0.225,-0.1667,-0.0968,0.225,-0.1414,-0.0858,0.225,0.0593,-0.0797,0.225,0.0576,-0.0592,0.225,0.1401,-0.0482,0.225,-0.2212
,-0.0568,0.1548,0.1013,-0.091,0.225,-0.1667,-0.0993,0.2053,-0.143,-0.0968,0.225,-0.1414,-0.0696,0.2552,0.0587,-0.0773,0.4252,0.0541,-0.1164,0,-0.0705,-0.1144,0,-0.1171,-0.0297,0.225,-0.0051,-0.059,0.2052,-0.0107,-0.0301,0.2053,-0.0011,-0.1005,0.1548,-0.0702,-0.1199,0.1785,-0.0705,-0.0804,0.225,-0.1884,-0.0981,0.0228,-0.1686,-0.0811,0.0229,0.0588,-0.1144,0,-0.1171
,-0.0811,0.0229,0.0588,-0.1005,0.1548,-0.0702,-0.1082,0.0365,-0.0705,-0.1243,0.225,-0.0704,-0.0902,0.4352,0.1611,-0.0902,0.4386,0.1554,-0.0858,0.225,0.0593,-0.0902,0.4252,0.0393,-0.0882,0.2409,0.1491,-0.0859,0.4252,0.1516,-0.0835,0.4252,0.1542,0,0,0.1318,-0.0827,0.1653,-0.1373,-0.0933,0.2052,-0.1694,-0.0286,0.225,-0.2313,-0.0902,0.4352,0.0393,0,0.4352,0.036
,0,0.225,-0.2376,0,0.4252,0.1002,-0.0902,0.4252,0.1611,-0.0827,0.2249,-0.04,-0.0582,0.225,-0.0153,-0.0956,0.4352,0.0454,-0.0956,0.4252,0.1554,-0.0956,0.4252,0.0454,-0.0556,0.1652,-0.0128,-0.0606,0.2346,0.1409,-0.0834,0.2399,0.1542,-0.0614,0.225,0.034,-0.0614,0.225,0.0261,-0.0724,0.225,0.0261,-0.0797,0.225,0.0576,-0.0858,0.225,0.0593,-0.0797,0.225,0.0576
,-0.1022,0.225,-0.0931,-0.1036,0.2051,-0.1162,-0.1049,0.2053,-0.0924,-0.0592,0.225,0.1401,-0.0145,0.225,-0.236,-0.0267,0.2051,-0.2377,-0.0286,0.225,-0.2313,-0.0968,0.225,-0.1414,-0.1036,0.2051,-0.1162,-0.1003,0.225,-0.1157,-0.0915,0.1649,-0.0936,-0.0884,0.1656,-0.0586,-0.1036,0.2051,-0.0695,-0.0843,0.2053,-0.0372,-0.0659,0.225,-0.2068,-0.0814,0.2054,-0.192,-0.0356,0.1655,-0.1912
,-0.0915,0.1649,-0.0936,-0.1036,0.2051,-0.1162,-0.0884,0.1656,-0.0586,-0.0467,0.1217,-0.0325,-0.0884,0.1656,-0.0586,-0.0827,0.1653,-0.1373,-0.052,0.112,-0.0682,-0.0915,0.1649,-0.0936,-0.0356,0.1655,-0.1912,-0.0467,0.1217,-0.0325,-0.0773,0.4252,0.1465,-0.0171,0.1056,-0.0153,-0.0835,0.4252,0.0463,-0.0356,0.1655,-0.1912,-0.016,0.107,0.0058,-0.0106,0.0814,0.018,-0.0116,0.082,-0.029
,-0.0116,0.082,-0.029,-0.0217,0.0928,0.0123,-0.0208,0.0923,-0.0251,-0.0797,0.225,0.0576,-0.0696,0.2552,0.1419,-0.0696,0.2552,0.0587,-0.016,0.107,0.0058,0,0.1221,0.0523,-0.0799,0.2359,0.0576,-0.0886,0.2391,0.0517,-0.0956,0.4352,0.1554,-0.0467,0.1217,-0.0325,-0.0171,0.1056,-0.0153,-0.0307,0.1037,-0.102,-0.0116,0.082,-0.029,-0.0171,0.1056,-0.0153,-0.016,0.107,0.0058
,0,0.4252,0.1002,-0.0696,0.2552,0.1419,-0.0106,0.0814,0.018,0,0.1221,0.0523,0,0.1221,0.0523,-0.0592,0.225,0.1401,-0.0903,0.1549,-0.0112,-0.0902,0.4386,0.0454,-0.0956,0.4352,0.0454,-0.1,0.225,-0.072,-0.1036,0.2051,-0.0695,-0.1036,0.2051,-0.0695,-0.0956,0.4352,0.0454,-0.0799,0.2359,0.0576,-0.0884,0.4252,0.1004,-0.0884,0.4252,0.1491,0,0.4252,0.1002
,-0.1003,0.225,-0.1157,-0.0933,0.2052,-0.1694,-0.0933,0.2052,-0.1694,0,0.4252,0.1002,-0.0902,0.4352,0.1611,-0.0902,0.4352,0.1611,-0.0309,0.2351,-0.2335,-0.1081,0.2269,-0.0105,-0.0625,0.2269,-0.0054,-0.0902,0.2269,-0.0302,-0.1306,0.2269,-0.1096,-0.1083,0.2269,-0.0875,-0.1084,0.2269,-0.1127,-0.0884,0.2269,-0.1944,-0.118,0.2269,-0.1791,-0.0982,0.2269,-0.1699,-0.1263,0.2269,-0.1448
,-0.1049,0.2269,-0.1416,-0.0222,0.2351,-0.0003,-0.0253,0.2335,-0.0278,-0.0172,0.2269,0.0236,-0.1254,0.2269,-0.0509,-0.1045,0.2269,-0.0644,-0.1304,0.2269,-0.0788,-0.0536,0.2269,-0.2311,-0.0887,0.2269,-0.2337,-0.0731,0.2269,-0.2147,-0.0645,0.2269,-0.1752,-0.0542,0.2335,-0.1896,-0.0526,0.2269,-0.1897,-0.1066,0.2269,-0.2089,-0.0883,0.2331,-0.2301,-0.1056,0.2331,-0.2061,-0.0721,0.2269,-0.1577
,-0.066,0.2335,-0.175,-0.0465,0.2269,-0.0367,-0.0238,0.2269,-0.0282,-0.0666,0.2269,-0.0561,-0.048,0.2335,-0.0363,-0.0682,0.2335,-0.0557,-0.0808,0.2335,-0.1166,-0.099,0.2351,-0.1401,-0.0786,0.2335,-0.1373,-0.1167,0.2331,-0.1772,-0.0737,0.2335,-0.1575,-0.0927,0.2351,-0.1662,-0.0402,0.2335,-0.2014,-0.0693,0.2351,-0.2075,-0.0513,0.2351,-0.2227,-0.1247,0.2331,-0.1438,-0.1289,0.2331,-0.1096
,-0.0244,0.2335,-0.2093,-0.0786,0.2335,-0.0817,-0.102,0.2351,-0.0901,-0.0809,0.2335,-0.0985,-0.1074,0.2331,-0.013,-0.0624,0.2352,-0.0049,-0.0873,0.2351,-0.0349,-0.0793,0.2269,-0.0988,-0.0793,0.2269,-0.1169,-0.0992,0.2351,-0.0685,-0.1286,0.2331,-0.0797,-0.077,0.2269,-0.1375,-0.0653,0.2331,-0.2497,-0.1239,0.2331,-0.0526,-0.0771,0.2269,-0.082,-0.0391,0.2331,-0.2642,-0.0387,0.2269,-0.2015
,-0.0229,0.2269,-0.2095,-0.0773,0.2331,0.0235,-0.0775,0.2269,0.0236,-0.0564,0.2331,0.0236,-0.1021,0.2351,-0.1135,-0.0381,0.2269,-0.2684,-0.0649,0.2269,-0.2537,-0.0315,0.2269,-0.2429,-0.0172,0.2331,0.0236,-0.0836,0.2351,-0.1888,-0.0564,0.2269,0.0236,-0.0521,0.2269,-0.0024,-0.1243,0.225,-0.0704,-0.0903,0.2065,0.0586,-0.0824,0.1778,0.059,-0.0903,0.2065,0.0586,-0.0773,0.4252,0.0541
,-0.0773,0.4252,0.1465,-0.0773,0.4252,0.0541,0,0.2452,0.1005,-0.0773,0.4252,0.0541,-0.0773,0.4252,0.1465,-0.0696,0.2552,0.1419,0,0.2452,0.1005,-0.0411,0,0.1194,-0.0278,0,0.1274,0,0,-0.0112,0,0,-0.0112,-0.0623,0,0.092,-0.0411,0,0.1194,-0.0564,0.2269,0.0331,-0.0201,0.2269,0.0008,-0.0774,0.2331,0.0331,-0.0774,0.2269,0.0331
,-0.0564,0.2331,0.0331,-0.0614,0.225,0.034,-0.0614,0.234,0.0261,-0.0614,0.225,0.0261,-0.0724,0.234,0.034,-0.0614,0.225,0.034,-0.0724,0.225,0.034,-0.0724,0.234,0.0261,-0.0724,0.225,0.0261,-0.0614,0.225,0.0261,-0.0724,0.225,0.034,-0.0797,0.225,0.0576,-0.0912,0.2269,-0.1666,-0.0975,0.225,-0.1439,-0.0974,0.2269,-0.1405,-0.0809,0.225,-0.1921,-0.0819,0.2269,-0.1892
,-0.0292,0.2269,-0.2339,-0.0496,0.2269,-0.2231,-0.0675,0.2269,-0.2079,-0.0971,0.2269,-0.0691,-0.1005,0.2269,-0.0905,-0.1005,0.2269,-0.1139,-0.1074,0.225,-0.0907,-0.0338,0.225,-0.2405,-0.0583,0.2269,-0.0137,-0.0838,0.2269,-0.0372,-0.0475,0.225,-0.2254,-0.0507,0.2269,-0.0112,-0.0212,0.2269,-0.0072,-0.07,0.225,-0.2064,-0.0858,0.225,-0.1961,-0.032,0.225,-0.2336,-0.0506,0.225,-0.2315
,-0.102,0.225,-0.061,-0.0862,0.225,-0.0402,-0.0963,0.225,-0.0646,-0.0928,0.225,-0.1638,-0.1033,0.225,-0.1447,-0.1075,0.225,-0.11,-0.1014,0.225,-0.093,-0.1015,0.225,-0.1108,-0.0247,0.225,-0.0067,-0.0483,0.225,-0.003,-0.0239,0.225,-0.0006,-0.0742,0.225,-0.2116,-0.0911,0.225,-0.0349,-0.0472,0.225,-0.0097,-0.0981,0.225,-0.1663,0,0,-0.0112,0.1199,0.1785,-0.0705
,0.0568,0.1548,0.1013,0.0592,0.225,0.1401,0.1306,0.2065,-0.0705,0.1133,0.0228,-0.0704,0.1164,0,-0.0705,0.1043,0,-0.0112,0.0824,0.1778,0.059,0.1093,0.0273,-0.0704,0.1133,0.0228,-0.0704,0.1005,0.1548,-0.0702,0.1243,0.225,-0.0704,0,0,-0.0112,0.1005,0.1548,-0.0702,0.1199,0.1785,-0.0705,0.0754,0.0365,0.0581,0.1082,0.0365,-0.0705,0.1093,0.0273,-0.0704
,0.052,0.112,-0.0682,0.0145,0.225,-0.236,0.0568,0.1548,0.1013,0.0708,0.1549,0.0597,0.0681,0,-0.2131,0.0278,0,-0.2391,0.091,0.225,-0.1667,0.0968,0.225,-0.1414,0.1164,0,-0.0705,0.0811,0.0229,0.0588,0.1144,0,-0.1171,0.1043,0,-0.0112,0.0903,0.1549,-0.0112,0,0,0.1318,0.0915,0.1649,-0.0936,0.0827,0.1653,-0.1373,0.0902,0.4352,0.0393
,0.0956,0.4352,0.1554,0.0797,0.225,0.0576,0.0797,0.225,0.0576,0.0724,0.225,0.034,0.0858,0.225,0.0593,0.0145,0.225,-0.236,0.0286,0.225,-0.2313,0.0968,0.225,-0.1414,0.1003,0.225,-0.1157,0.1036,0.2051,-0.1162,0.0267,0.2051,-0.2377,0.0467,0.1217,-0.0325,0.0267,0.2051,-0.2377,0.0884,0.1656,-0.0586,0.0467,0.1217,-0.0325,0.052,0.112,-0.0682,0.0356,0.1655,-0.1912
,0.0307,0.1037,-0.102,0.0116,0.082,-0.029,0.0106,0.0814,0.018,0.0797,0.225,0.0576,0.0799,0.2359,0.0576,0.0467,0.1217,-0.0325,0.0171,0.1056,-0.0153,0.0307,0.1037,-0.102,0.0116,0.082,-0.029,0.052,0.112,-0.0682,0.0171,0.1056,-0.0153,0.016,0.107,0.0058,0.0902,0.4352,0.0393,0.0696,0.2552,0.1419,0.0708,0.1549,0.0597,0.0903,0.1549,-0.0112,0.1,0.225,-0.072
,0.1036,0.2051,-0.0695,0.0956,0.4352,0.0454,0.0799,0.2359,0.0576,0.0356,0.1655,-0.1912,0.0933,0.2052,-0.1694,0.0902,0.4352,0.1611,0.0956,0.4352,0.1554,0.0902,0.4352,0.1611,0.1,0.225,-0.072,0.1243,0.225,-0.0704,0.1306,0.2065,-0.0705,0.0903,0.2065,0.0586,0.0592,0.225,0.1401,0.0696,0.2552,0.0587,0.0773,0.4252,0.0541,0.0773,0.4252,0.0541,0.0773,0.4252,0.1465
,0.0773,0.4252,0.1465,0.0773,0.4252,0.0541,0.0614,0.225,0.034,0.0614,0.225,0.034,0.0724,0.225,0.0261,0.0614,0.225,0.0261,0.0724,0.225,0.0261,0.0724,0.225,0.034,0.0797,0.225,0.0576,0.0724,0.225,0.034,-0.0278,0,-0.2391,-0.0568,0.1548,0.1013,-0.1199,0.1785,-0.0705,-0.1043,0,-0.0112,-0.1164,0,-0.0705,-0.1133,0.0228,-0.0704,-0.0708,0.1549,0.0597
,-0.0824,0.1778,0.059,-0.1133,0.0228,-0.0704,-0.1093,0.0273,-0.0704,-0.1243,0.225,-0.0704,0,0,-0.0112,-0.0754,0.0365,0.0581,-0.0592,0.225,0.1401,-0.1093,0.0273,-0.0704,-0.1082,0.0365,-0.0705,-0.0708,0.1549,0.0597,-0.0568,0.1548,0.1013,-0.0681,0,-0.2131,-0.0773,0.0271,0.0586,-0.091,0.225,-0.1667,-0.1164,0,-0.0705,-0.1005,0.1548,-0.0702,-0.0811,0.0229,0.0588
,-0.1144,0,-0.1171,-0.1043,0,-0.0112,-0.1005,0.1548,-0.0702,-0.0903,0.1549,-0.0112,0,0,0.1318,-0.0827,0.1653,-0.1373,-0.0915,0.1649,-0.0936,-0.0902,0.4352,0.0393,-0.0956,0.4352,0.1554,-0.0724,0.225,0.034,-0.0797,0.225,0.0576,-0.0858,0.225,0.0593,-0.1003,0.225,-0.1157,-0.0145,0.225,-0.236,-0.0968,0.225,-0.1414,-0.1036,0.2051,-0.1162,-0.0267,0.2051,-0.2377
,-0.0467,0.1217,-0.0325,-0.0267,0.2051,-0.2377,-0.0884,0.1656,-0.0586,-0.0467,0.1217,-0.0325,-0.0307,0.1037,-0.102,-0.0356,0.1655,-0.1912,-0.0116,0.082,-0.029,-0.0106,0.0814,0.018,-0.0799,0.2359,0.0576,-0.0797,0.225,0.0576,-0.0467,0.1217,-0.0325,-0.0307,0.1037,-0.102,-0.0116,0.082,-0.029,-0.0171,0.1056,-0.0153,-0.0902,0.4352,0.0393,-0.0696,0.2552,0.1419,-0.1003,0.225,-0.1157
,-0.0592,0.225,0.1401,-0.0903,0.1549,-0.0112,-0.0708,0.1549,0.0597,-0.1,0.225,-0.072,-0.0956,0.4352,0.0454,-0.0799,0.2359,0.0576,-0.0356,0.1655,-0.1912,-0.0933,0.2052,-0.1694,-0.0956,0.4352,0.1554,-0.0902,0.4352,0.1611,-0.0902,0.4352,0.1611,-0.1,0.225,-0.072,-0.1306,0.2065,-0.0705,-0.1243,0.225,-0.0704,-0.0903,0.2065,0.0586,-0.0592,0.225,0.1401,-0.0773,0.4252,0.0541
,-0.0696,0.2552,0.0587,-0.0773,0.4252,0.0541,-0.0773,0.4252,0.1465,-0.0773,0.4252,0.0541,-0.0614,0.225,0.034,-0.0614,0.234,0.034,-0.0614,0.225,0.034,-0.0724,0.225,0.0261,-0.0724,0.225,0.0261,-0.0614,0.225,0.0261,-0.0724,0.225,0.034,-0.0797,0.225,0.0576,-0.0724,0.225,0.034]
,"normals":[0.414,-0.233,0.88,0,-0.209,0.978,0,-0.259,0.966,0.393,-0.133,0.91,0,-0.081,0.997,0.818,0.44,-0.37,0.688,0.123,-0.715,0.63,0.448,-0.634,0,-0.606,-0.796,0.531,-0.617,-0.581,0.299,-0.613,-0.732,-0.014,0.678,0.735,0.487,0.723,0.49,0.242,0.735,0.633,0.72,0.633,-0.284,0.517,0.708,-0.48,0.329,-0.51,-0.795
,0.547,-0.637,-0.543,0.909,-0.104,-0.404,0.671,-0.134,-0.729,0.235,0.717,-0.657,-0.168,0.632,0.757,0,0.704,-0.711,0.347,0.493,-0.798,0,0.122,-0.992,0,0.516,-0.856,0.899,0.422,-0.119,0.899,0.132,-0.417,0.913,0.402,0.073,0.908,0.396,-0.135,0.833,-0.541,-0.112,0.992,-0.023,0.121,0.989,-0.061,-0.134,0.808,-0.14,0.573
,0.873,0.012,0.487,0.719,-0.149,0.678,0.946,-0.015,0.323,0.876,-0.418,0.24,0.893,-0.342,0.292,0.51,0.09,0.856,0.709,-0.612,-0.351,0.599,0.442,-0.667,0.531,-0.617,-0.581,0.813,-0.185,0.552,0.957,0.004,0.289,0.866,-0.492,0.09,0.488,0.723,-0.49,0,-1,0,0.732,-0.656,0.182,0.772,-0.633,0.062,0.623,0.335,0.707
,0.259,-0.664,0.702,0.317,0.367,0.875,0.913,0.402,0.073,0.732,-0.656,0.182,0.898,0.381,0.219,0.852,-0.381,-0.361,0.739,-0.596,-0.314,0,-0.646,-0.763,0.337,-0.144,-0.93,0,-0.15,-0.989,0.942,-0.249,0.224,0.931,-0.217,0.294,0.917,-0.219,0.335,0.893,-0.342,0.292,0.931,-0.217,0.294,0.606,-0.677,0.418,0.849,0.372,0.375
,0.696,-0.647,0.311,0.906,0.417,0.074,0.983,0.121,-0.135,0.906,0.417,0.074,0.891,0.397,0.218,0,-1,0,0,-0.673,0.739,0.259,-0.664,0.702,0.778,0.344,0.527,0.504,-0.66,0.558,0.992,0.098,0.076,0.934,-0.332,-0.136,0.967,0.094,0.237,0.815,0.44,0.376,0.909,0.112,0.402,0.353,-0.213,0.911,0.679,0.285,0.676
,0.335,0.361,0.87,0.613,0.75,-0.249,-0.697,0.688,-0.2,0.569,0.804,0.176,-0.001,1,0,0.035,0.828,0.56,0.878,-0.305,0.37,0.696,-0.176,0.696,0,-1,0,0.763,-0.635,-0.115,0.709,-0.612,-0.351,0.866,-0.492,0.09,0.794,0.355,0.493,0.909,0.112,0.402,0.815,0.44,0.376,-0.678,0.229,0.698,-0.565,0.671,0.48
,-0.515,0.248,0.82,0.01,0.635,0.772,0.333,-0.812,0.48,0.992,0.098,0.076,-0.777,0.569,0.27,-0.378,0.861,0.34,0,-1,0,0.606,-0.677,0.418,0.275,-0.65,-0.708,0,0.628,0.778,-0.191,0.265,0.945,0,0.269,0.963,0.387,0.121,-0.914,0,-0.478,-0.878,0,-1,0,0.709,-0.612,-0.351,0.27,-0.079,0.96
,0.931,-0.217,0.294,0.909,0.112,0.402,0,0.854,0.52,0.143,0.21,0.967,0,0.246,0.969,0,0.591,0.806,0.331,0.47,-0.818,0.531,-0.617,-0.581,0.299,-0.613,-0.732,0.647,-0.434,-0.627,0,-1,0,0.815,0.44,0.376,0,0.405,0.914,0,0.381,0.925,0.299,-0.613,-0.732,0,0.481,-0.877,0,-0.606,-0.796
,-0.692,0.681,0.24,-0.734,0.665,0.137,0,-0.03,1,0.599,0.774,0.203,0.743,0.099,0.661,0.291,0.929,-0.228,-0.417,0.655,0.63,0.917,-0.219,0.335,-0.692,0.681,0.24,-0.972,0.129,0.194,-0.916,0.177,0.359,-0.601,0.566,0.564,0,0.732,0.681,-0.311,0.905,0.289,0.359,-0.464,-0.81,0.772,-0.633,0.062,0.763,-0.635,-0.115
,-0.176,0.656,-0.734,-0.535,-0.057,-0.843,-0.4,0.691,-0.602,0.95,-0.307,0.062,-0.622,0.678,0.392,0.819,0.409,-0.403,0.849,0.372,0.375,0.763,-0.635,-0.115,0.849,0.372,0.375,0.992,0.098,0.076,0.619,0.783,-0.067,0,0.967,0.254,0.353,0.443,0.824,0,0.504,0.864,0.599,0.774,0.203,0,-1,0,0.33,-0.629,-0.704
,0,-0.699,-0.715,0.512,0.706,0.489,0.72,0.632,0.287,0.791,-0.542,0.285,0,-0.673,0.739,-0.777,0.569,0.27,0.874,-0.08,0.48,0,0.513,-0.858,-0.312,0.635,0.707,0.361,0.45,-0.817,0,0.97,-0.243,0,0.513,-0.858,0,0.628,0.778,0,0.666,-0.746,-0.237,-0.068,-0.969,0,-1,0,0,-0.699,0.715
,0.32,-0.631,0.707,-0.585,0.682,-0.44,0.72,-0.633,0.286,0.845,0.438,-0.307,0.722,-0.635,-0.276,-0.536,0.28,-0.797,0.387,-0.597,0.703,-0.236,0.943,-0.236,-0.236,0.943,0.236,0.236,0.943,-0.236,0.599,0.774,0.203,0.291,0.929,-0.228,-0.736,0.676,-0.012,-0.989,0.099,0.114,-0.753,0.653,0.083,-0.013,0.685,0.728,0.743,0.099,0.661
,-0.168,0.632,0.757,-0.359,0.265,0.895,0,-0.103,-0.995,0,0.249,-0.968,-0.734,0.665,0.137,-0.989,0.099,0.114,-0.876,0.481,0.045,-0.996,0.088,-0.012,-0.863,0.392,-0.319,-0.962,0.051,-0.267,0,0.084,-0.996,-0.824,0.199,0.531,-0.542,0.664,0.515,-0.272,0.751,0.601,-0.989,0.099,0.114,-0.876,0.481,0.045,-0.653,0.473,-0.591
,-0.863,0.392,-0.319,-0.863,0.392,-0.319,-0.799,0.011,-0.601,-0.777,0.569,0.27,-0.876,0.481,0.045,-0.704,0.71,-0.012,-0.272,0.751,0.601,-0.704,0.71,-0.012,0,0.699,0.716,-0.312,0.905,-0.289,0.317,0.632,0.707,-0.741,-0.403,-0.538,-0.653,0.473,-0.591,0,0.7,-0.714,0.324,0.63,-0.706,-0.272,0.751,0.601,0,0.892,0.452
