{"producer":{"name":"Blender","version":"2.79 (sub 0)","exporter_version":"5.6.4","file":"animatedToilet01.babylon"},
"autoClear":true,"clearColor":[0.0509,0.0509,0.0509],"ambientColor":[0,0,0],"gravity":[0,-9.81,0],
"materials":[],
"multiMaterials":[],
"skeletons":[{"name":"toiletArmature","id":0,"dimensionsAtRest":[0,0.8865,0.6307],"bones":[
{"name":"ROOT","index":0,"matrix":[1,0,0,0,0,0,-1,0,0,-1,0,0,0,0,0,1],"rest":[1,0,0,0,0,0,-1,0,0,-1,0,0,0,0,0,1],"parentBoneIndex":-1,"length":0.3193
,"animation":{"dataType":3,"framePerSecond":60,"keys":[
{"frame":1,"values":[1,0,0,0,0,0,-1,0,0,-1,0,0,0,0,0,1]},
{"frame":3,"values":[1,0,0,0,0,0,-1,0,0,-1,0,0,0,0,0,1]},
{"frame":11,"values":[1,0,0,0,0,0,-1,0,0,-1,0,0,0,0,0,1]},
{"frame":13,"values":[1,0,0,0,0,0,-1,0,0,-1,0,0,0,0,0,1]},
{"frame":21,"values":[1,0,0,0,0,0,-1,0,0,-1,0,0,0,0,0,1]},
{"frame":80,"values":[1,0,0,0,0,0,-1,0,0,-1,0,0,0,0,0,1]},
{"frame":91,"values":[1,0,0,0,0,0,-1,0,0,-1,0,0,0,0,0,1]},
{"frame":150,"values":[1,0,0,0,0,0,-1,0,0,-1,0,0,0,0,0,1]},
{"frame":161,"values":[1,0,0,0,0,0,-1,0,0,-1,0,0,0,0,0,1]},
{"frame":163,"values":[1,0,0,0,0,0,-1,0,0,-1,0,0,0,0,0,1]}],"loopBehavior":1,"name":"anim","property":"_matrix"}},
{"name":"toilet","index":1,"matrix":[1,0,0,0,0,1,0,0,0,0,1,0,0,0,-0.2874,1],"rest":[1,0,0,0,0,1,0,0,0,0,1,0,0,0,-0.2874,1],"parentBoneIndex":0,"length":0.3193
,"animation":{"dataType":3,"framePerSecond":60,"keys":[
{"frame":1,"values":[1,0,0,0,0,1,0,0,0,0,1,0,0,0,-0.2874,1]},
{"frame":3,"values":[1,0,0,0,0,1,0,0,0,0,1,0,0,0,-0.2874,1]},
{"frame":11,"values":[1,0,0,0,0,1,0,0,0,0,1,0,0,0,-0.2874,1]},
{"frame":13,"values":[1,0,0,0,0,1,0,0,0,0,1,0,0,0,-0.2874,1]},
{"frame":21,"values":[1,0,0,0,0,1,0,0,0,0,1,0,0,0,-0.2874,1]},
{"frame":80,"values":[1,0,0,0,0,1,0,0,0,0,1,0,0,0,-0.2874,1]},
{"frame":91,"values":[1,0,0,0,0,1,0,0,0,0,1,0,0,0,-0.2874,1]},
{"frame":150,"values":[1,0,0,0,0,1,0,0,0,0,1,0,0,0,-0.2874,1]},
{"frame":161,"values":[1,0,0,0,0,1,0,0,0,0,1,0,0,0,-0.2874,1]},
{"frame":163,"values":[1,0,0,0,0,1,0,0,0,0,1,0,0,0,-0.2874,1]}],"loopBehavior":1,"name":"anim","property":"_matrix"}},
{"name":"toiletSeat","index":2,"matrix":[1,0,0,0,0,1,0,0,0,0,1,0,0,-0.0479,-0.0798,1],"rest":[1,0,0,0,0,1,0,0,0,0,1,0,0,-0.0479,-0.0798,1],"parentBoneIndex":1,"length":0.4789
,"animation":{"dataType":3,"framePerSecond":60,"keys":[
{"frame":1,"values":[1,0,0,0,0,1,0,0,0,0,1,0,0,-0.0479,-0.0798,1]},
{"frame":3,"values":[1,0,0,0,0,1,0,0,0,0,1,0,0,-0.0479,-0.0798,1]},
{"frame":11,"values":[1,0,0,0,0,0,-1,0,0,1,0,0,0,-0.0479,-0.0798,1]},
{"frame":13,"values":[1,0,0,0,0,0,-1,0,0,1,0,0,0,-0.0479,-0.0798,1]},
{"frame":21,"values":[1,0,0,0,0,0,-1,0,0,1,0,0,0,-0.0479,-0.0798,1]},
{"frame":22,"values":[1,0,0,0,0,0.0009,-1,0,0,1,0.0009,0,0,-0.0479,-0.0798,1]},
{"frame":23,"values":[1,0,0,0,0,0.0036,-1,0,0,1,0.0036,0,0,-0.0479,-0.0798,1]},
{"frame":24,"values":[1,0,0,0,0,0.0081,-1,0,0,1,0.0081,0,0,-0.0479,-0.0798,1]},
{"frame":25,"values":[1,0,0,0,0,0.0144,-0.9999,0,0,0.9999,0.0144,0,0,-0.0479,-0.0798,1]},
{"frame":26,"values":[1,0,0,0,0,0.0226,-0.9997,0,0,0.9997,0.0226,0,0,-0.0479,-0.0798,1]},
{"frame":27,"values":[1,0,0,0,0,0.0326,-0.9995,0,0,0.9995,0.0326,0,0,-0.0479,-0.0798,1]},
{"frame":28,"values":[1,0,0,0,0,0.0446,-0.999,0,0,0.999,0.0446,0,0,-0.0479,-0.0798,1]},
{"frame":29,"values":[1,0,0,0,0,0.0584,-0.9983,0,0,0.9983,0.0584,0,0,-0.0479,-0.0798,1]},
{"frame":30,"values":[1,0,0,0,0,0.0742,-0.9972,0,0,0.9972,0.0742,0,0,-0.0479,-0.0798,1]},
{"frame":31,"values":[1,0,0,0,0,0.0919,-0.9958,0,0,0.9958,0.0919,0,0,-0.0479,-0.0798,1]},
{"frame":32,"values":[1,0,0,0,0,0.1115,-0.9938,0,0,0.9938,0.1115,0,0,-0.0479,-0.0798,1]},
{"frame":33,"values":[1,0,0,0,0,0.133,-0.9911,0,0,0.9911,0.133,0,0,-0.0479,-0.0798,1]},
{"frame":34,"values":[1,0,0,0,0,0.1564,-0.9877,0,0,0.9877,0.1564,0,0,-0.0479,-0.0798,1]},
{"frame":35,"values":[1,0,0,0,0,0.1816,-0.9834,0,0,0.9834,0.1816,0,0,-0.0479,-0.0798,1]},
{"frame":36,"values":[1,0,0,0,0,0.2086,-0.978,0,0,0.978,0.2086,0,0,-0.0479,-0.0798,1]},
{"frame":37,"values":[1,0,0,0,0,0.2374,-0.9714,0,0,0.9714,0.2374,0,0,-0.0479,-0.0798,1]},
{"frame":38,"values":[1,0,0,0,0,0.2677,-0.9635,0,0,0.9635,0.2677,0,0,-0.0479,-0.0798,1]},
{"frame":39,"values":[1,0,0,0,0,0.2996,-0.9541,0,0,0.9541,0.2996,0,0,-0.0479,-0.0798,1]},
{"frame":40,"values":[1,0,0,0,0,0.3328,-0.943,0,0,0.943,0.3328,0,0,-0.0479,-0.0798,1]},
{"frame":41,"values":[1,0,0,0,0,0.3672,-0.9301,0,0,0.9301,0.3672,0,0,-0.0479,-0.0798,1]},
{"frame":42,"values":[1,0,0,0,0,0.4025,-0.9154,0,0,0.9154,0.4025,0,0,-0.0479,-0.0798,1]},
{"frame":43,"values":[1,0,0,0,0,0.4387,-0.8986,0,0,0.8986,0.4387,0,0,-0.0479,-0.0798,1]},
{"frame":44,"values":[1,0,0,0,0,0.4753,-0.8798,0,0,0.8798,0.4753,0,0,-0.0479,-0.0798,1]},
{"frame":45,"values":[1,0,0,0,0,0.5122,-0.8589,0,0,0.8589,0.5122,0,0,-0.0479,-0.0798,1]},
{"frame":46,"values":[1,0,0,0,0,0.5491,-0.8358,0,0,0.8358,0.5491,0,0,-0.0479,-0.0798,1]},
{"frame":47,"values":[1,0,0,0,0,0.5856,-0.8106,0,0,0.8106,0.5856,0,0,-0.0479,-0.0798,1]},
{"frame":48,"values":[1,0,0,0,0,0.6216,-0.7833,0,0,0.7833,0.6216,0,0,-0.0479,-0.0798,1]},
{"frame":49,"values":[1,0,0,0,0,0.6567,-0.7542,0,0,0.7542,0.6567,0,0,-0.0479,-0.0798,1]},
{"frame":50,"values":[1,0,0,0,0,0.6906,-0.7232,0,0,0.7232,0.6906,0,0,-0.0479,-0.0798,1]},
{"frame":51,"values":[1,0,0,0,0,0.7232,-0.6906,0,0,0.6906,0.7232,0,0,-0.0479,-0.0798,1]},
{"frame":52,"values":[1,0,0,0,0,0.7542,-0.6567,0,0,0.6567,0.7542,0,0,-0.0479,-0.0798,1]},
{"frame":53,"values":[1,0,0,0,0,0.7833,-0.6216,0,0,0.6216,0.7833,0,0,-0.0479,-0.0798,1]},
{"frame":54,"values":[1,0,0,0,0,0.8106,-0.5856,0,0,0.5856,0.8106,0,0,-0.0479,-0.0798,1]},
{"frame":55,"values":[1,0,0,0,0,0.8358,-0.5491,0,0,0.5491,0.8358,0,0,-0.0479,-0.0798,1]},
{"frame":56,"values":[1,0,0,0,0,0.8589,-0.5122,0,0,0.5122,0.8589,0,0,-0.0479,-0.0798,1]},
{"frame":57,"values":[1,0,0,0,0,0.8798,-0.4753,0,0,0.4753,0.8798,0,0,-0.0479,-0.0798,1]},
{"frame":58,"values":[1,0,0,0,0,0.8986,-0.4387,0,0,0.4387,0.8986,0,0,-0.0479,-0.0798,1]},
{"frame":59,"values":[1,0,0,0,0,0.9154,-0.4025,0,0,0.4025,0.9154,0,0,-0.0479,-0.0798,1]},
{"frame":60,"values":[1,0,0,0,0,0.9301,-0.3672,0,0,0.3672,0.9301,0,0,-0.0479,-0.0798,1]},
{"frame":61,"values":[1,0,0,0,0,0.943,-0.3328,0,0,0.3328,0.943,0,0,-0.0479,-0.0798,1]},
{"frame":62,"values":[1,0,0,0,0,0.9541,-0.2996,0,0,0.2996,0.9541,0,0,-0.0479,-0.0798,1]},
{"frame":63,"values":[1,0,0,0,0,0.9635,-0.2677,0,0,0.2677,0.9635,0,0,-0.0479,-0.0798,1]},
{"frame":64,"values":[1,0,0,0,0,0.9714,-0.2374,0,0,0.2374,0.9714,0,0,-0.0479,-0.0798,1]},
{"frame":65,"values":[1,0,0,0,0,0.978,-0.2086,0,0,0.2086,0.978,0,0,-0.0479,-0.0798,1]},
{"frame":66,"values":[1,0,0,0,0,0.9834,-0.1816,0,0,0.1816,0.9834,0,0,-0.0479,-0.0798,1]},
{"frame":67,"values":[1,0,0,0,0,0.9877,-0.1564,0,0,0.1564,0.9877,0,0,-0.0479,-0.0798,1]},
{"frame":68,"values":[1,0,0,0,0,0.9911,-0.133,0,0,0.133,0.9911,0,0,-0.0479,-0.0798,1]},
{"frame":69,"values":[1,0,0,0,0,0.9938,-0.1115,0,0,0.1115,0.9938,0,0,-0.0479,-0.0798,1]},
{"frame":70,"values":[1,0,0,0,0,0.9958,-0.0919,0,0,0.0919,0.9958,0,0,-0.0479,-0.0798,1]},
{"frame":71,"values":[1,0,0,0,0,0.9972,-0.0742,0,0,0.0742,0.9972,0,0,-0.0479,-0.0798,1]},
{"frame":72,"values":[1,0,0,0,0,0.9983,-0.0584,0,0,0.0584,0.9983,0,0,-0.0479,-0.0798,1]},
{"frame":73,"values":[1,0,0,0,0,0.999,-0.0446,0,0,0.0446,0.999,0,0,-0.0479,-0.0798,1]},
{"frame":74,"values":[1,0,0,0,0,0.9995,-0.0326,0,0,0.0326,0.9995,0,0,-0.0479,-0.0798,1]},
{"frame":75,"values":[1,0,0,0,0,0.9997,-0.0226,0,0,0.0226,0.9997,0,0,-0.0479,-0.0798,1]},
{"frame":76,"values":[1,0,0,0,0,0.9999,-0.0144,0,0,0.0144,0.9999,0,0,-0.0479,-0.0798,1]},
{"frame":77,"values":[1,0,0,0,0,1,-0.0081,0,0,0.0081,1,0,0,-0.0479,-0.0798,1]},
{"frame":78,"values":[1,0,0,0,0,1,-0.0036,0,0,0.0036,1,0,0,-0.0479,-0.0798,1]},
{"frame":79,"values":[1,0,0,0,0,1,-0.0009,0,0,0.0009,1,0,0,-0.0479,-0.0798,1]},
{"frame":80,"values":[1,0,0,0,0,1,0,0,0,0,1,0,0,-0.0479,-0.0798,1]},
{"frame":91,"values":[1,0,0,0,0,1,0,0,0,0,1,0,0,-0.0479,-0.0798,1]},
{"frame":92,"values":[1,0,0,0,0,1,-0.0009,0,0,0.0009,1,0,0,-0.0479,-0.0798,1]},
{"frame":93,"values":[1,0,0,0,0,1,-0.0036,0,0,0.0036,1,0,0,-0.0479,-0.0798,1]},
{"frame":94,"values":[1,0,0,0,0,1,-0.0081,0,0,0.0081,1,0,0,-0.0479,-0.0798,1]},
{"frame":95,"values":[1,0,0,0,0,0.9999,-0.0144,0,0,0.0144,0.9999,0,0,-0.0479,-0.0798,1]},
{"frame":96,"values":[1,0,0,0,0,0.9997,-0.0226,0,0,0.0226,0.9997,0,0,-0.0479,-0.0798,1]},
{"frame":97,"values":[1,0,0,0,0,0.9995,-0.0326,0,0,0.0326,0.9995,0,0,-0.0479,-0.0798,1]},
{"frame":98,"values":[1,0,0,0,0,0.999,-0.0446,0,0,0.0446,0.999,0,0,-0.0479,-0.0798,1]},
{"frame":99,"values":[1,0,0,0,0,0.9983,-0.0584,0,0,0.0584,0.9983,0,0,-0.0479,-0.0798,1]},
{"frame":100,"values":[1,0,0,0,0,0.9972,-0.0742,0,0,0.0742,0.9972,0,0,-0.0479,-0.0798,1]},
{"frame":101,"values":[1,0,0,0,0,0.9958,-0.0919,0,0,0.0919,0.9958,0,0,-0.0479,-0.0798,1]},
{"frame":102,"values":[1,0,0,0,0,0.9938,-0.1115,0,0,0.1115,0.9938,0,0,-0.0479,-0.0798,1]},
{"frame":103,"values":[1,0,0,0,0,0.9911,-0.133,0,0,0.133,0.9911,0,0,-0.0479,-0.0798,1]},
{"frame":104,"values":[1,0,0,0,0,0.9877,-0.1564,0,0,0.1564,0.9877,0,0,-0.0479,-0.0798,1]},
{"frame":105,"values":[1,0,0,0,0,0.9834,-0.1816,0,0,0.1816,0.9834,0,0,-0.0479,-0.0798,1]},
{"frame":106,"values":[1,0,0,0,0,0.978,-0.2086,0,0,0.2086,0.978,0,0,-0.0479,-0.0798,1]},
{"frame":107,"values":[1,0,0,0,0,0.9714,-0.2374,0,0,0.2374,0.9714,0,0,-0.0479,-0.0798,1]},
{"frame":108,"values":[1,0,0,0,0,0.9635,-0.2677,0,0,0.2677,0.9635,0,0,-0.0479,-0.0798,1]},
{"frame":109,"values":[1,0,0,0,0,0.9541,-0.2996,0,0,0.2996,0.9541,0,0,-0.0479,-0.0798,1]},
{"frame":110,"values":[1,0,0,0,0,0.943,-0.3328,0,0,0.3328,0.943,0,0,-0.0479,-0.0798,1]},
{"frame":111,"values":[1,0,0,0,0,0.9301,-0.3672,0,0,0.3672,0.9301,0,0,-0.0479,-0.0798,1]},
{"frame":112,"values":[1,0,0,0,0,0.9154,-0.4025,0,0,0.4025,0.9154,0,0,-0.0479,-0.0798,1]},
{"frame":113,"values":[1,0,0,0,0,0.8986,-0.4387,0,0,0.4387,0.8986,0,0,-0.0479,-0.0798,1]},
{"frame":114,"values":[1,0,0,0,0,0.8798,-0.4753,0,0,0.4753,0.8798,0,0,-0.0479,-0.0798,1]},
{"frame":115,"values":[1,0,0,0,0,0.8589,-0.5122,0,0,0.5122,0.8589,0,0,-0.0479,-0.0798,1]},
{"frame":116,"values":[1,0,0,0,0,0.8358,-0.5491,0,0,0.5491,0.8358,0,0,-0.0479,-0.0798,1]},
{"frame":117,"values":[1,0,0,0,0,0.8106,-0.5856,0,0,0.5856,0.8106,0,0,-0.0479,-0.0798,1]},
{"frame":118,"values":[1,0,0,0,0,0.7833,-0.6216,0,0,0.6216,0.7833,0,0,-0.0479,-0.0798,1]},
{"frame":119,"values":[1,0,0,0,0,0.7542,-0.6567,0,0,0.6567,0.7542,0,0,-0.0479,-0.0798,1]},
{"frame":120,"values":[1,0,0,0,0,0.7232,-0.6906,0,0,0.6906,0.7232,0,0,-0.0479,-0.0798,1]},
{"frame":121,"values":[1,0,0,0,0,0.6906,-0.7232,0,0,0.7232,0.6906,0,0,-0.0479,-0.0798,1]},
{"frame":122,"values":[1,0,0,0,0,0.6567,-0.7542,0,0,0.7542,0.6567,0,0,-0.0479,-0.0798,1]},
{"frame":123,"values":[1,0,0,0,0,0.6216,-0.7833,0,0,0.7833,0.6216,0,0,-0.0479,-0.0798,1]},
{"frame":124,"values":[1,0,0,0,0,0.5856,-0.8106,0,0,0.8106,0.5856,0,0,-0.0479,-0.0798,1]},
{"frame":125,"values":[1,0,0,0,0,0.5491,-0.8358,0,0,0.8358,0.5491,0,0,-0.0479,-0.0798,1]},
{"frame":126,"values":[1,0,0,0,0,0.5122,-0.8589,0,0,0.8589,0.5122,0,0,-0.0479,-0.0798,1]},
{"frame":127,"values":[1,0,0,0,0,0.4753,-0.8798,0,0,0.8798,0.4753,0,0,-0.0479,-0.0798,1]},
{"frame":128,"values":[1,0,0,0,0,0.4387,-0.8986,0,0,0.8986,0.4387,0,0,-0.0479,-0.0798,1]},
{"frame":129,"values":[1,0,0,0,0,0.4025,-0.9154,0,0,0.9154,0.4025,0,0,-0.0479,-0.0798,1]},
{"frame":130,"values":[1,0,0,0,0,0.3672,-0.9301,0,0,0.9301,0.3672,0,0,-0.0479,-0.0798,1]},
{"frame":131,"values":[1,0,0,0,0,0.3328,-0.943,0,0,0.943,0.3328,0,0,-0.0479,-0.0798,1]},
{"frame":132,"values":[1,0,0,0,0,0.2996,-0.9541,0,0,0.9541,0.2996,0,0,-0.0479,-0.0798,1]},
{"frame":133,"values":[1,0,0,0,0,0.2677,-0.9635,0,0,0.9635,0.2677,0,0,-0.0479,-0.0798,1]},
{"frame":134,"values":[1,0,0,0,0,0.2374,-0.9714,0,0,0.9714,0.2374,0,0,-0.0479,-0.0798,1]},
{"frame":135,"values":[1,0,0,0,0,0.2086,-0.978,0,0,0.978,0.2086,0,0,-0.0479,-0.0798,1]},
{"frame":136,"values":[1,0,0,0,0,0.1816,-0.9834,0,0,0.9834,0.1816,0,0,-0.0479,-0.0798,1]},
{"frame":137,"values":[1,0,0,0,0,0.1564,-0.9877,0,0,0.9877,0.1564,0,0,-0.0479,-0.0798,1]},
{"frame":138,"values":[1,0,0,0,0,0.133,-0.9911,0,0,0.9911,0.133,0,0,-0.0479,-0.0798,1]},
{"frame":139,"values":[1,0,0,0,0,0.1115,-0.9938,0,0,0.9938,0.1115,0,0,-0.0479,-0.0798,1]},
{"frame":140,"values":[1,0,0,0,0,0.0919,-0.9958,0,0,0.9958,0.0919,0,0,-0.0479,-0.0798,1]},
{"frame":141,"values":[1,0,0,0,0,0.0742,-0.9972,0,0,0.9972,0.0742,0,0,-0.0479,-0.0798,1]},
{"frame":142,"values":[1,0,0,0,0,0.0584,-0.9983,0,0,0.9983,0.0584,0,0,-0.0479,-0.0798,1]},
{"frame":143,"values":[1,0,0,0,0,0.0446,-0.999,0,0,0.999,0.0446,0,0,-0.0479,-0.0798,1]},
{"frame":144,"values":[1,0,0,0,0,0.0326,-0.9995,0,0,0.9995,0.0326,0,0,-0.0479,-0.0798,1]},
{"frame":145,"values":[1,0,0,0,0,0.0226,-0.9997,0,0,0.9997,0.0226,0,0,-0.0479,-0.0798,1]},
{"frame":146,"values":[1,0,0,0,0,0.0144,-0.9999,0,0,0.9999,0.0144,0,0,-0.0479,-0.0798,1]},
{"frame":147,"values":[1,0,0,0,0,0.0081,-1,0,0,1,0.0081,0,0,-0.0479,-0.0798,1]},
{"frame":148,"values":[1,0,0,0,0,0.0036,-1,0,0,1,0.0036,0,0,-0.0479,-0.0798,1]},
{"frame":149,"values":[1,0,0,0,0,0.0009,-1,0,0,1,0.0009,0,0,-0.0479,-0.0798,1]},
{"frame":150,"values":[1,0,0,0,0,0,-1,0,0,1,0,0,0,-0.0479,-0.0798,1]},
{"frame":161,"values":[1,0,0,0,0,1,0,0,0,0,1,0,0,-0.0479,-0.0798,1]},
{"frame":163,"values":[1,0,0,0,0,1,0,0,0,0,1,0,0,-0.0479,-0.0798,1]}],"loopBehavior":1,"name":"anim","property":"_matrix"}},
{"name":"toiletLid","index":3,"matrix":[1,0,0,0,0,1,0,0,0,0,1,0,0,-0.1996,-0.5991,1],"rest":[1,0,0,0,0,1,0,0,0,0,1,0,0,-0.1996,-0.5991,1],"parentBoneIndex":1,"length":0.1358
,"animation":{"dataType":3,"framePerSecond":60,"keys":[
{"frame":1,"values":[1,0,0,0,0,1,0,0,0,0,1,0,0,-0.1996,-0.5991,1]},
{"frame":3,"values":[1,0,0,0,0,1,0,0,0,0,1,0,0,-0.1996,-0.5991,1]},
{"frame":11,"values":[1,0,0,0,0,1,0,0,0,0,1,0,0,-0.1996,-0.5991,1]},
{"frame":13,"values":[1,0,0,0,0,1,0,0,0,0,1,0,0,-0.1996,-0.5991,1]},
{"frame":21,"values":[1,0,0,0,0,1,0,0,0,0,1,0,0,-0.1996,-0.5991,1]},
{"frame":80,"values":[1,0,0,0,0,1,0,0,0,0,1,0,0,-0.1996,-0.5991,1]},
{"frame":91,"values":[1,0,0,0,0,1,0,0,0,0,1,0,0,-0.1996,-0.5991,1]},
{"frame":150,"values":[1,0,0,0,0,1,0,0,0,0,1,0,0,-0.1996,-0.5991,1]},
{"frame":161,"values":[1,0,0,0,0,1,0,0,0,0,1,0,0,-0.1996,-0.5991,1]},
{"frame":163,"values":[1,0,0,0,0,1,0,0,0,0,1,0,0,-0.1996,-0.5991,1]}],"loopBehavior":1,"name":"anim","property":"_matrix"}}]
,"ranges":[{"name":"10_closed01","from":0,"to":3},{"name":"10_opened01","from":10,"to":13},{"name":"80_close01","from":20,"to":80},{"name":"80_open01","from":90,"to":150},{"name":"99_default","from":160,"to":163}]}],
"meshes":[{"name":"animatedToilet01","id":"animatedToilet01","billboardMode":0,"position":[0,0,0],"rotation":[0,0,0],"scaling":[1,1,1],"isVisible":true,"freezeWorldMatrix":false,"isEnabled":true,"checkCollisions":false,"receiveShadows":false,"pickable":true,"tags":"","skeletonId":0,"numBoneInfluencers":1
,"positions":[0.0511,0.1903,0.3022,0,0.0581,0.2439,0,0.1897,0.3083,0.0516,0.2473,0.3119,0,0.2473,0.3177,0.1825,0.0436,-0.3162,0.1259,0.0583,-0.3892,0.127,0.0434,-0.3917,0,0,-0.4693,0.1305,0,-0.4082,0.0533,0,-0.458,0.0809,0.3592,0.268,0.0928,0.3592,0.2896,0.0798,0.3591,0.2994,0.214,0.8788,0.0938,0.2079,0.8788,0.0886,0.2079,0.3895,0.0886
,0.1417,0.2851,-0.4341,0.2178,0.3298,-0.3619,0.152,0.3297,-0.4607,0.0618,0.3592,-0.507,0.0278,0.3592,-0.4522,0,0.3592,-0.5184,0.0519,0.0435,-0.4409,0,0.0583,-0.4497,0,0.0435,-0.4521,0.2075,0.0433,-0.2177,0.1803,0.0583,-0.3139,0.2171,0.0363,-0.1349,0.2138,0.0366,-0.2211,0.2255,0.2838,-0.2281,0.2502,0.3297,-0.1351,0.2473,0.3298,-0.2415,0.0805,0.0585,0.2197
,0.1089,0.2471,0.1941,0.1122,0.0586,0.1674,0.173,0.3297,0.1122,0.2009,0.2837,-0.0213,0.1579,0.2839,0.113,0.0787,0.3297,0.3097,0.1923,0,-0.328,0.1276,0.0366,-0.4022,0.1305,0,-0.4082,0.0726,0.2475,0.2912,0.2184,0.3297,-0.0215,0.2297,0.2849,-0.135,0.1509,0.3592,-0.4532,0,0,-0.0214,0.1998,0,-0.0214,0.2229,-0.0001,-0.135,0.0781,0.0366,0.2283
,0.0532,0,0.2441,0.0531,0.0365,0.244,0.2171,0.0363,-0.1349,0.1998,0,-0.0214,0.1949,0.0365,-0.0213,0.1646,0.2473,-0.2947,0.1995,0.2836,-0.3396,0,0.2841,-0.4977,0.0647,0.3297,-0.5109,0,0.3297,-0.5218,0.173,0.2474,-0.0215,0.1357,0.2473,0.1143,0.1089,0.2471,0.1941,0.1579,0.2839,0.113,0.1357,0.2473,0.1143,0.1194,0,0.1762,0.1554,0.0366,0.1126
,0.1593,0,0.1126,0.2094,0.0437,-0.1349,0.2047,0.0582,-0.2164,0.2094,0.0437,-0.1349,0.1879,0.0435,-0.0213,0,0,-0.0214,0,0,0.2525,0.0532,0,0.2441,0.1163,0.0361,0.1767,0.0787,0,0.2288,0.2072,0.0583,-0.135,0.1875,0.2473,-0.2054,0.1856,0.0583,-0.0214,0.1481,0.0433,0.1122,0.1445,0.0583,0.1113,0.0541,0.0579,0.2363,0.0782,0.0433,0.2195
,0.0531,0.0435,0.2352,0.2121,0.3592,-0.3552,0.0698,0.1899,0.2838,0.1916,0.3592,-0.1379,0.2064,0.3592,-0.0213,0.1714,0.3592,-0.0214,0.0534,0.3593,0.3003,0.1126,0.2844,0.2387,0.0774,0.2841,0.3024,0,0,-0.0214,0.2192,0,-0.2243,0.1923,0,-0.328,0.2297,0.2849,-0.135,0.113,0.0439,0.1683,0.1445,0.0583,0.1113,0.1481,0.0433,0.1122,0.128,0.3273,-0.4055
,0.1233,0.2635,-0.3278,0.0906,0.3279,-0.434,0.0531,0.3592,0.2675,0.116,0.3746,0.27,0.2072,0.0583,-0.135,0.1584,0.2639,-0.2629,0.0589,0.1656,-0.1954,0,0,-0.0214,0.1194,0,0.1762,0.0581,0.2842,-0.4864,0,0.3592,-0.4551,0.0257,0.3277,-0.4633,0,0.3275,-0.4664,0.0516,0.0583,-0.4384,0,0.2473,-0.4252,0,0,-0.0214,0.1923,0,-0.328
,0.0539,0.2839,0.3157,0.1357,0.2473,0.1143,0.1445,0.0583,0.1113,0,0.3593,0.2995,0.0533,0.3296,0.3169,0,0.3297,0.3181,0,0.3592,0.2665,0.0521,0.0365,-0.4514,0.1305,0,-0.4082,0.0533,0,-0.458,0.1125,0.2471,-0.3693,0,0,-0.0214,0.1481,0.0433,0.1122,0,0.0435,0.2437,0,0.0365,0.2525,0.0533,0,-0.458,0,0.0365,-0.4626
,0,0,-0.4693,0.1743,0.3592,-0.3194,0.1854,0.3592,-0.2709,0,0.2841,0.3189,0.1644,0.3592,0.1135,0.1134,0.3591,0.2683,0.1527,0.3592,0.1103,0.0924,0.3592,-0.4237,0.1089,0.2471,0.1941,0.1743,0.3592,-0.3194,0.1902,0.3277,-0.274,0.1787,0.3276,-0.3245,0.1734,0.4074,0.1125,0,0.8788,0.0943,0.1926,0.8788,0.1036,0.0454,0.2473,-0.4148,0.2229,-0.0001,-0.135
,0.2192,0,-0.2243,0.0569,0.3592,-0.0098,0.113,0.3276,-0.0205,0.1115,0.3592,-0.0292,0.1926,0.2471,-0.1344,0.154,0.3592,-0.3609,0.1879,0.0364,-0.3229,0.1554,0.0366,0.1126,0.2192,0,-0.2243,0.1554,0.0366,0.1126,0.2072,0.0583,-0.135,0.2377,0.3592,-0.2355,0,0.9001,0.3034,0.2245,0.8948,0.3087,0,0.8948,0.3151,0.1644,0.3592,0.1135,0,0.8788,0.192
,0.2245,0.8788,0.0753,0,0.8788,0.0689,0.214,0.8788,0.2905,0.2201,0.8788,0.2856,0.2197,0.3895,0.2855,0,0,0.2525,0.1584,0.2639,-0.2629,0.117,0.3299,0.2641,0,0.8948,0.0689,0.0549,0.3592,-0.4431,0.2245,0.8948,0.0753,0,0.9001,0.0812,0,0.8948,0.0689,0,0.3592,-0.4551,0,0.3592,-0.0019,0.0576,0.3277,-0.002,0,0.8788,0.192
,0,0.8788,0.3151,0.2245,0.8788,0.3087,0.1585,0.3591,-0.0767,0.2381,0.8788,0.2976,0.2381,0.8948,0.087,0.2381,0.8788,0.087,0.1065,0.2638,-0.0245,0.2107,0.3821,0.2803,0.2078,0.3895,0.2955,0.1177,0.3592,0.05,0.1177,0.3592,0.0652,0.1387,0.3592,0.05,0.1644,0.3592,0.1135,0.1527,0.3592,0.1103,0.1958,0.3592,-0.1783,0.1984,0.3274,-0.2225,0.1921,0.3592,-0.2216
,0.0946,0.3592,0.2683,0.1134,0.3591,0.2683,0.0278,0.3592,-0.4522,0.0512,0.3274,-0.4554,0,0.3276,0.0062,0,0.2636,0.0061,0.1854,0.3592,-0.2709,0.1984,0.3274,-0.2225,0.1754,0.2633,-0.1793,0.2009,0.3278,-0.177,0.1694,0.2644,-0.1123,0.1984,0.3274,-0.1332,0,0.1988,-0.0322,0.156,0.3279,-0.3678,0.1262,0.3592,-0.3961,0.0682,0.2642,-0.3663,0.1984,0.3274,-0.2225
,0.1754,0.2633,-0.1793,0.0894,0.1943,-0.0623,0.1694,0.2644,-0.1123,0.1694,0.2644,-0.1123,0.1614,0.3278,-0.0713,0.1584,0.2639,-0.2629,0.1754,0.2633,-0.1793,0.0996,0.1787,-0.1306,0.0682,0.2642,-0.3663,0.0996,0.1787,-0.1306,0,0.8788,0.3015,0.1926,0.8788,0.2806,0.2079,0.8788,0.2954,0.0327,0.1686,-0.0294,0.0894,0.1943,-0.0623,0,0.8788,0.0833,0.0682,0.2642,-0.3663
,0,0.1654,-0.2127,0,0.2636,-0.3799,0,0.1776,0.0051,0,0.1949,0.1001,0.0306,0.1707,0.0112,0,0.1272,-0.057,0.0204,0.1299,0.0345,0,0.1272,0.0363,0.0416,0.1482,0.0236,0.0222,0.1309,-0.0556,0.0398,0.1474,-0.0481,0.1527,0.3592,0.1103,0,0.3755,0.1089,0,0.3592,0.1088,0.1734,0.4074,0.2718,0,0.3915,0.1925,0.1734,0.4074,0.1125
,0,0.3821,0.2868,0.0306,0.1707,0.0112,0,0.1949,0.1001,0.2134,0.3821,0.1021,0.2207,0.3895,0.099,0.2245,0.9001,0.2976,0.2381,0.8948,0.2976,0,0.1776,-0.0246,0.0894,0.1943,-0.0623,0.0996,0.1787,-0.1306,0.0589,0.1656,-0.1954,0.0996,0.1787,-0.1306,0.0327,0.1686,-0.0294,0,0.8788,0.192,0,0.8788,0.2906,0.1734,0.4074,0.2718,0,0.3895,0.0834
,0,0.1949,0.1001,0.0204,0.1299,0.0345,0,0.1949,0.1001,0.153,0.3766,0.1104,0.173,0.2474,-0.0215,0.2107,0.3821,0.2803,0.2381,0.8948,0.087,0.2245,0.9001,0.087,0.1916,0.3592,-0.1379,0.1984,0.3274,-0.1332,0.2381,0.8948,0.087,0,0.3821,0.0961,0.2202,0.8788,0.1923,0,0.8788,0.192,0.1787,0.3276,-0.3245,0.1787,0.3276,-0.3245,0,0.8788,0.192
,0.2245,0.8948,0.3087,0.2245,0.8948,0.3087,0,0.3721,-0.514,0.0592,0.3753,-0.4473,0,0.3753,-0.4545,0.1198,0.3622,-0.0104,0.207,0.3622,-0.0201,0.1728,0.3622,-0.0578,0.2075,0.3622,-0.1675,0.2502,0.3622,-0.2099,0.2077,0.3622,-0.216,0.1693,0.3622,-0.3723,0.2261,0.3622,-0.3432,0.2042,0.3622,-0.4003,0.1881,0.3622,-0.3254,0.2419,0.3622,-0.2773,0,0.3728,-0.0474
,0.0425,0.3753,-0.0005,0,0.3753,0.0026,0,0.3622,0.0047,0.033,0.3622,0.0451,0.0386,0.3622,0.0015,0.201,0.3622,-0.2713,0.2402,0.3622,-0.0975,0.2002,0.3622,-0.1233,0.2497,0.3622,-0.151,0.1027,0.3622,-0.4428,0.1699,0.3622,-0.4477,0.1244,0.3622,-0.486,0.1038,0.3728,-0.3632,0.1235,0.3622,-0.3357,0.1008,0.3622,-0.3635,0.1691,0.3721,-0.4409,0.1265,0.3728,-0.3353
,0.1382,0.3622,-0.3021,0.089,0.3622,-0.0703,0.0485,0.3728,-0.0533,0.0457,0.3622,-0.0541,0.1276,0.3622,-0.1074,0.092,0.3727,-0.0695,0.1896,0.3753,-0.2685,0.1549,0.3728,-0.2234,0.1505,0.3728,-0.263,0.2024,0.3721,-0.3948,0.1412,0.3728,-0.3018,0.077,0.3728,-0.3858,0.1327,0.3753,-0.3976,0.2389,0.3721,-0.2754,0.0467,0.3728,-0.4009,0.0983,0.3753,-0.4267,0.1955,0.3753,-0.1727
,0.1506,0.3728,-0.1565,0.155,0.3728,-0.1887,0.2058,0.3722,-0.0249,0.1195,0.3754,-0.0094,0.1673,0.3753,-0.067,0.152,0.3622,-0.1893,0.1518,0.3622,-0.2239,0.2464,0.3721,-0.1527,0.19,0.3753,-0.1312,0.1475,0.3622,-0.2635,0,0.3622,-0.0484,0.2373,0.3721,-0.1007,0.1476,0.3622,-0.1572,0.1307,0.3728,-0.1067,0.125,0.3721,-0.4783,0.0741,0.3622,-0.386,0.0439,0.3622,-0.4012
,0.1481,0.3721,0.045,0.1485,0.3623,0.0453,0.108,0.3721,0.0451,0.247,0.3721,-0.21,0.1957,0.3753,-0.2174,0.0729,0.3622,-0.5142,0,0.3622,-0.5219,0.0749,0.3721,-0.5062,0.1601,0.3753,-0.3617,0.0604,0.3622,-0.4654,0,0.3622,-0.4739,0.1777,0.3753,-0.3184,0.2236,0.3721,-0.3394,0.033,0.3721,0.0451,0,0.3721,0.0451,0,0.3622,0.0451,0.108,0.3622,0.0451
,0.0998,0.3622,-0.0045,0,0.3728,-0.4108,0.2381,0.3592,-0.1349,0.2381,0.3592,-0.1349,0.173,0.3297,0.1122,0.1579,0.2839,0.113,0.173,0.3297,0.1122,0.1926,0.8788,0.1036,0.1926,0.8788,0.2806,0.1926,0.8788,0.1036,0.2203,0.8788,0.099,0,0.3915,0.1925,0,0.4074,0.1041,0.1926,0.8788,0.1036,0,0.4074,0.2808,0,0.3915,0.1925,0.1734,0.4074,0.2718
,0.0787,0,0.2288,0,0,-0.0214,0.0532,0,0.2441,0,0,-0.0214,0.0787,0,0.2288,0.1194,0,0.1762,0.14,0.3622,-0.4112,0.108,0.3622,0.0634,0.1484,0.3721,0.0634,0.1484,0.3622,0.0634,0.108,0.3721,0.0634,0.1177,0.3736,0.05,0.1177,0.3592,0.0652,0.1177,0.3592,0.05,0.1177,0.3592,0.0652,0.1387,0.3736,0.0652,0.1387,0.3592,0.0652
,0.1177,0.3736,0.0652,0.1387,0.3592,0.05,0.1387,0.3736,0.05,0.1177,0.3592,0.05,0.1387,0.3592,0.0652,0.1527,0.3592,0.1103,0.1746,0.3622,-0.3192,0.1868,0.3592,-0.2756,0.1777,0.3592,-0.3137,0.155,0.3592,-0.368,0.1569,0.3622,-0.3624,0,0.3622,-0.4568,0.095,0.3622,-0.4275,0.186,0.3622,-0.1324,0.1925,0.3622,-0.1734,0.1294,0.3622,-0.3984,0.134,0.3592,-0.3954
,0.1926,0.3622,-0.2181,0.1866,0.3622,-0.2692,0.2057,0.3592,-0.1738,0.0647,0.3592,-0.4607,0.0969,0.3592,-0.4435,0.1116,0.3622,-0.0263,0.1606,0.3622,-0.0712,0.0559,0.3622,-0.4481,0.091,0.3592,-0.4318,0.0613,0.3592,-0.4475,0,0.3622,-0.0097,0.0405,0.3622,-0.0138,0.097,0.3622,-0.0215,0,0.3622,-0.4107,0.1645,0.3592,-0.3756,0.1421,0.3592,-0.4053,0.1652,0.3592,-0.0771
,0.1954,0.3592,-0.1169,0.1846,0.3592,-0.1238,0.1979,0.3592,-0.2773,0.188,0.3592,-0.3185,0.1943,0.3592,-0.1783,0.2059,0.3592,-0.2107,0.1944,0.3592,-0.2123,0.0473,0.3592,-0.0128,0.0925,0.3592,-0.0057,0.0904,0.3592,-0.0187,0.1745,0.3592,-0.0669,0.0458,0.3592,-0.0011,-0.0511,0.1903,0.3022,-0.0516,0.2473,0.3119,-0.1259,0.0583,-0.3892,-0.1825,0.0436,-0.3162,-0.127,0.0434,-0.3917
,-0.1305,0,-0.4082,0,0,-0.0214,-0.0809,0.3592,0.268,-0.0928,0.3592,0.2896,-0.0946,0.3592,0.2683,-0.2079,0.3895,0.0886,-0.2079,0.8788,0.0886,-0.214,0.8788,0.0938,-0.1417,0.2851,-0.4341,-0.2178,0.3298,-0.3619,-0.1995,0.2836,-0.3396,-0.0278,0.3592,-0.4522,-0.0618,0.3592,-0.507,-0.0519,0.0435,-0.4409,-0.1803,0.0583,-0.3139,-0.2075,0.0433,-0.2177,-0.2171,0.0363,-0.1349
,-0.2138,0.0366,-0.2211,-0.2255,0.2838,-0.2281,-0.2502,0.3297,-0.1351,-0.2297,0.2849,-0.135,-0.0805,0.0585,0.2197,-0.1089,0.2471,0.1941,-0.0698,0.1899,0.2838,-0.173,0.3297,0.1122,-0.2009,0.2837,-0.0213,-0.2184,0.3297,-0.0215,-0.117,0.3299,0.2641,-0.1134,0.3591,0.2683,-0.1276,0.0366,-0.4022,-0.1923,0,-0.328,-0.1305,0,-0.4082,-0.0726,0.2475,0.2912,-0.2297,0.2849,-0.135
,-0.2502,0.3297,-0.1351,-0.1509,0.3592,-0.4532,-0.152,0.3297,-0.4607,-0.2229,-0.0001,-0.135,-0.1998,0,-0.0214,-0.0532,0,0.2441,-0.0781,0.0366,0.2283,-0.0531,0.0365,0.244,-0.1998,0,-0.0214,-0.2171,0.0363,-0.1349,-0.1949,0.0365,-0.0213,-0.1646,0.2473,-0.2947,-0.1875,0.2473,-0.2054,-0.0647,0.3297,-0.5109,-0.0581,0.2842,-0.4864,-0.1579,0.2839,0.113,-0.173,0.2474,-0.0215
,-0.1579,0.2839,0.113,-0.1089,0.2471,0.1941,-0.1357,0.2473,0.1143,-0.1554,0.0366,0.1126,-0.1194,0,0.1762,-0.1593,0,0.1126,-0.2047,0.0582,-0.2164,-0.2094,0.0437,-0.1349,-0.2094,0.0437,-0.1349,-0.1879,0.0435,-0.0213,0,0,-0.0214,-0.0532,0,0.2441,-0.0787,0,0.2288,-0.1163,0.0361,0.1767,-0.2072,0.0583,-0.135,-0.1926,0.2471,-0.1344,-0.1481,0.0433,0.1122
,-0.1856,0.0583,-0.0214,-0.1445,0.0583,0.1113,-0.0541,0.0579,0.2363,-0.0782,0.0433,0.2195,-0.2473,0.3298,-0.2415,-0.2121,0.3592,-0.3552,-0.2377,0.3592,-0.2355,-0.2064,0.3592,-0.0213,-0.1916,0.3592,-0.1379,-0.1714,0.3592,-0.0214,-0.0787,0.3297,0.3097,-0.0534,0.3593,0.3003,-0.0533,0.3296,0.3169,-0.1126,0.2844,0.2387,-0.0774,0.2841,0.3024,-0.2192,0,-0.2243,0,0,-0.0214
,-0.1923,0,-0.328,-0.1445,0.0583,0.1113,-0.113,0.0439,0.1683,-0.1481,0.0433,0.1122,-0.128,0.3273,-0.4055,-0.0906,0.3279,-0.434,-0.1233,0.2635,-0.3278,0,0.3751,0.2723,-0.0531,0.3592,0.2675,-0.2072,0.0583,-0.135,-0.1584,0.2639,-0.2629,-0.0589,0.1656,-0.1954,-0.0996,0.1787,-0.1306,-0.1194,0,0.1762,0,0,-0.0214,-0.0257,0.3277,-0.4633,-0.0278,0.3592,-0.4522
,-0.0516,0.0583,-0.4384,-0.0454,0.2473,-0.4148,-0.1923,0,-0.328,0,0,-0.0214,-0.0539,0.2839,0.3157,-0.1357,0.2473,0.1143,-0.1122,0.0586,0.1674,-0.1445,0.0583,0.1113,-0.0798,0.3591,0.2994,-0.0521,0.0365,-0.4514,-0.1305,0,-0.4082,-0.0533,0,-0.458,-0.1125,0.2471,-0.3693,0,0,-0.0214,-0.0531,0.0435,0.2352,0,0,-0.4693,-0.1743,0.3592,-0.3194
,-0.1854,0.3592,-0.2709,-0.1644,0.3592,0.1135,-0.1527,0.3592,0.1103,-0.1134,0.3591,0.2683,-0.0924,0.3592,-0.4237,-0.1089,0.2471,0.1941,-0.1743,0.3592,-0.3194,-0.1902,0.3277,-0.274,-0.1854,0.3592,-0.2709,-0.1734,0.4074,0.1125,-0.1926,0.8788,0.1036,-0.2229,-0.0001,-0.135,-0.2192,0,-0.2243,-0.0569,0.3592,-0.0098,-0.113,0.3276,-0.0205,-0.0576,0.3277,-0.002,-0.1926,0.2471,-0.1344
,-0.2297,0.2849,-0.135,-0.154,0.3592,-0.3609,-0.1879,0.0364,-0.3229,-0.1554,0.0366,0.1126,-0.2192,0,-0.2243,-0.1554,0.0366,0.1126,-0.1926,0.2471,-0.1344,-0.2072,0.0583,-0.135,-0.2381,0.3592,-0.1349,-0.2245,0.8948,0.3087,-0.2245,0.9001,0.2976,-0.1644,0.3592,0.1135,-0.2245,0.8788,0.0753,-0.2197,0.3895,0.2855,-0.2201,0.8788,0.2856,-0.214,0.8788,0.2905,0,0,0.2525
,-0.1584,0.2639,-0.2629,-0.1787,0.3276,-0.3245,-0.0549,0.3592,-0.4431,-0.2245,0.8948,0.0753,0,0.8948,0.0689,0,0.3592,-0.4551,0,0.8788,0.192,-0.2245,0.8788,0.3087,-0.1585,0.3591,-0.0767,-0.1115,0.3592,-0.0292,-0.2381,0.8948,0.087,-0.2381,0.8788,0.2976,-0.2381,0.8788,0.087,-0.1065,0.2638,-0.0245,-0.2107,0.3821,0.2803,-0.2078,0.3895,0.2955,-0.1177,0.3592,0.0652
,-0.1177,0.3592,0.05,-0.1387,0.3592,0.05,-0.1527,0.3592,0.1103,-0.1644,0.3592,0.1135,-0.1527,0.3592,0.1103,-0.1958,0.3592,-0.1783,-0.1984,0.3274,-0.2225,-0.2009,0.3278,-0.177,-0.1134,0.3591,0.2683,-0.0278,0.3592,-0.4522,-0.0512,0.3274,-0.4554,-0.0549,0.3592,-0.4431,-0.1854,0.3592,-0.2709,-0.1984,0.3274,-0.2225,-0.1921,0.3592,-0.2216,-0.1754,0.2633,-0.1793,-0.1694,0.2644,-0.1123
,-0.1984,0.3274,-0.1332,-0.1614,0.3278,-0.0713,-0.1262,0.3592,-0.3961,-0.156,0.3279,-0.3678,-0.0682,0.2642,-0.3663,-0.1754,0.2633,-0.1793,-0.1984,0.3274,-0.2225,-0.1694,0.2644,-0.1123,-0.0894,0.1943,-0.0623,-0.1694,0.2644,-0.1123,-0.1584,0.2639,-0.2629,-0.0996,0.1787,-0.1306,-0.1754,0.2633,-0.1793,-0.0682,0.2642,-0.3663,-0.0894,0.1943,-0.0623,-0.1926,0.8788,0.2806,-0.0327,0.1686,-0.0294
,-0.0682,0.2642,-0.3663,-0.0306,0.1707,0.0112,-0.0204,0.1299,0.0345,-0.0222,0.1309,-0.0556,-0.0222,0.1309,-0.0556,-0.0416,0.1482,0.0236,-0.0398,0.1474,-0.0481,-0.1527,0.3592,0.1103,-0.1734,0.4074,0.2718,-0.1734,0.4074,0.1125,-0.2107,0.3821,0.2803,-0.0306,0.1707,0.0112,0,0.1949,0.1001,-0.2134,0.3821,0.1021,-0.2207,0.3895,0.099,-0.2381,0.8948,0.2976,-0.0894,0.1943,-0.0623
,-0.0327,0.1686,-0.0294,-0.0589,0.1656,-0.1954,-0.0222,0.1309,-0.0556,-0.0327,0.1686,-0.0294,-0.0306,0.1707,0.0112,0,0.8788,0.192,-0.1734,0.4074,0.2718,0,0.3895,0.3014,-0.0204,0.1299,0.0345,0,0.1949,0.1001,0,0.1949,0.1001,-0.153,0.3766,0.1104,-0.1134,0.3591,0.2683,-0.173,0.2474,-0.0215,-0.2134,0.3821,0.1021,-0.2245,0.9001,0.087,-0.2381,0.8948,0.087
,-0.1916,0.3592,-0.1379,-0.1984,0.3274,-0.1332,-0.1984,0.3274,-0.1332,-0.2381,0.8948,0.087,-0.2134,0.3821,0.1021,-0.2202,0.8788,0.1923,0,0.8788,0.192,-0.1921,0.3592,-0.2216,-0.1787,0.3276,-0.3245,-0.1787,0.3276,-0.3245,0,0.8788,0.192,-0.2245,0.8948,0.3087,-0.2245,0.8948,0.3087,-0.0592,0.3753,-0.4473,-0.207,0.3622,-0.0201,-0.1198,0.3622,-0.0104,-0.1728,0.3622,-0.0578
,-0.2502,0.3622,-0.2099,-0.2075,0.3622,-0.1675,-0.2077,0.3622,-0.216,-0.1693,0.3622,-0.3723,-0.2261,0.3622,-0.3432,-0.1881,0.3622,-0.3254,-0.2419,0.3622,-0.2773,-0.201,0.3622,-0.2713,-0.0425,0.3753,-0.0005,-0.0485,0.3728,-0.0533,-0.033,0.3622,0.0451,-0.2402,0.3622,-0.0975,-0.2002,0.3622,-0.1233,-0.2497,0.3622,-0.151,-0.1027,0.3622,-0.4428,-0.1699,0.3622,-0.4477,-0.14,0.3622,-0.4112
,-0.1235,0.3622,-0.3357,-0.1038,0.3728,-0.3632,-0.1008,0.3622,-0.3635,-0.2042,0.3622,-0.4003,-0.1691,0.3721,-0.4409,-0.2024,0.3721,-0.3948,-0.1382,0.3622,-0.3021,-0.1265,0.3728,-0.3353,-0.089,0.3622,-0.0703,-0.0457,0.3622,-0.0541,-0.1276,0.3622,-0.1074,-0.092,0.3727,-0.0695,-0.1307,0.3728,-0.1067,-0.1549,0.3728,-0.2234,-0.1896,0.3753,-0.2685,-0.1505,0.3728,-0.263,-0.2236,0.3721,-0.3394
,-0.1412,0.3728,-0.3018,-0.1777,0.3753,-0.3184,-0.077,0.3728,-0.3858,-0.1327,0.3753,-0.3976,-0.0983,0.3753,-0.4267,-0.2389,0.3721,-0.2754,-0.247,0.3721,-0.21,-0.0467,0.3728,-0.4009,-0.1506,0.3728,-0.1565,-0.1955,0.3753,-0.1727,-0.155,0.3728,-0.1887,-0.2058,0.3722,-0.0249,-0.1195,0.3754,-0.0094,-0.1673,0.3753,-0.067,-0.152,0.3622,-0.1893,-0.1518,0.3622,-0.2239,-0.19,0.3753,-0.1312
,-0.2464,0.3721,-0.1527,-0.1475,0.3622,-0.2635,-0.125,0.3721,-0.4783,-0.2373,0.3721,-0.1007,-0.1476,0.3622,-0.1572,-0.0749,0.3721,-0.5062,-0.0741,0.3622,-0.386,-0.0439,0.3622,-0.4012,-0.1481,0.3721,0.045,-0.1485,0.3623,0.0453,-0.108,0.3721,0.0451,-0.1957,0.3753,-0.2174,-0.0729,0.3622,-0.5142,-0.1244,0.3622,-0.486,-0.0604,0.3622,-0.4654,-0.033,0.3721,0.0451,-0.1601,0.3753,-0.3617
,-0.108,0.3622,0.0451,-0.0998,0.3622,-0.0045,-0.2381,0.3592,-0.1349,-0.173,0.3297,0.1122,-0.1579,0.2839,0.113,-0.173,0.3297,0.1122,-0.1926,0.8788,0.1036,-0.1926,0.8788,0.2806,-0.1926,0.8788,0.1036,-0.2203,0.8788,0.099,0,0.3915,0.1925,-0.1926,0.8788,0.1036,-0.1926,0.8788,0.2806,-0.1734,0.4074,0.2718,0,0.3915,0.1925,-0.0787,0,0.2288,-0.0532,0,0.2441
,0,0,-0.0214,-0.2079,0.8788,0.2954,0,0,-0.0214,-0.1194,0,0.1762,-0.0787,0,0.2288,-0.108,0.3622,0.0634,-0.0386,0.3622,0.0015,-0.1484,0.3721,0.0634,-0.1484,0.3622,0.0634,-0.108,0.3721,0.0634,-0.1177,0.3592,0.0652,-0.1177,0.3736,0.05,-0.1177,0.3592,0.05,-0.1387,0.3736,0.0652,-0.1177,0.3592,0.0652,-0.1387,0.3592,0.0652,-0.1387,0.3736,0.05
,-0.1387,0.3592,0.05,-0.1177,0.3592,0.05,-0.1387,0.3592,0.0652,-0.1527,0.3592,0.1103,-0.1746,0.3622,-0.3192,-0.1868,0.3592,-0.2756,-0.1866,0.3622,-0.2692,-0.155,0.3592,-0.368,-0.1569,0.3622,-0.3624,-0.0559,0.3622,-0.4481,-0.095,0.3622,-0.4275,-0.1294,0.3622,-0.3984,-0.186,0.3622,-0.1324,-0.1925,0.3622,-0.1734,-0.1926,0.3622,-0.2181,-0.2057,0.3592,-0.1738,-0.0647,0.3592,-0.4607
,-0.1116,0.3622,-0.0263,-0.1606,0.3622,-0.0712,-0.091,0.3592,-0.4318,-0.097,0.3622,-0.0215,-0.0405,0.3622,-0.0138,-0.134,0.3592,-0.3954,-0.1645,0.3592,-0.3756,-0.0613,0.3592,-0.4475,-0.0969,0.3592,-0.4435,-0.1954,0.3592,-0.1169,-0.1652,0.3592,-0.0771,-0.1846,0.3592,-0.1238,-0.1777,0.3592,-0.3137,-0.1979,0.3592,-0.2773,-0.2059,0.3592,-0.2107,-0.1943,0.3592,-0.1783,-0.1944,0.3592,-0.2123
,-0.0473,0.3592,-0.0128,-0.0925,0.3592,-0.0057,-0.0458,0.3592,-0.0011,-0.1421,0.3592,-0.4053,-0.1745,0.3592,-0.0669,-0.0904,0.3592,-0.0187,-0.188,0.3592,-0.3185,-0.153,0.3766,0.1104,-0.116,0.3746,0.27,0.153,0.3766,0.1104,0.2107,0.3821,0.2803,0,0,-0.0214,0.2297,0.2849,-0.135,0.1134,0.3591,0.2683,0.2502,0.3297,-0.1351,0.2171,0.0363,-0.1349,0.2229,-0.0001,-0.135
,0.1998,0,-0.0214,0.1089,0.2471,0.1941,0.1579,0.2839,0.113,0.2094,0.0437,-0.1349,0.2171,0.0363,-0.1349,0.1926,0.2471,-0.1344,0.2381,0.3592,-0.1349,0.1089,0.2471,0.1941,0,0,-0.0214,0.1926,0.2471,-0.1344,0.2297,0.2849,-0.135,0.1445,0.0583,0.1113,0.2072,0.0583,-0.135,0.2094,0.0437,-0.1349,0.0996,0.1787,-0.1306,0.0278,0.3592,-0.4522,0.1357,0.2473,0.1143
,0.1305,0,-0.4082,0.0533,0,-0.458,0.1743,0.3592,-0.3194,0.1854,0.3592,-0.2709,0.2229,-0.0001,-0.135,0.1554,0.0366,0.1126,0.2192,0,-0.2243,0.1998,0,-0.0214,0.173,0.2474,-0.0215,0,0,0.2525,0.1754,0.2633,-0.1793,0.1584,0.2639,-0.2629,0.2245,0.8948,0.0753,0.2381,0.8948,0.2976,0.1527,0.3592,0.1103,0.1527,0.3592,0.1103,0.1387,0.3592,0.0652
,0.1644,0.3592,0.1135,0.0278,0.3592,-0.4522,0.0549,0.3592,-0.4431,0.1854,0.3592,-0.2709,0.1921,0.3592,-0.2216,0.1984,0.3274,-0.2225,0.0512,0.3274,-0.4554,0.0894,0.1943,-0.0623,0.0512,0.3274,-0.4554,0.1694,0.2644,-0.1123,0.0894,0.1943,-0.0623,0.0996,0.1787,-0.1306,0.0682,0.2642,-0.3663,0.0589,0.1656,-0.1954,0.0222,0.1309,-0.0556,0.0204,0.1299,0.0345,0.1527,0.3592,0.1103
,0.153,0.3766,0.1104,0.0894,0.1943,-0.0623,0.0327,0.1686,-0.0294,0.0589,0.1656,-0.1954,0.0222,0.1309,-0.0556,0.0996,0.1787,-0.1306,0.0327,0.1686,-0.0294,0.0306,0.1707,0.0112,0.2245,0.8948,0.0753,0.1734,0.4074,0.2718,0.1357,0.2473,0.1143,0.173,0.2474,-0.0215,0.2107,0.3821,0.2803,0.1916,0.3592,-0.1379,0.1984,0.3274,-0.1332,0.2381,0.8948,0.087,0.2134,0.3821,0.1021
,0.0682,0.2642,-0.3663,0.1787,0.3276,-0.3245,0.2245,0.8948,0.3087,0.2381,0.8948,0.2976,0.2245,0.8948,0.3087,0.1916,0.3592,-0.1379,0.2381,0.3592,-0.1349,0.2502,0.3297,-0.1351,0.173,0.3297,0.1122,0.1134,0.3591,0.2683,0.1734,0.4074,0.1125,0.1926,0.8788,0.1036,0.1926,0.8788,0.1036,0.1926,0.8788,0.2806,0.1926,0.8788,0.2806,0.1926,0.8788,0.1036,0.1177,0.3592,0.0652
,0.1177,0.3592,0.0652,0.1387,0.3592,0.05,0.1177,0.3592,0.05,0.1387,0.3592,0.05,0.1387,0.3592,0.0652,0.1527,0.3592,0.1103,0.1387,0.3592,0.0652,-0.0533,0,-0.458,-0.2297,0.2849,-0.135,-0.1998,0,-0.0214,-0.2229,-0.0001,-0.135,-0.2171,0.0363,-0.1349,-0.1357,0.2473,0.1143,-0.1579,0.2839,0.113,-0.1089,0.2471,0.1941,-0.2171,0.0363,-0.1349,-0.2094,0.0437,-0.1349
,-0.2381,0.3592,-0.1349,-0.1089,0.2471,0.1941,0,0,-0.0214,-0.1445,0.0583,0.1113,-0.1134,0.3591,0.2683,-0.2094,0.0437,-0.1349,-0.2072,0.0583,-0.135,-0.1357,0.2473,0.1143,-0.1305,0,-0.4082,-0.1481,0.0433,0.1122,-0.1743,0.3592,-0.3194,-0.2229,-0.0001,-0.135,-0.1926,0.2471,-0.1344,-0.1554,0.0366,0.1126,-0.2192,0,-0.2243,-0.1998,0,-0.0214,-0.1926,0.2471,-0.1344
,-0.173,0.2474,-0.0215,0,0,0.2525,-0.1584,0.2639,-0.2629,-0.1754,0.2633,-0.1793,-0.2245,0.8948,0.0753,-0.2381,0.8948,0.2976,-0.1387,0.3592,0.0652,-0.1527,0.3592,0.1103,-0.1644,0.3592,0.1135,-0.1921,0.3592,-0.2216,-0.0278,0.3592,-0.4522,-0.1854,0.3592,-0.2709,-0.1984,0.3274,-0.2225,-0.0512,0.3274,-0.4554,-0.0894,0.1943,-0.0623,-0.0512,0.3274,-0.4554,-0.1694,0.2644,-0.1123
,-0.0894,0.1943,-0.0623,-0.0589,0.1656,-0.1954,-0.0682,0.2642,-0.3663,-0.0222,0.1309,-0.0556,-0.0204,0.1299,0.0345,-0.153,0.3766,0.1104,-0.1527,0.3592,0.1103,-0.0894,0.1943,-0.0623,-0.0589,0.1656,-0.1954,-0.0222,0.1309,-0.0556,-0.0327,0.1686,-0.0294,-0.2245,0.8948,0.0753,-0.1734,0.4074,0.2718,-0.1921,0.3592,-0.2216,-0.1134,0.3591,0.2683,-0.173,0.2474,-0.0215,-0.1357,0.2473,0.1143
,-0.1916,0.3592,-0.1379,-0.2381,0.8948,0.087,-0.0682,0.2642,-0.3663,-0.1787,0.3276,-0.3245,-0.2381,0.8948,0.2976,-0.2245,0.8948,0.3087,-0.2245,0.8948,0.3087,-0.1916,0.3592,-0.1379,-0.2502,0.3297,-0.1351,-0.2381,0.3592,-0.1349,-0.173,0.3297,0.1122,-0.1134,0.3591,0.2683,-0.1926,0.8788,0.1036,-0.1734,0.4074,0.1125,-0.1926,0.8788,0.1036,-0.1926,0.8788,0.2806,-0.1926,0.8788,0.1036
,-0.1177,0.3592,0.0652,-0.1177,0.3736,0.0652,-0.1177,0.3592,0.0652,-0.1387,0.3592,0.05,-0.1387,0.3592,0.05,-0.1177,0.3592,0.05,-0.1387,0.3592,0.0652,-0.1527,0.3592,0.1103,-0.1387,0.3592,0.0652,-0.2134,0.3821,0.1021,-0.153,0.3766,0.1104,-0.2134,0.3821,0.1021,-0.2107,0.3821,0.2803,0.153,0.3766,0.1104,0.2134,0.3821,0.1021,0.2107,0.3821,0.2803]
,"normals":[0.409,-0.274,0.87,0,-0.245,0.97,0,-0.303,0.953,0.386,-0.157,0.909,0,-0.097,0.995,0.79,0.498,-0.357,0.686,0.147,-0.713,0.61,0.502,-0.613,0,-0.594,-0.804,0.536,-0.606,-0.588,0.302,-0.601,-0.74,-0.014,0.672,0.74,0.487,0.728,0.482,0.239,0.752,0.614,0.45,0.708,-0.544,0.271,0.64,-0.719,0.282,-0.445,-0.85
,0.513,-0.694,-0.506,0.907,-0.119,-0.405,0.667,-0.153,-0.729,0.231,0.726,-0.648,-0.172,0.612,0.772,0,0.71,-0.704,0.334,0.545,-0.769,0,0.146,-0.989,0,0.568,-0.823,0.871,0.478,-0.115,0.896,0.158,-0.415,0.889,0.452,0.072,0.885,0.447,-0.131,0.789,-0.606,-0.105,0.992,-0.025,0.12,0.988,-0.069,-0.135,0.737,-0.143,0.661
,0.905,-0.264,0.335,0.867,0.03,0.497,0.946,-0.018,0.323,0.846,-0.48,0.232,0.872,-0.399,0.285,0.505,0.105,0.857,0.716,-0.601,-0.355,0.582,0.492,-0.647,0.536,-0.606,-0.588,0.807,-0.217,0.549,0.958,0.005,0.288,0.826,-0.557,0.086,0.481,0.734,-0.48,0,-1,0,0.739,-0.648,0.184,0.78,-0.623,0.062,0.612,0.376,0.696
,0.259,-0.664,0.702,0.311,0.405,0.86,0.889,0.452,0.072,0.739,-0.648,0.184,0.876,0.432,0.214,0.838,-0.416,-0.354,0.694,-0.657,-0.293,0,-0.7,-0.714,0.337,-0.166,-0.927,0,-0.175,-0.985,0.932,-0.286,0.223,0.922,-0.252,0.294,0.905,-0.264,0.335,0.872,-0.399,0.285,0.922,-0.252,0.294,0.609,-0.673,0.42,0.831,0.419,0.367
,0.701,-0.641,0.313,0.879,0.471,0.072,0.98,0.145,-0.134,0.879,0.471,0.072,0.867,0.451,0.213,0,-1,0,0,-0.673,0.739,0.259,-0.664,0.702,0.762,0.39,0.517,0.505,-0.658,0.558,0.99,0.117,0.076,0.92,-0.369,-0.132,0.965,0.112,0.237,0.787,0.499,0.363,0.906,0.135,0.4,0.352,-0.252,0.901,0.672,0.32,0.668
,0.33,0.4,0.855,0.599,0.763,-0.242,0.81,-0.178,0.558,-0.711,0.674,-0.202,0.546,0.82,0.169,-0.001,1,0,0.036,0.847,0.53,0.861,-0.36,0.36,0.691,-0.209,0.692,0,-1,0,0.771,-0.626,-0.117,0.716,-0.601,-0.355,0.826,-0.557,0.086,0.778,0.403,0.481,0.906,0.135,0.4,0.787,0.499,0.363,-0.673,0.252,0.695
,-0.522,0.732,0.438,-0.511,0.272,0.816,0.011,0.62,0.784,0.279,-0.782,0.557,0.99,0.117,0.076,-0.731,0.634,0.251,-0.335,0.894,0.297,0,-1,0,0.609,-0.673,0.42,0.256,-0.704,-0.662,0,0.606,0.795,-0.189,0.283,0.94,0,0.284,0.959,0.386,0.145,-0.911,0,-0.507,-0.862,0,-1,0,0.716,-0.601,-0.355
,0.267,-0.093,0.959,0.922,-0.252,0.294,0.906,0.135,0.4,0,0.874,0.487,0.142,0.243,0.96,0,0.285,0.958,0,0.569,0.822,0.322,0.518,-0.793,0.536,-0.606,-0.588,0.302,-0.601,-0.74,0.635,-0.466,-0.616,0,-1,0,0.787,0.499,0.363,0,0.448,0.894,0,0.419,0.908,0.302,-0.601,-0.74,0,0.528,-0.849
,0,-0.594,-0.804,-0.702,0.669,0.242,-0.743,0.654,0.139,0,-0.032,0.999,0.584,0.787,0.199,0.741,0.086,0.666,0.291,0.929,-0.228,-0.424,0.64,0.64,0.905,-0.264,0.335,-0.702,0.669,0.242,-0.969,0.151,0.194,-0.911,0.201,0.359,-0.593,0.572,0.566,0,0.725,0.688,-0.309,0.905,0.291,0.352,-0.493,-0.796,0.78,-0.623,0.062
,0.771,-0.626,-0.117,-0.179,0.641,-0.746,-0.535,-0.068,-0.842,-0.409,0.676,-0.613,0.936,-0.346,0.062,-0.63,0.667,0.396,0.797,0.459,-0.392,0.831,0.419,0.367,0.771,-0.626,-0.117,0.831,0.419,0.367,0.99,0.117,0.076,0.598,0.799,-0.065,0,0.976,0.216,0.294,0.481,0.826,0,0.536,0.844,0.584,0.787,0.199,0,-1,0
