{"producer":{"name":"Blender","version":"2.79 (sub 0)","exporter_version":"5.6.4","file":"animatedPylon01.babylon"},
"autoClear":true,"clearColor":[0.0509,0.0509,0.0509],"ambientColor":[0,0,0],"gravity":[0,-9.81,0],
"materials":[],
"multiMaterials":[],
"skeletons":[{"name":"pylonArmature","id":0,"dimensionsAtRest":[0,0.9,0.2],"bones":[
{"name":"ROOT","index":0,"matrix":[-1,0,0,0,0,0,-1,0,0,1,0,0,0,0,0,1],"rest":[-1,0,0,0,0,0,-1,0,0,1,0,0,0,0,0,1],"parentBoneIndex":-1,"length":0.2
,"animation":{"dataType":3,"framePerSecond":24,"keys":[
{"frame":1,"values":[-1,0,0,0,0,0,-1,0,0,1,0,0,0,0,0,1]},
{"frame":3,"values":[-1,0,0,0,0,0,-1,0,0,1,0,0,0,0,0,1]},
{"frame":10,"values":[-1,0,0,0,0,0,-1,0,0,1,0,0,0,0,0,1]},
{"frame":202,"values":[-1,0,0,0,0,0,-1,0,0,1,0,0,0,0,0,1]}],"loopBehavior":1,"name":"anim","property":"_matrix"}},
{"name":"crystal","index":1,"matrix":[-0.9998,-0.0178,0,0,0,0,1,0,-0.0178,0.9998,0,0,-0.0004,0.0094,0.1002,1],"rest":[-1,0,0,0,0,0,1,0,0,1,0,0,0,0,0.1,1],"parentBoneIndex":0,"length":0.8
,"animation":{"dataType":3,"framePerSecond":24,"keys":[
{"frame":1,"values":[-0.9991,-0.0426,0,0,0,0,1,0,-0.0426,0.9991,0,0,-0.0004,0.0077,0.1002,1]},
{"frame":3,"values":[-0.9991,-0.0426,0,0,0,0,1,0,-0.0426,0.9991,0,0,-0.0004,0.0077,0.1002,1]},
{"frame":10,"values":[-1,0,0,0,0,0,1,0,0,1,0,0,-0.0004,0.01,0.1002,1]},
{"frame":11,"values":[-1,-0.0056,0,0,0,0,1,0,-0.0056,1,0,0,-0.0004,0.01,0.1002,1]},
{"frame":12,"values":[-0.9999,-0.0116,0,0,0,0,1,0,-0.0116,0.9999,0,0,-0.0004,0.0097,0.1002,1]},
{"frame":13,"values":[-0.9998,-0.0178,0,0,0,0,1,0,-0.0178,0.9998,0,0,-0.0004,0.0094,0.1002,1]},
{"frame":14,"values":[-0.9997,-0.0241,0,0,0,0,1,0,-0.0241,0.9997,0,0,-0.0004,0.009,0.1002,1]},
{"frame":15,"values":[-0.9995,-0.0303,0,0,0,0,1,0,-0.0303,0.9995,0,0,-0.0004,0.0085,0.1002,1]},
{"frame":16,"values":[-0.9993,-0.0365,0,0,0,0,1,0,-0.0365,0.9993,0,0,-0.0004,0.0081,0.1002,1]},
{"frame":17,"values":[-0.9991,-0.0426,0,0,0,0,1,0,-0.0426,0.9991,0,0,-0.0004,0.0077,0.1002,1]},
{"frame":18,"values":[-0.9988,-0.0487,0,0,0,0,1,0,-0.0487,0.9988,0,0,-0.0004,0.0072,0.1002,1]},
{"frame":19,"values":[-0.9985,-0.0546,0,0,0,0,1,0,-0.0546,0.9985,0,0,-0.0004,0.0068,0.1002,1]},
{"frame":20,"values":[-0.9982,-0.0606,0,0,0,0,1,0,-0.0606,0.9982,0,0,-0.0004,0.0063,0.1002,1]},
{"frame":21,"values":[-0.9978,-0.0664,0,0,0,0,1,0,-0.0664,0.9978,0,0,-0.0004,0.0059,0.1002,1]},
{"frame":22,"values":[-0.9974,-0.0721,0,0,0,0,1,0,-0.0721,0.9974,0,0,-0.0004,0.0054,0.1002,1]},
{"frame":23,"values":[-0.997,-0.0778,0,0,0,0,1,0,-0.0778,0.997,0,0,-0.0004,0.0049,0.1002,1]},
{"frame":24,"values":[-0.9965,-0.0833,0,0,0,0,1,0,-0.0833,0.9965,0,0,-0.0004,0.0045,0.1002,1]},
{"frame":25,"values":[-0.9961,-0.0887,0,0,0,0,1,0,-0.0887,0.9961,0,0,-0.0004,0.004,0.1002,1]},
{"frame":26,"values":[-0.9956,-0.094,0,0,0,0,1,0,-0.094,0.9956,0,0,-0.0004,0.0036,0.1002,1]},
{"frame":27,"values":[-0.9951,-0.0992,0,0,0,0,1,0,-0.0992,0.9951,0,0,-0.0004,0.0031,0.1002,1]},
{"frame":28,"values":[-0.9946,-0.1042,0,0,0,0,1,0,-0.1042,0.9946,0,0,-0.0004,0.0026,0.1002,1]},
{"frame":29,"values":[-0.994,-0.1091,0,0,0,0,1,0,-0.1091,0.994,0,0,-0.0004,0.0022,0.1002,1]},
{"frame":30,"values":[-0.9935,-0.1138,0,0,0,0,1,0,-0.1138,0.9935,0,0,-0.0004,0.0017,0.1002,1]},
{"frame":31,"values":[-0.993,-0.1183,0,0,0,0,1,0,-0.1183,0.993,0,0,-0.0004,0.0013,0.1002,1]},
{"frame":32,"values":[-0.9925,-0.1226,0,0,0,0,1,0,-0.1226,0.9925,0,0,-0.0004,0.0009,0.1002,1]},
{"frame":33,"values":[-0.9919,-0.1267,0,0,0,0,1,0,-0.1267,0.9919,0,0,-0.0004,0.0004,0.1002,1]},
{"frame":34,"values":[-0.9914,-0.1305,0,0,0,0,1,0,-0.1305,0.9914,0,0,-0.0004,0,0.1002,1]},
{"frame":35,"values":[-0.991,-0.1342,0,0,0,0,1,0,-0.1342,0.991,0,0,-0.0004,-0.0004,0.1002,1]},
{"frame":36,"values":[-0.9905,-0.1378,0,0,0,0,1,0,-0.1378,0.9905,0,0,-0.0004,-0.0009,0.1002,1]},
{"frame":37,"values":[-0.99,-0.1413,0,0,0,0,1,0,-0.1413,0.99,0,0,-0.0004,-0.0014,0.1002,1]},
{"frame":38,"values":[-0.9895,-0.1447,0,0,0,0,1,0,-0.1447,0.9895,0,0,-0.0004,-0.0019,0.1002,1]},
{"frame":39,"values":[-0.989,-0.148,0,0,0,0,1,0,-0.148,0.989,0,0,-0.0004,-0.0025,0.1002,1]},
{"frame":40,"values":[-0.9885,-0.1511,0,0,0,0,1,0,-0.1511,0.9885,0,0,-0.0004,-0.003,0.1002,1]},
{"frame":41,"values":[-0.988,-0.1542,0,0,0,0,1,0,-0.1542,0.988,0,0,-0.0004,-0.0036,0.1002,1]},
{"frame":42,"values":[-0.9876,-0.1571,0,0,0,0,1,0,-0.1571,0.9876,0,0,-0.0004,-0.0042,0.1002,1]},
{"frame":43,"values":[-0.9872,-0.1598,0,0,0,0,1,0,-0.1598,0.9872,0,0,-0.0004,-0.0048,0.1002,1]},
{"frame":44,"values":[-0.9867,-0.1623,0,0,0,0,1,0,-0.1623,0.9867,0,0,-0.0004,-0.0054,0.1002,1]},
{"frame":45,"values":[-0.9864,-0.1646,0,0,0,0,1,0,-0.1646,0.9864,0,0,-0.0004,-0.0059,0.1002,1]},
{"frame":46,"values":[-0.986,-0.1667,0,0,0,0,1,0,-0.1667,0.986,0,0,-0.0004,-0.0065,0.1002,1]},
{"frame":47,"values":[-0.9857,-0.1686,0,0,0,0,1,0,-0.1686,0.9857,0,0,-0.0004,-0.007,0.1002,1]},
{"frame":48,"values":[-0.9854,-0.1703,0,0,0,0,1,0,-0.1703,0.9854,0,0,-0.0004,-0.0075,0.1002,1]},
{"frame":49,"values":[-0.9851,-0.1718,0,0,0,0,1,0,-0.1718,0.9851,0,0,-0.0004,-0.008,0.1002,1]},
{"frame":50,"values":[-0.9849,-0.1731,0,0,0,0,1,0,-0.1731,0.9849,0,0,-0.0004,-0.0084,0.1002,1]},
{"frame":51,"values":[-0.9847,-0.1741,0,0,0,0,1,0,-0.1741,0.9847,0,0,-0.0004,-0.0088,0.1002,1]},
{"frame":52,"values":[-0.9846,-0.175,0,0,0,0,1,0,-0.175,0.9846,0,0,-0.0004,-0.0091,0.1002,1]},
{"frame":53,"values":[-0.9844,-0.1757,0,0,0,0,1,0,-0.1757,0.9844,0,0,-0.0004,-0.0094,0.1002,1]},
{"frame":54,"values":[-0.9843,-0.1763,0,0,0,0,1,0,-0.1763,0.9843,0,0,-0.0004,-0.0096,0.1002,1]},
{"frame":55,"values":[-0.9843,-0.1767,0,0,0,0,1,0,-0.1767,0.9843,0,0,-0.0004,-0.0098,0.1002,1]},
{"frame":56,"values":[-0.9842,-0.1769,0,0,0,0,1,0,-0.1769,0.9842,0,0,-0.0004,-0.0099,0.1002,1]},
{"frame":57,"values":[-0.9842,-0.1771,0,0,0,0,1,0,-0.1771,0.9842,0,0,-0.0004,-0.01,0.1002,1]},
{"frame":60,"values":[-0.9842,-0.1769,0,0,0,0,1,0,-0.1769,0.9842,0,0,-0.0004,-0.0099,0.1002,1]},
{"frame":61,"values":[-0.9843,-0.1767,0,0,0,0,1,0,-0.1767,0.9843,0,0,-0.0004,-0.0098,0.1002,1]},
{"frame":62,"values":[-0.9843,-0.1763,0,0,0,0,1,0,-0.1763,0.9843,0,0,-0.0004,-0.0096,0.1002,1]},
{"frame":63,"values":[-0.9844,-0.1757,0,0,0,0,1,0,-0.1757,0.9844,0,0,-0.0004,-0.0094,0.1002,1]},
{"frame":64,"values":[-0.9846,-0.175,0,0,0,0,1,0,-0.175,0.9846,0,0,-0.0004,-0.0091,0.1002,1]},
{"frame":65,"values":[-0.9847,-0.1741,0,0,0,0,1,0,-0.1741,0.9847,0,0,-0.0004,-0.0088,0.1002,1]},
{"frame":66,"values":[-0.9849,-0.1731,0,0,0,0,1,0,-0.1731,0.9849,0,0,-0.0004,-0.0084,0.1002,1]},
{"frame":67,"values":[-0.9851,-0.1718,0,0,0,0,1,0,-0.1718,0.9851,0,0,-0.0004,-0.008,0.1002,1]},
{"frame":68,"values":[-0.9854,-0.1703,0,0,0,0,1,0,-0.1703,0.9854,0,0,-0.0004,-0.0075,0.1002,1]},
{"frame":69,"values":[-0.9857,-0.1686,0,0,0,0,1,0,-0.1686,0.9857,0,0,-0.0004,-0.007,0.1002,1]},
{"frame":70,"values":[-0.986,-0.1667,0,0,0,0,1,0,-0.1667,0.986,0,0,-0.0004,-0.0065,0.1002,1]},
{"frame":71,"values":[-0.9864,-0.1646,0,0,0,0,1,0,-0.1646,0.9864,0,0,-0.0004,-0.0059,0.1002,1]},
{"frame":72,"values":[-0.9867,-0.1623,0,0,0,0,1,0,-0.1623,0.9867,0,0,-0.0004,-0.0054,0.1002,1]},
{"frame":73,"values":[-0.9872,-0.1598,0,0,0,0,1,0,-0.1598,0.9872,0,0,-0.0004,-0.0048,0.1002,1]},
{"frame":74,"values":[-0.9876,-0.1571,0,0,0,0,1,0,-0.1571,0.9876,0,0,-0.0004,-0.0042,0.1002,1]},
{"frame":75,"values":[-0.988,-0.1542,0,0,0,0,1,0,-0.1542,0.988,0,0,-0.0004,-0.0036,0.1002,1]},
{"frame":76,"values":[-0.9885,-0.1511,0,0,0,0,1,0,-0.1511,0.9885,0,0,-0.0004,-0.003,0.1002,1]},
{"frame":77,"values":[-0.989,-0.148,0,0,0,0,1,0,-0.148,0.989,0,0,-0.0004,-0.0025,0.1002,1]},
{"frame":78,"values":[-0.9895,-0.1447,0,0,0,0,1,0,-0.1447,0.9895,0,0,-0.0004,-0.0019,0.1002,1]},
{"frame":79,"values":[-0.99,-0.1413,0,0,0,0,1,0,-0.1413,0.99,0,0,-0.0004,-0.0014,0.1002,1]},
{"frame":80,"values":[-0.9905,-0.1378,0,0,0,0,1,0,-0.1378,0.9905,0,0,-0.0004,-0.0009,0.1002,1]},
{"frame":81,"values":[-0.991,-0.1342,0,0,0,0,1,0,-0.1342,0.991,0,0,-0.0004,-0.0004,0.1002,1]},
{"frame":82,"values":[-0.9914,-0.1305,0,0,0,0,1,0,-0.1305,0.9914,0,0,-0.0004,0,0.1002,1]},
{"frame":83,"values":[-0.9919,-0.1267,0,0,0,0,1,0,-0.1267,0.9919,0,0,-0.0004,0.0004,0.1002,1]},
{"frame":84,"values":[-0.9925,-0.1226,0,0,0,0,1,0,-0.1226,0.9925,0,0,-0.0004,0.0009,0.1002,1]},
{"frame":85,"values":[-0.993,-0.1183,0,0,0,0,1,0,-0.1183,0.993,0,0,-0.0004,0.0013,0.1002,1]},
{"frame":86,"values":[-0.9935,-0.1138,0,0,0,0,1,0,-0.1138,0.9935,0,0,-0.0004,0.0017,0.1002,1]},
{"frame":87,"values":[-0.994,-0.1091,0,0,0,0,1,0,-0.1091,0.994,0,0,-0.0004,0.0022,0.1002,1]},
{"frame":88,"values":[-0.9946,-0.1042,0,0,0,0,1,0,-0.1042,0.9946,0,0,-0.0004,0.0026,0.1002,1]},
{"frame":89,"values":[-0.9951,-0.0992,0,0,0,0,1,0,-0.0992,0.9951,0,0,-0.0004,0.0031,0.1002,1]},
{"frame":90,"values":[-0.9956,-0.094,0,0,0,0,1,0,-0.094,0.9956,0,0,-0.0004,0.0036,0.1002,1]},
{"frame":91,"values":[-0.9961,-0.0887,0,0,0,0,1,0,-0.0887,0.9961,0,0,-0.0004,0.004,0.1002,1]},
{"frame":92,"values":[-0.9965,-0.0833,0,0,0,0,1,0,-0.0833,0.9965,0,0,-0.0004,0.0045,0.1002,1]},
{"frame":93,"values":[-0.997,-0.0778,0,0,0,0,1,0,-0.0778,0.997,0,0,-0.0004,0.0049,0.1002,1]},
{"frame":94,"values":[-0.9974,-0.0721,0,0,0,0,1,0,-0.0721,0.9974,0,0,-0.0004,0.0054,0.1002,1]},
{"frame":95,"values":[-0.9978,-0.0664,0,0,0,0,1,0,-0.0664,0.9978,0,0,-0.0004,0.0059,0.1002,1]},
{"frame":96,"values":[-0.9982,-0.0606,0,0,0,0,1,0,-0.0606,0.9982,0,0,-0.0004,0.0063,0.1002,1]},
{"frame":97,"values":[-0.9985,-0.0546,0,0,0,0,1,0,-0.0546,0.9985,0,0,-0.0004,0.0068,0.1002,1]},
{"frame":98,"values":[-0.9988,-0.0487,0,0,0,0,1,0,-0.0487,0.9988,0,0,-0.0004,0.0072,0.1002,1]},
{"frame":99,"values":[-0.9991,-0.0426,0,0,0,0,1,0,-0.0426,0.9991,0,0,-0.0004,0.0077,0.1002,1]},
{"frame":100,"values":[-0.9993,-0.0365,0,0,0,0,1,0,-0.0365,0.9993,0,0,-0.0004,0.0081,0.1002,1]},
{"frame":101,"values":[-0.9995,-0.0303,0,0,0,0,1,0,-0.0303,0.9995,0,0,-0.0004,0.0085,0.1002,1]},
{"frame":102,"values":[-0.9997,-0.0241,0,0,0,0,1,0,-0.0241,0.9997,0,0,-0.0004,0.009,0.1002,1]},
{"frame":103,"values":[-0.9998,-0.0178,0,0,0,0,1,0,-0.0178,0.9998,0,0,-0.0004,0.0094,0.1002,1]},
{"frame":104,"values":[-0.9999,-0.0116,0,0,0,0,1,0,-0.0116,0.9999,0,0,-0.0004,0.0097,0.1002,1]},
{"frame":105,"values":[-1,-0.0056,0,0,0,0,1,0,-0.0056,1,0,0,-0.0004,0.01,0.1002,1]},
{"frame":106,"values":[-1,0,0,0,0,0,1,0,0,1,0,0,-0.0004,0.01,0.1002,1]},
{"frame":107,"values":[-1,0.0056,0,0,0,0,1,0,0.0056,1,0,0,-0.0004,0.0098,0.1002,1]},
{"frame":108,"values":[-0.9999,0.0117,0,0,0,0,1,0,0.0117,0.9999,0,0,-0.0004,0.0094,0.1002,1]},
{"frame":109,"values":[-0.9998,0.0182,0,0,0,0,1,0,0.0182,0.9998,0,0,-0.0004,0.009,0.1002,1]},
{"frame":110,"values":[-0.9997,0.0246,0,0,0,0,1,0,0.0246,0.9997,0,0,-0.0004,0.0086,0.1002,1]},
{"frame":111,"values":[-0.9995,0.0311,0,0,0,0,1,0,0.0311,0.9995,0,0,-0.0004,0.0082,0.1002,1]},
{"frame":112,"values":[-0.9993,0.0375,0,0,0,0,1,0,0.0375,0.9993,0,0,-0.0004,0.0078,0.1002,1]},
{"frame":113,"values":[-0.999,0.0438,0,0,0,0,1,0,0.0438,0.999,0,0,-0.0004,0.0073,0.1002,1]},
{"frame":114,"values":[-0.9987,0.05,0,0,0,0,1,0,0.05,0.9987,0,0,-0.0004,0.0069,0.1002,1]},
{"frame":115,"values":[-0.9984,0.0562,0,0,0,0,1,0,0.0562,0.9984,0,0,-0.0004,0.0065,0.1002,1]},
{"frame":116,"values":[-0.9981,0.0622,0,0,0,0,1,0,0.0622,0.9981,0,0,-0.0004,0.006,0.1002,1]},
{"frame":117,"values":[-0.9977,0.0682,0,0,0,0,1,0,0.0682,0.9977,0,0,-0.0004,0.0056,0.1002,1]},
{"frame":118,"values":[-0.9973,0.074,0,0,0,0,1,0,0.074,0.9973,0,0,-0.0004,0.0052,0.1002,1]},
{"frame":119,"values":[-0.9968,0.0797,0,0,0,0,1,0,0.0797,0.9968,0,0,-0.0004,0.0047,0.1002,1]},
{"frame":120,"values":[-0.9964,0.0852,0,0,0,0,1,0,0.0852,0.9964,0,0,-0.0004,0.0043,0.1002,1]},
{"frame":121,"values":[-0.9959,0.0907,0,0,0,0,1,0,0.0907,0.9959,0,0,-0.0004,0.0039,0.1002,1]},
{"frame":122,"values":[-0.9954,0.0959,0,0,0,0,1,0,0.0959,0.9954,0,0,-0.0004,0.0034,0.1002,1]},
{"frame":123,"values":[-0.9949,0.101,0,0,0,0,1,0,0.101,0.9949,0,0,-0.0004,0.003,0.1002,1]},
{"frame":124,"values":[-0.9944,0.1059,0,0,0,0,1,0,0.1059,0.9944,0,0,-0.0004,0.0026,0.1002,1]},
{"frame":125,"values":[-0.9939,0.1107,0,0,0,0,1,0,0.1107,0.9939,0,0,-0.0004,0.0021,0.1002,1]},
{"frame":126,"values":[-0.9933,0.1152,0,0,0,0,1,0,0.1152,0.9933,0,0,-0.0004,0.0017,0.1002,1]},
{"frame":127,"values":[-0.9928,0.1194,0,0,0,0,1,0,0.1194,0.9928,0,0,-0.0004,0.0013,0.1002,1]},
{"frame":128,"values":[-0.9924,0.1234,0,0,0,0,1,0,0.1234,0.9924,0,0,-0.0004,0.0008,0.1002,1]},
{"frame":129,"values":[-0.9919,0.1272,0,0,0,0,1,0,0.1272,0.9919,0,0,-0.0004,0.0004,0.1002,1]},
{"frame":130,"values":[-0.9914,0.1305,0,0,0,0,1,0,0.1305,0.9914,0,0,-0.0004,0,0.1002,1]},
{"frame":131,"values":[-0.991,0.1336,0,0,0,0,1,0,0.1336,0.991,0,0,-0.0004,-0.0004,0.1002,1]},
{"frame":132,"values":[-0.9906,0.1366,0,0,0,0,1,0,0.1366,0.9906,0,0,-0.0004,-0.0009,0.1002,1]},
{"frame":133,"values":[-0.9902,0.1395,0,0,0,0,1,0,0.1395,0.9902,0,0,-0.0004,-0.0014,0.1002,1]},
{"frame":134,"values":[-0.9898,0.1421,0,0,0,0,1,0,0.1421,0.9898,0,0,-0.0004,-0.0019,0.1002,1]},
{"frame":135,"values":[-0.9895,0.1446,0,0,0,0,1,0,0.1446,0.9895,0,0,-0.0004,-0.0024,0.1002,1]},
{"frame":136,"values":[-0.9891,0.1469,0,0,0,0,1,0,0.1469,0.9891,0,0,-0.0004,-0.003,0.1002,1]},
{"frame":137,"values":[-0.9888,0.1491,0,0,0,0,1,0,0.1491,0.9888,0,0,-0.0004,-0.0036,0.1002,1]},
{"frame":138,"values":[-0.9885,0.151,0,0,0,0,1,0,0.151,0.9885,0,0,-0.0004,-0.0042,0.1002,1]},
{"frame":139,"values":[-0.9883,0.1527,0,0,0,0,1,0,0.1527,0.9883,0,0,-0.0004,-0.0048,0.1002,1]},
{"frame":140,"values":[-0.988,0.1542,0,0,0,0,1,0,0.1542,0.988,0,0,-0.0004,-0.0053,0.1002,1]},
{"frame":141,"values":[-0.9878,0.1555,0,0,0,0,1,0,0.1555,0.9878,0,0,-0.0004,-0.0059,0.1002,1]},
{"frame":142,"values":[-0.9877,0.1566,0,0,0,0,1,0,0.1566,0.9877,0,0,-0.0004,-0.0065,0.1002,1]},
{"frame":143,"values":[-0.9875,0.1575,0,0,0,0,1,0,0.1575,0.9875,0,0,-0.0004,-0.007,0.1002,1]},
{"frame":144,"values":[-0.9874,0.1583,0,0,0,0,1,0,0.1583,0.9874,0,0,-0.0004,-0.0075,0.1002,1]},
{"frame":145,"values":[-0.9873,0.1589,0,0,0,0,1,0,0.1589,0.9873,0,0,-0.0004,-0.008,0.1002,1]},
{"frame":146,"values":[-0.9872,0.1594,0,0,0,0,1,0,0.1594,0.9872,0,0,-0.0004,-0.0084,0.1002,1]},
{"frame":147,"values":[-0.9872,0.1597,0,0,0,0,1,0,0.1597,0.9872,0,0,-0.0004,-0.0088,0.1002,1]},
{"frame":148,"values":[-0.9871,0.1599,0,0,0,0,1,0,0.1599,0.9871,0,0,-0.0004,-0.0091,0.1002,1]},
{"frame":149,"values":[-0.9871,0.1601,0,0,0,0,1,0,0.1601,0.9871,0,0,-0.0004,-0.0094,0.1002,1]},
{"frame":150,"values":[-0.9871,0.1602,0,0,0,0,1,0,0.1602,0.9871,0,0,-0.0004,-0.0096,0.1002,1]},
{"frame":151,"values":[-0.9871,0.1603,0,0,0,0,1,0,0.1603,0.9871,0,0,-0.0004,-0.0098,0.1002,1]},
{"frame":152,"values":[-0.9871,0.1603,0,0,0,0,1,0,0.1603,0.9871,0,0,-0.0004,-0.0099,0.1002,1]},
{"frame":153,"values":[-0.9871,0.1603,0,0,0,0,1,0,0.1603,0.9871,0,0,-0.0004,-0.01,0.1002,1]},
{"frame":156,"values":[-0.9871,0.1603,0,0,0,0,1,0,0.1603,0.9871,0,0,-0.0004,-0.0099,0.1002,1]},
{"frame":157,"values":[-0.9871,0.1603,0,0,0,0,1,0,0.1603,0.9871,0,0,-0.0004,-0.0098,0.1002,1]},
{"frame":158,"values":[-0.9871,0.1602,0,0,0,0,1,0,0.1602,0.9871,0,0,-0.0004,-0.0096,0.1002,1]},
{"frame":159,"values":[-0.9871,0.1601,0,0,0,0,1,0,0.1601,0.9871,0,0,-0.0004,-0.0094,0.1002,1]},
{"frame":160,"values":[-0.9871,0.1599,0,0,0,0,1,0,0.1599,0.9871,0,0,-0.0004,-0.0091,0.1002,1]},
{"frame":161,"values":[-0.9872,0.1597,0,0,0,0,1,0,0.1597,0.9872,0,0,-0.0004,-0.0088,0.1002,1]},
{"frame":162,"values":[-0.9872,0.1594,0,0,0,0,1,0,0.1594,0.9872,0,0,-0.0004,-0.0084,0.1002,1]},
{"frame":163,"values":[-0.9873,0.1589,0,0,0,0,1,0,0.1589,0.9873,0,0,-0.0004,-0.008,0.1002,1]},
{"frame":164,"values":[-0.9874,0.1583,0,0,0,0,1,0,0.1583,0.9874,0,0,-0.0004,-0.0075,0.1002,1]},
{"frame":165,"values":[-0.9875,0.1575,0,0,0,0,1,0,0.1575,0.9875,0,0,-0.0004,-0.007,0.1002,1]},
{"frame":166,"values":[-0.9877,0.1566,0,0,0,0,1,0,0.1566,0.9877,0,0,-0.0004,-0.0065,0.1002,1]},
{"frame":167,"values":[-0.9878,0.1555,0,0,0,0,1,0,0.1555,0.9878,0,0,-0.0004,-0.0059,0.1002,1]},
{"frame":168,"values":[-0.988,0.1542,0,0,0,0,1,0,0.1542,0.988,0,0,-0.0004,-0.0054,0.1002,1]},
{"frame":169,"values":[-0.9883,0.1527,0,0,0,0,1,0,0.1527,0.9883,0,0,-0.0004,-0.0048,0.1002,1]},
{"frame":170,"values":[-0.9885,0.151,0,0,0,0,1,0,0.151,0.9885,0,0,-0.0004,-0.0042,0.1002,1]},
{"frame":171,"values":[-0.9888,0.1491,0,0,0,0,1,0,0.1491,0.9888,0,0,-0.0004,-0.0036,0.1002,1]},
{"frame":172,"values":[-0.9891,0.1469,0,0,0,0,1,0,0.1469,0.9891,0,0,-0.0004,-0.003,0.1002,1]},
{"frame":173,"values":[-0.9895,0.1446,0,0,0,0,1,0,0.1446,0.9895,0,0,-0.0004,-0.0025,0.1002,1]},
{"frame":174,"values":[-0.9898,0.1421,0,0,0,0,1,0,0.1421,0.9898,0,0,-0.0004,-0.0019,0.1002,1]},
{"frame":175,"values":[-0.9902,0.1395,0,0,0,0,1,0,0.1395,0.9902,0,0,-0.0004,-0.0014,0.1002,1]},
{"frame":176,"values":[-0.9906,0.1366,0,0,0,0,1,0,0.1366,0.9906,0,0,-0.0004,-0.0009,0.1002,1]},
{"frame":177,"values":[-0.991,0.1336,0,0,0,0,1,0,0.1336,0.991,0,0,-0.0004,-0.0004,0.1002,1]},
{"frame":178,"values":[-0.9914,0.1305,0,0,0,0,1,0,0.1305,0.9914,0,0,-0.0004,0,0.1002,1]},
{"frame":179,"values":[-0.9919,0.1272,0,0,0,0,1,0,0.1272,0.9919,0,0,-0.0004,0.0004,0.1002,1]},
{"frame":180,"values":[-0.9924,0.1234,0,0,0,0,1,0,0.1234,0.9924,0,0,-0.0004,0.0009,0.1002,1]},
{"frame":181,"values":[-0.9928,0.1194,0,0,0,0,1,0,0.1194,0.9928,0,0,-0.0004,0.0013,0.1002,1]},
{"frame":182,"values":[-0.9933,0.1152,0,0,0,0,1,0,0.1152,0.9933,0,0,-0.0004,0.0017,0.1002,1]},
{"frame":183,"values":[-0.9939,0.1107,0,0,0,0,1,0,0.1107,0.9939,0,0,-0.0004,0.0022,0.1002,1]},
{"frame":184,"values":[-0.9944,0.1059,0,0,0,0,1,0,0.1059,0.9944,0,0,-0.0004,0.0026,0.1002,1]},
{"frame":185,"values":[-0.9949,0.101,0,0,0,0,1,0,0.101,0.9949,0,0,-0.0004,0.0031,0.1002,1]},
{"frame":186,"values":[-0.9954,0.0959,0,0,0,0,1,0,0.0959,0.9954,0,0,-0.0004,0.0036,0.1002,1]},
{"frame":187,"values":[-0.9959,0.0907,0,0,0,0,1,0,0.0907,0.9959,0,0,-0.0004,0.004,0.1002,1]},
{"frame":188,"values":[-0.9964,0.0852,0,0,0,0,1,0,0.0852,0.9964,0,0,-0.0004,0.0045,0.1002,1]},
{"frame":189,"values":[-0.9968,0.0797,0,0,0,0,1,0,0.0797,0.9968,0,0,-0.0004,0.0049,0.1002,1]},
{"frame":190,"values":[-0.9973,0.074,0,0,0,0,1,0,0.074,0.9973,0,0,-0.0004,0.0054,0.1002,1]},
{"frame":191,"values":[-0.9977,0.0682,0,0,0,0,1,0,0.0682,0.9977,0,0,-0.0004,0.0059,0.1002,1]},
{"frame":192,"values":[-0.9981,0.0622,0,0,0,0,1,0,0.0622,0.9981,0,0,-0.0004,0.0063,0.1002,1]},
{"frame":193,"values":[-0.9984,0.0562,0,0,0,0,1,0,0.0562,0.9984,0,0,-0.0004,0.0068,0.1002,1]},
{"frame":194,"values":[-0.9987,0.05,0,0,0,0,1,0,0.05,0.9987,0,0,-0.0004,0.0072,0.1002,1]},
{"frame":195,"values":[-0.999,0.0438,0,0,0,0,1,0,0.0438,0.999,0,0,-0.0004,0.0077,0.1002,1]},
{"frame":196,"values":[-0.9993,0.0375,0,0,0,0,1,0,0.0375,0.9993,0,0,-0.0004,0.0081,0.1002,1]},
{"frame":197,"values":[-0.9995,0.0311,0,0,0,0,1,0,0.0311,0.9995,0,0,-0.0004,0.0085,0.1002,1]},
{"frame":198,"values":[-0.9997,0.0246,0,0,0,0,1,0,0.0246,0.9997,0,0,-0.0004,0.009,0.1002,1]},
{"frame":199,"values":[-0.9998,0.0182,0,0,0,0,1,0,0.0182,0.9998,0,0,-0.0004,0.0094,0.1002,1]},
{"frame":200,"values":[-0.9999,0.0117,0,0,0,0,1,0,0.0117,0.9999,0,0,-0.0004,0.0097,0.1002,1]},
{"frame":201,"values":[-1,0.0056,0,0,0,0,1,0,0.0056,1,0,0,-0.0004,0.01,0.1002,1]},
{"frame":202,"values":[-1,0,0,0,0,0,1,0,0,1,0,0,-0.0004,0.01,0.1002,1]}],"loopBehavior":1,"name":"anim","property":"_matrix"}},
{"name":"ring","index":2,"matrix":[-0.9798,0.1998,0,0,0,0,1,0,0.1998,0.9798,0,0,0,0,0.2599,1],"rest":[-1,0,0,0,0,0,1,0,0,1,0,0,0,0,0.26,1],"parentBoneIndex":0,"length":0.48
,"animation":{"dataType":3,"framePerSecond":24,"keys":[
{"frame":1,"values":[-0.92,-0.3919,0,0,0,0,1,0,-0.3919,0.92,0,0,0,0,0.2599,1]},
{"frame":3,"values":[-0.92,-0.3919,0,0,0,0,1,0,-0.3919,0.92,0,0,0,0,0.2599,1]},
{"frame":10,"values":[-1,0,0,0,0,0,1,0,0,1,0,0,0,0,0.2599,1]},
{"frame":11,"values":[-0.9976,0.0698,0,0,0,0,1,0,0.0698,0.9976,0,0,0,0,0.2599,1]},
{"frame":12,"values":[-0.9908,0.1354,0,0,0,0,1,0,0.1354,0.9908,0,0,0,0,0.2599,1]},
{"frame":13,"values":[-0.9798,0.1998,0,0,0,0,1,0,0.1998,0.9798,0,0,0,0,0.2599,1]},
{"frame":14,"values":[-0.9647,0.2632,0,0,0,0,1,0,0.2632,0.9647,0,0,0,0,0.2599,1]},
{"frame":15,"values":[-0.9456,0.3253,0,0,0,0,1,0,0.3253,0.9456,0,0,0,0,0.2599,1]},
{"frame":16,"values":[-0.9225,0.386,0,0,0,0,1,0,0.386,0.9225,0,0,0,0,0.2599,1]},
{"frame":17,"values":[-0.8955,0.445,0,0,0,0,1,0,0.445,0.8955,0,0,0,0,0.2599,1]},
{"frame":18,"values":[-0.8648,0.5021,0,0,0,0,1,0,0.5021,0.8648,0,0,0,0,0.2599,1]},
{"frame":19,"values":[-0.8304,0.5571,0,0,0,0,1,0,0.5571,0.8304,0,0,0,0,0.2599,1]},
{"frame":20,"values":[-0.7926,0.6098,0,0,0,0,1,0,0.6098,0.7926,0,0,0,0,0.2599,1]},
{"frame":21,"values":[-0.7514,0.6598,0,0,0,0,1,0,0.6598,0.7514,0,0,0,0,0.2599,1]},
{"frame":22,"values":[-0.7071,0.7071,0,0,0,0,1,0,0.7071,0.7071,0,0,0,0,0.2599,1]},
{"frame":23,"values":[-0.6598,0.7514,0,0,0,0,1,0,0.7514,0.6598,0,0,0,0,0.2599,1]},
{"frame":24,"values":[-0.6098,0.7926,0,0,0,0,1,0,0.7926,0.6098,0,0,0,0,0.2599,1]},
{"frame":25,"values":[-0.5571,0.8304,0,0,0,0,1,0,0.8304,0.5571,0,0,0,0,0.2599,1]},
{"frame":26,"values":[-0.5021,0.8648,0,0,0,0,1,0,0.8648,0.5021,0,0,0,0,0.2599,1]},
{"frame":27,"values":[-0.445,0.8955,0,0,0,0,1,0,0.8955,0.445,0,0,0,0,0.2599,1]},
{"frame":28,"values":[-0.386,0.9225,0,0,0,0,1,0,0.9225,0.386,0,0,0,0,0.2599,1]},
{"frame":29,"values":[-0.3253,0.9456,0,0,0,0,1,0,0.9456,0.3253,0,0,0,0,0.2599,1]},
{"frame":30,"values":[-0.2632,0.9647,0,0,0,0,1,0,0.9647,0.2632,0,0,0,0,0.2599,1]},
{"frame":31,"values":[-0.1998,0.9798,0,0,0,0,1,0,0.9798,0.1998,0,0,0,0,0.2599,1]},
{"frame":32,"values":[-0.1354,0.9908,0,0,0,0,1,0,0.9908,0.1354,0,0,0,0,0.2599,1]},
{"frame":33,"values":[-0.0698,0.9976,0,0,0,0,1,0,0.9976,0.0698,0,0,0,0,0.2599,1]},
{"frame":34,"values":[0,1,0,0,0,0,1,0,1,0,0,0,0,0,0.2599,1]},
{"frame":35,"values":[0.0698,0.9976,0,0,0,0,1,0,0.9976,-0.0698,0,0,0,0,0.2599,1]},
{"frame":36,"values":[0.1354,0.9908,0,0,0,0,1,0,0.9908,-0.1354,0,0,0,0,0.2599,1]},
{"frame":37,"values":[0.1998,0.9798,0,0,0,0,1,0,0.9798,-0.1998,0,0,0,0,0.2599,1]},
{"frame":38,"values":[0.2632,0.9647,0,0,0,0,1,0,0.9647,-0.2632,0,0,0,0,0.2599,1]},
{"frame":39,"values":[0.3253,0.9456,0,0,0,0,1,0,0.9456,-0.3253,0,0,0,0,0.2599,1]},
{"frame":40,"values":[0.386,0.9225,0,0,0,0,1,0,0.9225,-0.386,0,0,0,0,0.2599,1]},
{"frame":41,"values":[0.445,0.8955,0,0,0,0,1,0,0.8955,-0.445,0,0,0,0,0.2599,1]},
{"frame":42,"values":[0.5021,0.8648,0,0,0,0,1,0,0.8648,-0.5021,0,0,0,0,0.2599,1]},
{"frame":43,"values":[0.5571,0.8304,0,0,0,0,1,0,0.8304,-0.5571,0,0,0,0,0.2599,1]},
{"frame":44,"values":[0.6098,0.7926,0,0,0,0,1,0,0.7926,-0.6098,0,0,0,0,0.2599,1]},
{"frame":45,"values":[0.6598,0.7514,0,0,0,0,1,0,0.7514,-0.6598,0,0,0,0,0.2599,1]},
{"frame":46,"values":[0.7071,0.7071,0,0,0,0,1,0,0.7071,-0.7071,0,0,0,0,0.2599,1]},
{"frame":47,"values":[0.7514,0.6598,0,0,0,0,1,0,0.6598,-0.7514,0,0,0,0,0.2599,1]},
{"frame":48,"values":[0.7926,0.6098,0,0,0,0,1,0,0.6098,-0.7926,0,0,0,0,0.2599,1]},
{"frame":49,"values":[0.8304,0.5571,0,0,0,0,1,0,0.5571,-0.8304,0,0,0,0,0.2599,1]},
{"frame":50,"values":[0.8648,0.5021,0,0,0,0,1,0,0.5021,-0.8648,0,0,0,0,0.2599,1]},
{"frame":51,"values":[0.8955,0.445,0,0,0,0,1,0,0.445,-0.8955,0,0,0,0,0.2599,1]},
{"frame":52,"values":[0.9225,0.386,0,0,0,0,1,0,0.386,-0.9225,0,0,0,0,0.2599,1]},
{"frame":53,"values":[0.9456,0.3253,0,0,0,0,1,0,0.3253,-0.9456,0,0,0,0,0.2599,1]},
{"frame":54,"values":[0.9647,0.2632,0,0,0,0,1,0,0.2632,-0.9647,0,0,0,0,0.2599,1]},
{"frame":55,"values":[0.9798,0.1998,0,0,0,0,1,0,0.1998,-0.9798,0,0,0,0,0.2599,1]},
{"frame":56,"values":[0.9908,0.1354,0,0,0,0,1,0,0.1354,-0.9908,0,0,0,0,0.2599,1]},
{"frame":57,"values":[0.9976,0.0698,0,0,0,0,1,0,0.0698,-0.9976,0,0,0,0,0.2599,1]},
{"frame":58,"values":[1,0,0,0,0,0,1,0,0,-1,0,0,0,0,0.2599,1]},
{"frame":59,"values":[0.9976,-0.0698,0,0,0,0,1,0,-0.0698,-0.9976,0,0,0,0,0.2599,1]},
{"frame":60,"values":[0.9908,-0.1354,0,0,0,0,1,0,-0.1354,-0.9908,0,0,0,0,0.2599,1]},
{"frame":61,"values":[0.9798,-0.1998,0,0,0,0,1,0,-0.1998,-0.9798,0,0,0,0,0.2599,1]},
{"frame":62,"values":[0.9647,-0.2632,0,0,0,0,1,0,-0.2632,-0.9647,0,0,0,0,0.2599,1]},
{"frame":63,"values":[0.9456,-0.3253,0,0,0,0,1,0,-0.3253,-0.9456,0,0,0,0,0.2599,1]},
{"frame":64,"values":[0.9225,-0.386,0,0,0,0,1,0,-0.386,-0.9225,0,0,0,0,0.2599,1]},
{"frame":65,"values":[0.8955,-0.445,0,0,0,0,1,0,-0.445,-0.8955,0,0,0,0,0.2599,1]},
{"frame":66,"values":[0.8648,-0.5021,0,0,0,0,1,0,-0.5021,-0.8648,0,0,0,0,0.2599,1]},
{"frame":67,"values":[0.8304,-0.5571,0,0,0,0,1,0,-0.5571,-0.8304,0,0,0,0,0.2599,1]},
{"frame":68,"values":[0.7926,-0.6098,0,0,0,0,1,0,-0.6098,-0.7926,0,0,0,0,0.2599,1]},
{"frame":69,"values":[0.7514,-0.6598,0,0,0,0,1,0,-0.6598,-0.7514,0,0,0,0,0.2599,1]},
{"frame":70,"values":[0.7071,-0.7071,0,0,0,0,1,0,-0.7071,-0.7071,0,0,0,0,0.2599,1]},
{"frame":71,"values":[0.6598,-0.7514,0,0,0,0,1,0,-0.7514,-0.6598,0,0,0,0,0.2599,1]},
{"frame":72,"values":[0.6098,-0.7926,0,0,0,0,1,0,-0.7926,-0.6098,0,0,0,0,0.2599,1]},
{"frame":73,"values":[0.5571,-0.8304,0,0,0,0,1,0,-0.8304,-0.5571,0,0,0,0,0.2599,1]},
{"frame":74,"values":[0.5021,-0.8648,0,0,0,0,1,0,-0.8648,-0.5021,0,0,0,0,0.2599,1]},
{"frame":75,"values":[0.445,-0.8955,0,0,0,0,1,0,-0.8955,-0.445,0,0,0,0,0.2599,1]},
{"frame":76,"values":[0.386,-0.9225,0,0,0,0,1,0,-0.9225,-0.386,0,0,0,0,0.2599,1]},
{"frame":77,"values":[0.3253,-0.9456,0,0,0,0,1,0,-0.9456,-0.3253,0,0,0,0,0.2599,1]},
{"frame":78,"values":[0.2632,-0.9647,0,0,0,0,1,0,-0.9647,-0.2632,0,0,0,0,0.2599,1]},
{"frame":79,"values":[0.1998,-0.9798,0,0,0,0,1,0,-0.9798,-0.1998,0,0,0,0,0.2599,1]},
{"frame":80,"values":[0.1354,-0.9908,0,0,0,0,1,0,-0.9908,-0.1354,0,0,0,0,0.2599,1]},
{"frame":81,"values":[0.0698,-0.9976,0,0,0,0,1,0,-0.9976,-0.0698,0,0,0,0,0.2599,1]},
{"frame":82,"values":[0,-1,0,0,0,0,1,0,-1,0,0,0,0,0,0.2599,1]},
{"frame":83,"values":[-0.0698,-0.9976,0,0,0,0,1,0,-0.9976,0.0698,0,0,0,0,0.2599,1]},
{"frame":84,"values":[-0.1388,-0.9903,0,0,0,0,1,0,-0.9903,0.1388,0,0,0,0,0.2599,1]},
{"frame":85,"values":[-0.2079,-0.9781,0,0,0,0,1,0,-0.9781,0.2079,0,0,0,0,0.2599,1]},
{"frame":86,"values":[-0.2761,-0.9611,0,0,0,0,1,0,-0.9611,0.2761,0,0,0,0,0.2599,1]},
{"frame":87,"values":[-0.3428,-0.9394,0,0,0,0,1,0,-0.9394,0.3428,0,0,0,0,0.2599,1]},
{"frame":88,"values":[-0.4077,-0.9131,0,0,0,0,1,0,-0.9131,0.4077,0,0,0,0,0.2599,1]},
{"frame":89,"values":[-0.4704,-0.8824,0,0,0,0,1,0,-0.8824,0.4704,0,0,0,0,0.2599,1]},
{"frame":90,"values":[-0.5307,-0.8476,0,0,0,0,1,0,-0.8476,0.5307,0,0,0,0,0.2599,1]},
{"frame":91,"values":[-0.5881,-0.8088,0,0,0,0,1,0,-0.8088,0.5881,0,0,0,0,0.2599,1]},
{"frame":92,"values":[-0.6425,-0.7663,0,0,0,0,1,0,-0.7663,0.6425,0,0,0,0,0.2599,1]},
{"frame":93,"values":[-0.6936,-0.7204,0,0,0,0,1,0,-0.7204,0.6936,0,0,0,0,0.2599,1]},
{"frame":94,"values":[-0.7411,-0.6714,0,0,0,0,1,0,-0.6714,0.7411,0,0,0,0,0.2599,1]},
{"frame":95,"values":[-0.785,-0.6195,0,0,0,0,1,0,-0.6195,0.785,0,0,0,0,0.2599,1]},
{"frame":96,"values":[-0.8249,-0.5653,0,0,0,0,1,0,-0.5653,0.8249,0,0,0,0,0.2599,1]},
{"frame":97,"values":[-0.8608,-0.509,0,0,0,0,1,0,-0.509,0.8608,0,0,0,0,0.2599,1]},
{"frame":98,"values":[-0.8925,-0.451,0,0,0,0,1,0,-0.451,0.8925,0,0,0,0,0.2599,1]},
{"frame":99,"values":[-0.92,-0.3919,0,0,0,0,1,0,-0.3919,0.92,0,0,0,0,0.2599,1]},
{"frame":100,"values":[-0.9432,-0.3321,0,0,0,0,1,0,-0.3321,0.9432,0,0,0,0,0.2599,1]},
{"frame":101,"values":[-0.9622,-0.2723,0,0,0,0,1,0,-0.2723,0.9622,0,0,0,0,0.2599,1]},
{"frame":102,"values":[-0.977,-0.2133,0,0,0,0,1,0,-0.2133,0.977,0,0,0,0,0.2599,1]},
{"frame":103,"values":[-0.9877,-0.1564,0,0,0,0,1,0,-0.1564,0.9877,0,0,0,0,0.2599,1]},
{"frame":104,"values":[-0.9945,-0.1043,0,0,0,0,1,0,-0.1043,0.9945,0,0,0,0,0.2599,1]},
{"frame":105,"values":[-0.9976,-0.0698,0,0,0,0,1,0,-0.0698,0.9976,0,0,0,0,0.2599,1]},
{"frame":106,"values":[-1,0,0,0,0,0,1,0,0,1,0,0,0,0,0.2599,1]},
{"frame":107,"values":[-0.9976,0.0698,0,0,0,0,1,0,0.0698,0.9976,0,0,0,0,0.2599,1]},
{"frame":108,"values":[-0.9908,0.1354,0,0,0,0,1,0,0.1354,0.9908,0,0,0,0,0.2599,1]},
{"frame":109,"values":[-0.9798,0.1998,0,0,0,0,1,0,0.1998,0.9798,0,0,0,0,0.2599,1]},
{"frame":110,"values":[-0.9647,0.2632,0,0,0,0,1,0,0.2632,0.9647,0,0,0,0,0.2599,1]},
{"frame":111,"values":[-0.9456,0.3253,0,0,0,0,1,0,0.3253,0.9456,0,0,0,0,0.2599,1]},
{"frame":112,"values":[-0.9225,0.386,0,0,0,0,1,0,0.386,0.9225,0,0,0,0,0.2599,1]},
{"frame":113,"values":[-0.8955,0.445,0,0,0,0,1,0,0.445,0.8955,0,0,0,0,0.2599,1]},
{"frame":114,"values":[-0.8648,0.5021,0,0,0,0,1,0,0.5021,0.8648,0,0,0,0,0.2599,1]},
{"frame":115,"values":[-0.8304,0.5571,0,0,0,0,1,0,0.5571,0.8304,0,0,0,0,0.2599,1]},
{"frame":116,"values":[-0.7926,0.6098,0,0,0,0,1,0,0.6098,0.7926,0,0,0,0,0.2599,1]},
{"frame":117,"values":[-0.7514,0.6598,0,0,0,0,1,0,0.6598,0.7514,0,0,0,0,0.2599,1]},
{"frame":118,"values":[-0.7071,0.7071,0,0,0,0,1,0,0.7071,0.7071,0,0,0,0,0.2599,1]},
{"frame":119,"values":[-0.6598,0.7514,0,0,0,0,1,0,0.7514,0.6598,0,0,0,0,0.2599,1]},
{"frame":120,"values":[-0.6098,0.7926,0,0,0,0,1,0,0.7926,0.6098,0,0,0,0,0.2599,1]},
{"frame":121,"values":[-0.5571,0.8304,0,0,0,0,1,0,0.8304,0.5571,0,0,0,0,0.2599,1]},
{"frame":122,"values":[-0.5021,0.8648,0,0,0,0,1,0,0.8648,0.5021,0,0,0,0,0.2599,1]},
{"frame":123,"values":[-0.445,0.8955,0,0,0,0,1,0,0.8955,0.445,0,0,0,0,0.2599,1]},
{"frame":124,"values":[-0.386,0.9225,0,0,0,0,1,0,0.9225,0.386,0,0,0,0,0.2599,1]},
{"frame":125,"values":[-0.3253,0.9456,0,0,0,0,1,0,0.9456,0.3253,0,0,0,0,0.2599,1]},
{"frame":126,"values":[-0.2632,0.9647,0,0,0,0,1,0,0.9647,0.2632,0,0,0,0,0.2599,1]},
{"frame":127,"values":[-0.1998,0.9798,0,0,0,0,1,0,0.9798,0.1998,0,0,0,0,0.2599,1]},
{"frame":128,"values":[-0.1354,0.9908,0,0,0,0,1,0,0.9908,0.1354,0,0,0,0,0.2599,1]},
{"frame":129,"values":[-0.0698,0.9976,0,0,0,0,1,0,0.9976,0.0698,0,0,0,0,0.2599,1]},
{"frame":130,"values":[0,1,0,0,0,0,1,0,1,0,0,0,0,0,0.2599,1]},
{"frame":131,"values":[0.0698,0.9976,0,0,0,0,1,0,0.9976,-0.0698,0,0,0,0,0.2599,1]},
{"frame":132,"values":[0.1354,0.9908,0,0,0,0,1,0,0.9908,-0.1354,0,0,0,0,0.2599,1]},
{"frame":133,"values":[0.1998,0.9798,0,0,0,0,1,0,0.9798,-0.1998,0,0,0,0,0.2599,1]},
{"frame":134,"values":[0.2632,0.9647,0,0,0,0,1,0,0.9647,-0.2632,0,0,0,0,0.2599,1]},
{"frame":135,"values":[0.3253,0.9456,0,0,0,0,1,0,0.9456,-0.3253,0,0,0,0,0.2599,1]},
{"frame":136,"values":[0.386,0.9225,0,0,0,0,1,0,0.9225,-0.386,0,0,0,0,0.2599,1]},
{"frame":137,"values":[0.445,0.8955,0,0,0,0,1,0,0.8955,-0.445,0,0,0,0,0.2599,1]},
{"frame":138,"values":[0.5021,0.8648,0,0,0,0,1,0,0.8648,-0.5021,0,0,0,0,0.2599,1]},
{"frame":139,"values":[0.5571,0.8304,0,0,0,0,1,0,0.8304,-0.5571,0,0,0,0,0.2599,1]},
{"frame":140,"values":[0.6098,0.7926,0,0,0,0,1,0,0.7926,-0.6098,0,0,0,0,0.2599,1]},
{"frame":141,"values":[0.6598,0.7514,0,0,0,0,1,0,0.7514,-0.6598,0,0,0,0,0.2599,1]},
{"frame":142,"values":[0.7071,0.7071,0,0,0,0,1,0,0.7071,-0.7071,0,0,0,0,0.2599,1]},
{"frame":143,"values":[0.7514,0.6598,0,0,0,0,1,0,0.6598,-0.7514,0,0,0,0,0.2599,1]},
{"frame":144,"values":[0.7926,0.6098,0,0,0,0,1,0,0.6098,-0.7926,0,0,0,0,0.2599,1]},
{"frame":145,"values":[0.8304,0.5571,0,0,0,0,1,0,0.5571,-0.8304,0,0,0,0,0.2599,1]},
{"frame":146,"values":[0.8648,0.5021,0,0,0,0,1,0,0.5021,-0.8648,0,0,0,0,0.2599,1]},
{"frame":147,"values":[0.8955,0.445,0,0,0,0,1,0,0.445,-0.8955,0,0,0,0,0.2599,1]},
{"frame":148,"values":[0.9225,0.386,0,0,0,0,1,0,0.386,-0.9225,0,0,0,0,0.2599,1]},
{"frame":149,"values":[0.9456,0.3253,0,0,0,0,1,0,0.3253,-0.9456,0,0,0,0,0.2599,1]},
{"frame":150,"values":[0.9647,0.2632,0,0,0,0,1,0,0.2632,-0.9647,0,0,0,0,0.2599,1]},
{"frame":151,"values":[0.9798,0.1998,0,0,0,0,1,0,0.1998,-0.9798,0,0,0,0,0.2599,1]},
{"frame":152,"values":[0.9908,0.1354,0,0,0,0,1,0,0.1354,-0.9908,0,0,0,0,0.2599,1]},
{"frame":153,"values":[0.9976,0.0698,0,0,0,0,1,0,0.0698,-0.9976,0,0,0,0,0.2599,1]},
{"frame":154,"values":[1,0,0,0,0,0,1,0,0,-1,0,0,0,0,0.2599,1]},
{"frame":155,"values":[0.9976,-0.0698,0,0,0,0,1,0,-0.0698,-0.9976,0,0,0,0,0.2599,1]},
{"frame":156,"values":[0.9908,-0.1354,0,0,0,0,1,0,-0.1354,-0.9908,0,0,0,0,0.2599,1]},
{"frame":157,"values":[0.9798,-0.1998,0,0,0,0,1,0,-0.1998,-0.9798,0,0,0,0,0.2599,1]},
{"frame":158,"values":[0.9647,-0.2632,0,0,0,0,1,0,-0.2632,-0.9647,0,0,0,0,0.2599,1]},
{"frame":159,"values":[0.9456,-0.3253,0,0,0,0,1,0,-0.3253,-0.9456,0,0,0,0,0.2599,1]},
{"frame":160,"values":[0.9225,-0.386,0,0,0,0,1,0,-0.386,-0.9225,0,0,0,0,0.2599,1]},
{"frame":161,"values":[0.8955,-0.445,0,0,0,0,1,0,-0.445,-0.8955,0,0,0,0,0.2599,1]},
{"frame":162,"values":[0.8648,-0.5021,0,0,0,0,1,0,-0.5021,-0.8648,0,0,0,0,0.2599,1]},
{"frame":163,"values":[0.8304,-0.5571,0,0,0,0,1,0,-0.5571,-0.8304,0,0,0,0,0.2599,1]},
{"frame":164,"values":[0.7926,-0.6098,0,0,0,0,1,0,-0.6098,-0.7926,0,0,0,0,0.2599,1]},
{"frame":165,"values":[0.7514,-0.6598,0,0,0,0,1,0,-0.6598,-0.7514,0,0,0,0,0.2599,1]},
{"frame":166,"values":[0.7071,-0.7071,0,0,0,0,1,0,-0.7071,-0.7071,0,0,0,0,0.2599,1]},
{"frame":167,"values":[0.6598,-0.7514,0,0,0,0,1,0,-0.7514,-0.6598,0,0,0,0,0.2599,1]},
{"frame":168,"values":[0.6098,-0.7926,0,0,0,0,1,0,-0.7926,-0.6098,0,0,0,0,0.2599,1]},
{"frame":169,"values":[0.5571,-0.8304,0,0,0,0,1,0,-0.8304,-0.5571,0,0,0,0,0.2599,1]},
{"frame":170,"values":[0.5021,-0.8648,0,0,0,0,1,0,-0.8648,-0.5021,0,0,0,0,0.2599,1]},
{"frame":171,"values":[0.445,-0.8955,0,0,0,0,1,0,-0.8955,-0.445,0,0,0,0,0.2599,1]},
{"frame":172,"values":[0.386,-0.9225,0,0,0,0,1,0,-0.9225,-0.386,0,0,0,0,0.2599,1]},
{"frame":173,"values":[0.3253,-0.9456,0,0,0,0,1,0,-0.9456,-0.3253,0,0,0,0,0.2599,1]},
{"frame":174,"values":[0.2632,-0.9647,0,0,0,0,1,0,-0.9647,-0.2632,0,0,0,0,0.2599,1]},
{"frame":175,"values":[0.1998,-0.9798,0,0,0,0,1,0,-0.9798,-0.1998,0,0,0,0,0.2599,1]},
{"frame":176,"values":[0.1354,-0.9908,0,0,0,0,1,0,-0.9908,-0.1354,0,0,0,0,0.2599,1]},
{"frame":177,"values":[0.0698,-0.9976,0,0,0,0,1,0,-0.9976,-0.0698,0,0,0,0,0.2599,1]},
{"frame":178,"values":[0,-1,0,0,0,0,1,0,-1,0,0,0,0,0,0.2599,1]},
{"frame":179,"values":[-0.0698,-0.9976,0,0,0,0,1,0,-0.9976,0.0698,0,0,0,0,0.2599,1]},
{"frame":180,"values":[-0.1354,-0.9908,0,0,0,0,1,0,-0.9908,0.1354,0,0,0,0,0.2599,1]},
{"frame":181,"values":[-0.1998,-0.9798,0,0,0,0,1,0,-0.9798,0.1998,0,0,0,0,0.2599,1]},
{"frame":182,"values":[-0.2632,-0.9647,0,0,0,0,1,0,-0.9647,0.2632,0,0,0,0,0.2599,1]},
{"frame":183,"values":[-0.3253,-0.9456,0,0,0,0,1,0,-0.9456,0.3253,0,0,0,0,0.2599,1]},
{"frame":184,"values":[-0.386,-0.9225,0,0,0,0,1,0,-0.9225,0.386,0,0,0,0,0.2599,1]},
{"frame":185,"values":[-0.445,-0.8955,0,0,0,0,1,0,-0.8955,0.445,0,0,0,0,0.2599,1]},
{"frame":186,"values":[-0.5021,-0.8648,0,0,0,0,1,0,-0.8648,0.5021,0,0,0,0,0.2599,1]},
{"frame":187,"values":[-0.5571,-0.8304,0,0,0,0,1,0,-0.8304,0.5571,0,0,0,0,0.2599,1]},
{"frame":188,"values":[-0.6098,-0.7926,0,0,0,0,1,0,-0.7926,0.6098,0,0,0,0,0.2599,1]},
{"frame":189,"values":[-0.6598,-0.7514,0,0,0,0,1,0,-0.7514,0.6598,0,0,0,0,0.2599,1]},
{"frame":190,"values":[-0.7071,-0.7071,0,0,0,0,1,0,-0.7071,0.7071,0,0,0,0,0.2599,1]},
{"frame":191,"values":[-0.7514,-0.6598,0,0,0,0,1,0,-0.6598,0.7514,0,0,0,0,0.2599,1]},
{"frame":192,"values":[-0.7926,-0.6098,0,0,0,0,1,0,-0.6098,0.7926,0,0,0,0,0.2599,1]},
{"frame":193,"values":[-0.8304,-0.5571,0,0,0,0,1,0,-0.5571,0.8304,0,0,0,0,0.2599,1]},
{"frame":194,"values":[-0.8648,-0.5021,0,0,0,0,1,0,-0.5021,0.8648,0,0,0,0,0.2599,1]},
{"frame":195,"values":[-0.8955,-0.445,0,0,0,0,1,0,-0.445,0.8955,0,0,0,0,0.2599,1]},
{"frame":196,"values":[-0.9225,-0.386,0,0,0,0,1,0,-0.386,0.9225,0,0,0,0,0.2599,1]},
{"frame":197,"values":[-0.9456,-0.3253,0,0,0,0,1,0,-0.3253,0.9456,0,0,0,0,0.2599,1]},
{"frame":198,"values":[-0.9647,-0.2632,0,0,0,0,1,0,-0.2632,0.9647,0,0,0,0,0.2599,1]},
{"frame":199,"values":[-0.9798,-0.1998,0,0,0,0,1,0,-0.1998,0.9798,0,0,0,0,0.2599,1]},
{"frame":200,"values":[-0.9908,-0.1354,0,0,0,0,1,0,-0.1354,0.9908,0,0,0,0,0.2599,1]},
{"frame":201,"values":[-0.9976,-0.0698,0,0,0,0,1,0,-0.0698,0.9976,0,0,0,0,0.2599,1]},
{"frame":202,"values":[-1,0,0,0,0,0,1,0,0,1,0,0,0,0,0.2599,1]}],"loopBehavior":1,"name":"anim","property":"_matrix"}}]
,"ranges":[{"name":"99_default","from":0,"to":3},{"name":"idle01","from":10,"to":202}]}],
"meshes":[{"name":"animatedPylon01","id":"animatedPylon01","billboardMode":0,"position":[0,0,0],"rotation":[0,0,0],"scaling":[1,1,1],"isVisible":true,"freezeWorldMatrix":false,"isEnabled":true,"checkCollisions":false,"receiveShadows":false,"pickable":true,"tags":"","skeletonId":0,"numBoneInfluencers":1
,"positions":[0.1117,0.5973,0.2948,0.2401,0.4999,0.2198,0.1171,0.4999,0.3091,0.3149,0.5973,-0.0152,0.2832,0.4999,-0.1604,0.3301,0.4999,-0.0159,0.0829,0.5973,-0.3042,0.0188,0.4999,-0.3189,0.0869,0.4999,-0.3189,-0.2637,0.5973,-0.1729,-0.3234,0.4999,-0.0367,-0.2764,0.4999,-0.1812,-0.2459,0.5973,0.1974,-0.1348,0.4999,0.2962,-0.2578,0.4999,0.2069,-0.3085,0.597,-0.035,-0.2661,0.5973,0.0984
,-0.2957,0.5973,0.1094,-0.1357,0.5972,-0.2729,-0.1759,0.5973,-0.2227,-0.1954,0.5973,-0.2474,0.2701,0.597,-0.153,0.1574,0.5973,-0.2361,0.1749,0.5973,-0.2623,-0.1286,0.597,0.2826,0.0114,0.5973,0.2835,0.0127,0.5973,0.315,0.229,0.597,0.2096,0.2732,0.5973,0.0768,0.3035,0.5973,0.0853,-0.1158,0.597,0.2543,0.0114,0.4025,0.2835,-0.3085,0.4027,-0.035,-0.2373,0.4025,-0.1556
,-0.2637,0.4025,-0.1729,0.018,0.4026,-0.3042,0.0746,0.4025,-0.2738,0.0829,0.4025,-0.3042,0.229,0.4027,0.2096,0.1006,0.4025,0.2654,0.1117,0.4025,0.2948,0.2701,0.4027,-0.153,0.2834,0.4025,-0.0136,0.3149,0.4025,-0.0152,-0.1286,0.4027,0.2826,-0.2213,0.4025,0.1776,-0.2459,0.4025,0.1974,-0.2776,0.597,-0.0315,-0.2661,0.4025,0.0984,-0.1221,0.5972,-0.2456,-0.1759,0.4025,-0.2227
,0.2431,0.597,-0.1377,0.1574,0.4025,-0.2361,0.2061,0.597,0.1887,0.2732,0.4025,0.0768,-0.0015,0.3402,0.0982,0.0004,0.1002,-0.0094,-0.1071,0.3402,-0.0113,0.1387,0.5003,-0.0069,0.108,0.3402,-0.0075,0.0023,0.3402,-0.1169,-0.002,0.502,0.1289,0.108,0.6602,-0.0075,0.0004,0.9002,-0.0094,0.0023,0.6602,-0.1169,-0.0015,0.6602,0.0982,-0.1071,0.6602,-0.0113,-0.1378,0.5003,-0.0118
,0.0029,0.5003,-0.1476,-0.1954,0.4025,-0.2474,-0.256,0.4999,-0.2344,-0.2296,0.2564,-0.2101,-0.2066,0.7434,-0.1891,-0.2373,0.5973,-0.1556,-0.2296,0.7434,-0.2101,-0.2048,0.4999,-0.2594,0.1749,0.4025,-0.2623,0.1438,0.4999,-0.3159,0.1289,0.2564,-0.2833,0.116,0.7434,-0.2549,0.0746,0.5973,-0.2738,0.1289,0.7434,-0.2833,0.1834,0.4999,-0.275,0.3035,0.4025,0.0853,0.3449,0.4999,0.0391
,0.3092,0.2564,0.0351,0.2834,0.5973,-0.0136,0.2783,0.2564,0.0316,0.3092,0.7434,0.0351,0.3182,0.4999,0.0894,-0.2957,0.4025,0.1094,-0.302,0.4999,0.1711,-0.2708,0.2564,0.1534,-0.2437,0.7434,0.138,-0.2213,0.5973,0.1776,-0.2708,0.7434,0.1534,-0.31,0.4999,0.1147,0.0127,0.4025,0.315,0.0694,0.4999,0.3401,0.0622,0.2564,0.3049,0.056,0.7434,0.2744,0.1006,0.5973,0.2654
,0.0622,0.7434,0.3049,0.0133,0.4999,0.3303,-0.1422,0.4999,-0.286,-0.1357,0.4026,-0.2729,-0.1221,0.4026,-0.2456,-0.2066,0.2564,-0.1891,0.2431,0.4027,-0.1377,0.116,0.2564,-0.2549,0.2061,0.4027,0.1887,0.2783,0.7434,0.0316,-0.1158,0.4027,0.2543,0.056,0.2564,0.2744,-0.2776,0.4027,-0.0315,-0.2437,0.2564,0.138,0.018,0.5972,-0.3042,0.0162,0.5972,-0.2738,0.0162,0.4026,-0.2738
]
,"normals":[0.701,0.442,0.56,0.738,0,0.675,0.566,0,0.824,0.749,0.442,-0.494,0.87,0,-0.493,0.959,0,-0.284,-0.238,0.442,-0.865,-0.653,0,-0.757,0.026,0,-1,-0.896,0.442,-0.04,-0.994,0,-0.113,-0.943,0,-0.334,-0.315,0.442,0.84,-0.414,0,0.91,-0.609,0,0.793,-0.69,0.72,-0.078,0.676,0.458,-0.577
,-0.883,0.442,-0.161,0.31,0.616,-0.724,0.758,0.458,0.464,-0.119,0.442,-0.889,0.604,0.72,-0.342,-0.207,0.458,0.864,0.809,0.442,-0.388,-0.288,0.72,0.632,-0.34,0.458,-0.821,-0.426,0.442,0.79,0.512,0.72,0.469,-0.886,0.458,0.07,0.619,0.442,0.649,0.272,0.755,-0.597,-0.34,-0.458,-0.821,-0.69,-0.72,-0.078,0.529,-0.458,0.714
,-0.896,-0.442,-0.04,-0.569,-0.616,-0.545,-0.516,-0.458,0.724,-0.238,-0.442,-0.865,0.512,-0.72,0.469,-0.008,-0.458,-0.889,0.701,-0.442,0.56,0.604,-0.72,-0.342,-0.848,-0.458,-0.267,0.749,-0.442,-0.494,-0.288,-0.72,0.632,0.843,-0.458,-0.282,-0.315,-0.442,0.84,0.652,0.755,0.074,0.676,-0.458,-0.577,0.768,0.574,0.283,0.758,-0.458,0.464
,-0.571,0.755,0.323,-0.207,-0.458,0.864,-0.484,0.755,-0.443,-0.886,-0.458,0.07,-0.017,-0.286,0.958,0,-1,0,-0.958,-0.287,-0.017,1,0,0.018,0.958,-0.287,0.017,0.017,-0.287,-0.958,-0.018,0.002,1,0.958,0.287,0.017,0,1,0,0.017,0.287,-0.958,-0.017,0.288,0.958,-0.958,0.287,-0.017,-1,0,-0.018
