{"producer":{"name":"Blender","version":"2.92.0","exporter_version":"6.4.5","file":"animatedToilet01.babylon"},
"autoClear":true,"clearColor":[0.0509,0.0509,0.0509],"gravity":[0,-9.81,0],
"materials":[{"name":"smoothBeige","id":"smoothBeige","customType":"BABYLON.PBRMaterial","backFaceCulling":true,"checkReadyOnlyOnce":false,"maxSimultaneousLights":4,"environmentIntensity":1,"albedo":[0.7791,0.8,0.6949],"reflectivity":[0.5,0.5,0.5],"roughness":0.5,"alpha":1,"transparencyMode":0,"alphaCutOff":0.4,"metallic":0.0125,"sheen":{"isEnabled":true,"_isEnabled":true,"intensity":0.25,"color":[0.5,0.5,0.5]},"clearCoat":{"isEnabled":true,"_isEnabled":true,"_indiceOfRefraction":1.45,"indexOfRefraction":1.45,"intensity":0.125,"roughness":0.0125}},
{"name":"metalIronRough","id":"metalIronRough","customType":"BABYLON.PBRMaterial","backFaceCulling":true,"checkReadyOnlyOnce":false,"maxSimultaneousLights":4,"environmentIntensity":1,"albedo":[0.1046,0.1046,0.1046],"reflectivity":[0.5,0.5,0.5],"roughness":0.5,"alpha":1,"transparencyMode":0,"alphaCutOff":0.4,"metallic":0.125,"clearCoat":{"isEnabled":true,"_isEnabled":true,"_indiceOfRefraction":1.45,"indexOfRefraction":1.45,"intensity":0.1,"roughness":0.03}},
{"name":"roughBeige","id":"roughBeige","customType":"BABYLON.PBRMaterial","backFaceCulling":true,"checkReadyOnlyOnce":false,"maxSimultaneousLights":4,"environmentIntensity":1,"albedo":[0.8421,0.89,0.728],"reflectivity":[0.5,0.5,0.5],"roughness":0.9,"alpha":1,"transparencyMode":0,"alphaCutOff":0.4,"metallic":0.1,"clearCoat":{"isEnabled":true,"_isEnabled":true,"_indiceOfRefraction":1.45,"indexOfRefraction":1.45,"intensity":0.0125,"roughness":0.1}}],
"multiMaterials":[{"name":"animatedToilet01.Multimaterial#0","id":"animatedToilet01.Multimaterial#0","materials":["smoothBeige","metalIronRough","roughBeige"]}],
"skeletons":[{"name":"toiletArmature","id":0,"dimensionsAtRest":[0.15,0.8865,0.631],"bones":[
{"name":"ROOT","index":0,"matrix":[1,0,0,0,0,0,-1,0,0,-1,0,0,0,0,0,1],"rest":[1,0,0,0,0,0,-1,0,0,-1,0,0,0,0,0,1],"parentBoneIndex":-1,"length":0.3193
,"animation":{"dataType":3,"framePerSecond":60,"keys":[
{"frame":1,"values":[1,0,0,0,0,0,-1,0,0,-1,0,0,0,0,0,1]},
{"frame":3,"values":[1,0,0,0,0,0,-1,0,0,-1,0,0,0,0,0,1]},
{"frame":11,"values":[1,0,0,0,0,0,-1,0,0,-1,0,0,0,0,0,1]},
{"frame":13,"values":[1,0,0,0,0,0,-1,0,0,-1,0,0,0,0,0,1]},
{"frame":21,"values":[1,0,0,0,0,0,-1,0,0,-1,0,0,0,0,0,1]},
{"frame":23,"values":[1,0,0,0,0,0,-1,0,0,-1,0,0,0,0,0,1]},
{"frame":31,"values":[1,0,0,0,0,0,-1,0,0,-1,0,0,0,0,0,1]},
{"frame":33,"values":[1,0,0,0,0,0,-1,0,0,-1,0,0,0,0,0,1]},
{"frame":41,"values":[1,0,0,0,0,0,-1,0,0,-1,0,0,0,0,0,1]},
{"frame":43,"values":[1,0,0,0,0,0,-1,0,0,-1,0,0,0,0,0,1]},
{"frame":51,"values":[1,0,0,0,0,0,-1,0,0,-1,0,0,0,0,0,1]},
{"frame":110,"values":[1,0,0,0,0,0,-1,0,0,-1,0,0,0,0,0,1]},
{"frame":121,"values":[1,0,0,0,0,0,-1,0,0,-1,0,0,0,0,0,1]},
{"frame":180,"values":[1,0,0,0,0,0,-1,0,0,-1,0,0,0,0,0,1]},
{"frame":191,"values":[1,0,0,0,0,0,-1,0,0,-1,0,0,0,0,0,1]},
{"frame":250,"values":[1,0,0,0,0,0,-1,0,0,-1,0,0,0,0,0,1]},
{"frame":261,"values":[1,0,0,0,0,0,-1,0,0,-1,0,0,0,0,0,1]},
{"frame":320,"values":[1,0,0,0,0,0,-1,0,0,-1,0,0,0,0,0,1]},
{"frame":331,"values":[1,0,0,0,0,0,-1,0,0,-1,0,0,0,0,0,1]},
{"frame":390,"values":[1,0,0,0,0,0,-1,0,0,-1,0,0,0,0,0,1]},
{"frame":401,"values":[1,0,0,0,0,0,-1,0,0,-1,0,0,0,0,0,1]},
{"frame":460,"values":[1,0,0,0,0,0,-1,0,0,-1,0,0,0,0,0,1]},
{"frame":471,"values":[1,0,0,0,0,0,-1,0,0,-1,0,0,0,0,0,1]},
{"frame":530,"values":[1,0,0,0,0,0,-1,0,0,-1,0,0,0,0,0,1]},
{"frame":541,"values":[1,0,0,0,0,0,-1,0,0,-1,0,0,0,0,0,1]},
{"frame":543,"values":[1,0,0,0,0,0,-1,0,0,-1,0,0,0,0,0,1]},
{"frame":551,"values":[1,0,0,0,0,0,-1,0,0,-1,0,0,0,0,0,1]},
{"frame":553,"values":[1,0,0,0,0,0,-1,0,0,-1,0,0,0,0,0,1]},
{"frame":561,"values":[1,0,0,0,0,0,-1,0,0,-1,0,0,0,0,0,1]},
{"frame":563,"values":[1,0,0,0,0,0,-1,0,0,-1,0,0,0,0,0,1]}],"loopBehavior":1,"name":"anim","property":"_matrix"}},
{"name":"toilet","index":1,"matrix":[1,0,0,0,0,1,0,0,0,0,1,0,0,0,-0.2874,1],"rest":[1,0,0,0,0,1,0,0,0,0,1,0,0,0,-0.2874,1],"parentBoneIndex":0,"length":0.3193
,"animation":{"dataType":3,"framePerSecond":60,"keys":[
{"frame":1,"values":[1,0,0,0,0,1,0,0,0,0,1,0,0,0,-0.2874,1]},
{"frame":3,"values":[1,0,0,0,0,1,0,0,0,0,1,0,0,0,-0.2874,1]},
{"frame":11,"values":[1,0,0,0,0,1,0,0,0,0,1,0,0,0,-0.2874,1]},
{"frame":13,"values":[1,0,0,0,0,1,0,0,0,0,1,0,0,0,-0.2874,1]},
{"frame":21,"values":[1,0,0,0,0,1,0,0,0,0,1,0,0,0,-0.2874,1]},
{"frame":23,"values":[1,0,0,0,0,1,0,0,0,0,1,0,0,0,-0.2874,1]},
{"frame":31,"values":[1,0,0,0,0,1,0,0,0,0,1,0,0,0,-0.2874,1]},
{"frame":33,"values":[1,0,0,0,0,1,0,0,0,0,1,0,0,0,-0.2874,1]},
{"frame":41,"values":[1,0,0,0,0,1,0,0,0,0,1,0,0,0,-0.2874,1]},
{"frame":43,"values":[1,0,0,0,0,1,0,0,0,0,1,0,0,0,-0.2874,1]},
{"frame":51,"values":[1,0,0,0,0,1,0,0,0,0,1,0,0,0,-0.2874,1]},
{"frame":110,"values":[1,0,0,0,0,1,0,0,0,0,1,0,0,0,-0.2874,1]},
{"frame":121,"values":[1,0,0,0,0,1,0,0,0,0,1,0,0,0,-0.2874,1]},
{"frame":180,"values":[1,0,0,0,0,1,0,0,0,0,1,0,0,0,-0.2874,1]},
{"frame":191,"values":[1,0,0,0,0,1,0,0,0,0,1,0,0,0,-0.2874,1]},
{"frame":250,"values":[1,0,0,0,0,1,0,0,0,0,1,0,0,0,-0.2874,1]},
{"frame":261,"values":[1,0,0,0,0,1,0,0,0,0,1,0,0,0,-0.2874,1]},
{"frame":320,"values":[1,0,0,0,0,1,0,0,0,0,1,0,0,0,-0.2874,1]},
{"frame":331,"values":[1,0,0,0,0,1,0,0,0,0,1,0,0,0,-0.2874,1]},
{"frame":390,"values":[1,0,0,0,0,1,0,0,0,0,1,0,0,0,-0.2874,1]},
{"frame":401,"values":[1,0,0,0,0,1,0,0,0,0,1,0,0,0,-0.2874,1]},
{"frame":460,"values":[1,0,0,0,0,1,0,0,0,0,1,0,0,0,-0.2874,1]},
{"frame":471,"values":[1,0,0,0,0,1,0,0,0,0,1,0,0,0,-0.2874,1]},
{"frame":530,"values":[1,0,0,0,0,1,0,0,0,0,1,0,0,0,-0.2874,1]},
{"frame":541,"values":[1,0,0,0,0,1,0,0,0,0,1,0,0,0,-0.2874,1]},
{"frame":543,"values":[1,0,0,0,0,1,0,0,0,0,1,0,0,0,-0.2874,1]},
{"frame":551,"values":[1,0,0,0,0,1,0,0,0,0,1,0,0,0,-0.2874,1]},
{"frame":553,"values":[1,0,0,0,0,1,0,0,0,0,1,0,0,0,-0.2874,1]},
{"frame":561,"values":[1,0,0,0,0,1,0,0,0,0,1,0,0,0,-0.2874,1]},
{"frame":563,"values":[1,0,0,0,0,1,0,0,0,0,1,0,0,0,-0.2874,1]}],"loopBehavior":1,"name":"anim","property":"_matrix"}},
{"name":"toiletSeat","index":2,"matrix":[1,0,0,0,0,1,0,0,0,0,1,0,0,-0.0479,-0.0798,1],"rest":[1,0,0,0,0,1,0,0,0,0,1,0,0,-0.0479,-0.0798,1],"parentBoneIndex":1,"length":0.4789
,"animation":{"dataType":3,"framePerSecond":60,"keys":[
{"frame":1,"values":[1,0,0,0,0,1,0,0,0,0,1,0,0,-0.0479,-0.0798,1]},
{"frame":3,"values":[1,0,0,0,0,1,0,0,0,0,1,0,0,-0.0479,-0.0798,1]},
{"frame":11,"values":[1,0,0,0,0,1,0,0,0,0,1,0,0,-0.0479,-0.0798,1]},
{"frame":13,"values":[1,0,0,0,0,1,0,0,0,0,1,0,0,-0.0479,-0.0798,1]},
{"frame":21,"values":[1,0,0,0,0,0,-1,0,0,1,0,0,0,-0.0479,-0.0798,1]},
{"frame":23,"values":[1,0,0,0,0,0,-1,0,0,1,0,0,0,-0.0479,-0.0798,1]},
{"frame":31,"values":[1,0,0,0,0,0,-1,0,0,1,0,0,0,-0.0479,-0.0798,1]},
{"frame":33,"values":[1,0,0,0,0,0,-1,0,0,1,0,0,0,-0.0479,-0.0798,1]},
{"frame":41,"values":[1,0,0,0,0,0,-1,0,0,1,0,0,0,-0.0479,-0.0798,1]},
{"frame":43,"values":[1,0,0,0,0,0,-1,0,0,1,0,0,0,-0.0479,-0.0798,1]},
{"frame":51,"values":[1,0,0,0,0,0,-1,0,0,1,0,0,0,-0.0479,-0.0798,1]},
{"frame":52,"values":[1,0,0,0,0,0.0009,-1,0,0,1,0.0009,0,0,-0.0479,-0.0798,1]},
{"frame":53,"values":[1,0,0,0,0,0.0036,-1,0,0,1,0.0036,0,0,-0.0479,-0.0798,1]},
{"frame":54,"values":[1,0,0,0,0,0.0081,-1,0,0,1,0.0081,0,0,-0.0479,-0.0798,1]},
{"frame":55,"values":[1,0,0,0,0,0.0144,-0.9999,0,0,0.9999,0.0144,0,0,-0.0479,-0.0798,1]},
{"frame":56,"values":[1,0,0,0,0,0.0226,-0.9997,0,0,0.9997,0.0226,0,0,-0.0479,-0.0798,1]},
{"frame":57,"values":[1,0,0,0,0,0.0326,-0.9995,0,0,0.9995,0.0326,0,0,-0.0479,-0.0798,1]},
{"frame":58,"values":[1,0,0,0,0,0.0446,-0.999,0,0,0.999,0.0446,0,0,-0.0479,-0.0798,1]},
{"frame":59,"values":[1,0,0,0,0,0.0584,-0.9983,0,0,0.9983,0.0584,0,0,-0.0479,-0.0798,1]},
{"frame":60,"values":[1,0,0,0,0,0.0742,-0.9972,0,0,0.9972,0.0742,0,0,-0.0479,-0.0798,1]},
{"frame":61,"values":[1,0,0,0,0,0.0919,-0.9958,0,0,0.9958,0.0919,0,0,-0.0479,-0.0798,1]},
{"frame":62,"values":[1,0,0,0,0,0.1115,-0.9938,0,0,0.9938,0.1115,0,0,-0.0479,-0.0798,1]},
{"frame":63,"values":[1,0,0,0,0,0.133,-0.9911,0,0,0.9911,0.133,0,0,-0.0479,-0.0798,1]},
{"frame":64,"values":[1,0,0,0,0,0.1564,-0.9877,0,0,0.9877,0.1564,0,0,-0.0479,-0.0798,1]},
{"frame":65,"values":[1,0,0,0,0,0.1816,-0.9834,0,0,0.9834,0.1816,0,0,-0.0479,-0.0798,1]},
{"frame":66,"values":[1,0,0,0,0,0.2086,-0.978,0,0,0.978,0.2086,0,0,-0.0479,-0.0798,1]},
{"frame":67,"values":[1,0,0,0,0,0.2374,-0.9714,0,0,0.9714,0.2374,0,0,-0.0479,-0.0798,1]},
{"frame":68,"values":[1,0,0,0,0,0.2677,-0.9635,0,0,0.9635,0.2677,0,0,-0.0479,-0.0798,1]},
{"frame":69,"values":[1,0,0,0,0,0.2996,-0.9541,0,0,0.9541,0.2996,0,0,-0.0479,-0.0798,1]},
{"frame":70,"values":[1,0,0,0,0,0.3328,-0.943,0,0,0.943,0.3328,0,0,-0.0479,-0.0798,1]},
{"frame":71,"values":[1,0,0,0,0,0.3672,-0.9301,0,0,0.9301,0.3672,0,0,-0.0479,-0.0798,1]},
{"frame":72,"values":[1,0,0,0,0,0.4025,-0.9154,0,0,0.9154,0.4025,0,0,-0.0479,-0.0798,1]},
{"frame":73,"values":[1,0,0,0,0,0.4387,-0.8986,0,0,0.8986,0.4387,0,0,-0.0479,-0.0798,1]},
{"frame":74,"values":[1,0,0,0,0,0.4753,-0.8798,0,0,0.8798,0.4753,0,0,-0.0479,-0.0798,1]},
{"frame":75,"values":[1,0,0,0,0,0.5122,-0.8589,0,0,0.8589,0.5122,0,0,-0.0479,-0.0798,1]},
{"frame":76,"values":[1,0,0,0,0,0.5491,-0.8358,0,0,0.8358,0.5491,0,0,-0.0479,-0.0798,1]},
{"frame":77,"values":[1,0,0,0,0,0.5856,-0.8106,0,0,0.8106,0.5856,0,0,-0.0479,-0.0798,1]},
{"frame":78,"values":[1,0,0,0,0,0.6216,-0.7833,0,0,0.7833,0.6216,0,0,-0.0479,-0.0798,1]},
{"frame":79,"values":[1,0,0,0,0,0.6567,-0.7542,0,0,0.7542,0.6567,0,0,-0.0479,-0.0798,1]},
{"frame":80,"values":[1,0,0,0,0,0.6906,-0.7232,0,0,0.7232,0.6906,0,0,-0.0479,-0.0798,1]},
{"frame":81,"values":[1,0,0,0,0,0.7232,-0.6906,0,0,0.6906,0.7232,0,0,-0.0479,-0.0798,1]},
{"frame":82,"values":[1,0,0,0,0,0.7542,-0.6567,0,0,0.6567,0.7542,0,0,-0.0479,-0.0798,1]},
{"frame":83,"values":[1,0,0,0,0,0.7833,-0.6216,0,0,0.6216,0.7833,0,0,-0.0479,-0.0798,1]},
{"frame":84,"values":[1,0,0,0,0,0.8106,-0.5856,0,0,0.5856,0.8106,0,0,-0.0479,-0.0798,1]},
{"frame":85,"values":[1,0,0,0,0,0.8358,-0.5491,0,0,0.5491,0.8358,0,0,-0.0479,-0.0798,1]},
{"frame":86,"values":[1,0,0,0,0,0.8589,-0.5122,0,0,0.5122,0.8589,0,0,-0.0479,-0.0798,1]},
{"frame":87,"values":[1,0,0,0,0,0.8798,-0.4753,0,0,0.4753,0.8798,0,0,-0.0479,-0.0798,1]},
{"frame":88,"values":[1,0,0,0,0,0.8986,-0.4387,0,0,0.4387,0.8986,0,0,-0.0479,-0.0798,1]},
{"frame":89,"values":[1,0,0,0,0,0.9154,-0.4025,0,0,0.4025,0.9154,0,0,-0.0479,-0.0798,1]},
{"frame":90,"values":[1,0,0,0,0,0.9301,-0.3672,0,0,0.3672,0.9301,0,0,-0.0479,-0.0798,1]},
{"frame":91,"values":[1,0,0,0,0,0.943,-0.3328,0,0,0.3328,0.943,0,0,-0.0479,-0.0798,1]},
{"frame":92,"values":[1,0,0,0,0,0.9541,-0.2996,0,0,0.2996,0.9541,0,0,-0.0479,-0.0798,1]},
{"frame":93,"values":[1,0,0,0,0,0.9635,-0.2677,0,0,0.2677,0.9635,0,0,-0.0479,-0.0798,1]},
{"frame":94,"values":[1,0,0,0,0,0.9714,-0.2374,0,0,0.2374,0.9714,0,0,-0.0479,-0.0798,1]},
{"frame":95,"values":[1,0,0,0,0,0.978,-0.2086,0,0,0.2086,0.978,0,0,-0.0479,-0.0798,1]},
{"frame":96,"values":[1,0,0,0,0,0.9834,-0.1816,0,0,0.1816,0.9834,0,0,-0.0479,-0.0798,1]},
{"frame":97,"values":[1,0,0,0,0,0.9877,-0.1564,0,0,0.1564,0.9877,0,0,-0.0479,-0.0798,1]},
{"frame":98,"values":[1,0,0,0,0,0.9911,-0.133,0,0,0.133,0.9911,0,0,-0.0479,-0.0798,1]},
{"frame":99,"values":[1,0,0,0,0,0.9938,-0.1115,0,0,0.1115,0.9938,0,0,-0.0479,-0.0798,1]},
{"frame":100,"values":[1,0,0,0,0,0.9958,-0.0919,0,0,0.0919,0.9958,0,0,-0.0479,-0.0798,1]},
{"frame":101,"values":[1,0,0,0,0,0.9972,-0.0742,0,0,0.0742,0.9972,0,0,-0.0479,-0.0798,1]},
{"frame":102,"values":[1,0,0,0,0,0.9983,-0.0584,0,0,0.0584,0.9983,0,0,-0.0479,-0.0798,1]},
{"frame":103,"values":[1,0,0,0,0,0.999,-0.0446,0,0,0.0446,0.999,0,0,-0.0479,-0.0798,1]},
{"frame":104,"values":[1,0,0,0,0,0.9995,-0.0326,0,0,0.0326,0.9995,0,0,-0.0479,-0.0798,1]},
{"frame":105,"values":[1,0,0,0,0,0.9997,-0.0226,0,0,0.0226,0.9997,0,0,-0.0479,-0.0798,1]},
{"frame":106,"values":[1,0,0,0,0,0.9999,-0.0144,0,0,0.0144,0.9999,0,0,-0.0479,-0.0798,1]},
{"frame":107,"values":[1,0,0,0,0,1,-0.0081,0,0,0.0081,1,0,0,-0.0479,-0.0798,1]},
{"frame":108,"values":[1,0,0,0,0,1,-0.0036,0,0,0.0036,1,0,0,-0.0479,-0.0798,1]},
{"frame":109,"values":[1,0,0,0,0,1,-0.0009,0,0,0.0009,1,0,0,-0.0479,-0.0798,1]},
{"frame":110,"values":[1,0,0,0,0,1,0,0,0,0,1,0,0,-0.0479,-0.0798,1]},
{"frame":121,"values":[1,0,0,0,0,1,0,0,0,0,1,0,0,-0.0479,-0.0798,1]},
{"frame":180,"values":[1,0,0,0,0,1,0,0,0,0,1,0,0,-0.0479,-0.0798,1]},
{"frame":191,"values":[1,0,0,0,0,1,0,0,0,0,1,0,0,-0.0479,-0.0798,1]},
{"frame":250,"values":[1,0,0,0,0,1,0,0,0,0,1,0,0,-0.0479,-0.0798,1]},
{"frame":261,"values":[1,0,0,0,0,1,0,0,0,0,1,0,0,-0.0479,-0.0798,1]},
{"frame":262,"values":[1,0,0,0,0,1,-0.0009,0,0,0.0009,1,0,0,-0.0479,-0.0798,1]},
{"frame":263,"values":[1,0,0,0,0,1,-0.0036,0,0,0.0036,1,0,0,-0.0479,-0.0798,1]},
{"frame":264,"values":[1,0,0,0,0,1,-0.0081,0,0,0.0081,1,0,0,-0.0479,-0.0798,1]},
{"frame":265,"values":[1,0,0,0,0,0.9999,-0.0144,0,0,0.0144,0.9999,0,0,-0.0479,-0.0798,1]},
{"frame":266,"values":[1,0,0,0,0,0.9997,-0.0226,0,0,0.0226,0.9997,0,0,-0.0479,-0.0798,1]},
{"frame":267,"values":[1,0,0,0,0,0.9995,-0.0326,0,0,0.0326,0.9995,0,0,-0.0479,-0.0798,1]},
{"frame":268,"values":[1,0,0,0,0,0.999,-0.0446,0,0,0.0446,0.999,0,0,-0.0479,-0.0798,1]},
{"frame":269,"values":[1,0,0,0,0,0.9983,-0.0584,0,0,0.0584,0.9983,0,0,-0.0479,-0.0798,1]},
{"frame":270,"values":[1,0,0,0,0,0.9972,-0.0742,0,0,0.0742,0.9972,0,0,-0.0479,-0.0798,1]},
{"frame":271,"values":[1,0,0,0,0,0.9958,-0.0919,0,0,0.0919,0.9958,0,0,-0.0479,-0.0798,1]},
{"frame":272,"values":[1,0,0,0,0,0.9938,-0.1115,0,0,0.1115,0.9938,0,0,-0.0479,-0.0798,1]},
{"frame":273,"values":[1,0,0,0,0,0.9911,-0.133,0,0,0.133,0.9911,0,0,-0.0479,-0.0798,1]},
{"frame":274,"values":[1,0,0,0,0,0.9877,-0.1564,0,0,0.1564,0.9877,0,0,-0.0479,-0.0798,1]},
{"frame":275,"values":[1,0,0,0,0,0.9834,-0.1816,0,0,0.1816,0.9834,0,0,-0.0479,-0.0798,1]},
{"frame":276,"values":[1,0,0,0,0,0.978,-0.2086,0,0,0.2086,0.978,0,0,-0.0479,-0.0798,1]},
{"frame":277,"values":[1,0,0,0,0,0.9714,-0.2374,0,0,0.2374,0.9714,0,0,-0.0479,-0.0798,1]},
{"frame":278,"values":[1,0,0,0,0,0.9635,-0.2677,0,0,0.2677,0.9635,0,0,-0.0479,-0.0798,1]},
{"frame":279,"values":[1,0,0,0,0,0.9541,-0.2996,0,0,0.2996,0.9541,0,0,-0.0479,-0.0798,1]},
{"frame":280,"values":[1,0,0,0,0,0.943,-0.3328,0,0,0.3328,0.943,0,0,-0.0479,-0.0798,1]},
{"frame":281,"values":[1,0,0,0,0,0.9301,-0.3672,0,0,0.3672,0.9301,0,0,-0.0479,-0.0798,1]},
{"frame":282,"values":[1,0,0,0,0,0.9154,-0.4025,0,0,0.4025,0.9154,0,0,-0.0479,-0.0798,1]},
{"frame":283,"values":[1,0,0,0,0,0.8986,-0.4387,0,0,0.4387,0.8986,0,0,-0.0479,-0.0798,1]},
{"frame":284,"values":[1,0,0,0,0,0.8798,-0.4753,0,0,0.4753,0.8798,0,0,-0.0479,-0.0798,1]},
{"frame":285,"values":[1,0,0,0,0,0.8589,-0.5122,0,0,0.5122,0.8589,0,0,-0.0479,-0.0798,1]},
{"frame":286,"values":[1,0,0,0,0,0.8358,-0.5491,0,0,0.5491,0.8358,0,0,-0.0479,-0.0798,1]},
{"frame":287,"values":[1,0,0,0,0,0.8106,-0.5856,0,0,0.5856,0.8106,0,0,-0.0479,-0.0798,1]},
{"frame":288,"values":[1,0,0,0,0,0.7833,-0.6216,0,0,0.6216,0.7833,0,0,-0.0479,-0.0798,1]},
{"frame":289,"values":[1,0,0,0,0,0.7542,-0.6567,0,0,0.6567,0.7542,0,0,-0.0479,-0.0798,1]},
{"frame":290,"values":[1,0,0,0,0,0.7232,-0.6906,0,0,0.6906,0.7232,0,0,-0.0479,-0.0798,1]},
{"frame":291,"values":[1,0,0,0,0,0.6906,-0.7232,0,0,0.7232,0.6906,0,0,-0.0479,-0.0798,1]},
{"frame":292,"values":[1,0,0,0,0,0.6567,-0.7542,0,0,0.7542,0.6567,0,0,-0.0479,-0.0798,1]},
{"frame":293,"values":[1,0,0,0,0,0.6216,-0.7833,0,0,0.7833,0.6216,0,0,-0.0479,-0.0798,1]},
{"frame":294,"values":[1,0,0,0,0,0.5856,-0.8106,0,0,0.8106,0.5856,0,0,-0.0479,-0.0798,1]},
{"frame":295,"values":[1,0,0,0,0,0.5491,-0.8358,0,0,0.8358,0.5491,0,0,-0.0479,-0.0798,1]},
{"frame":296,"values":[1,0,0,0,0,0.5122,-0.8589,0,0,0.8589,0.5122,0,0,-0.0479,-0.0798,1]},
{"frame":297,"values":[1,0,0,0,0,0.4753,-0.8798,0,0,0.8798,0.4753,0,0,-0.0479,-0.0798,1]},
{"frame":298,"values":[1,0,0,0,0,0.4387,-0.8986,0,0,0.8986,0.4387,0,0,-0.0479,-0.0798,1]},
{"frame":299,"values":[1,0,0,0,0,0.4025,-0.9154,0,0,0.9154,0.4025,0,0,-0.0479,-0.0798,1]},
{"frame":300,"values":[1,0,0,0,0,0.3672,-0.9301,0,0,0.9301,0.3672,0,0,-0.0479,-0.0798,1]},
{"frame":301,"values":[1,0,0,0,0,0.3328,-0.943,0,0,0.943,0.3328,0,0,-0.0479,-0.0798,1]},
{"frame":302,"values":[1,0,0,0,0,0.2996,-0.9541,0,0,0.9541,0.2996,0,0,-0.0479,-0.0798,1]},
{"frame":303,"values":[1,0,0,0,0,0.2677,-0.9635,0,0,0.9635,0.2677,0,0,-0.0479,-0.0798,1]},
{"frame":304,"values":[1,0,0,0,0,0.2374,-0.9714,0,0,0.9714,0.2374,0,0,-0.0479,-0.0798,1]},
{"frame":305,"values":[1,0,0,0,0,0.2086,-0.978,0,0,0.978,0.2086,0,0,-0.0479,-0.0798,1]},
{"frame":306,"values":[1,0,0,0,0,0.1816,-0.9834,0,0,0.9834,0.1816,0,0,-0.0479,-0.0798,1]},
{"frame":307,"values":[1,0,0,0,0,0.1564,-0.9877,0,0,0.9877,0.1564,0,0,-0.0479,-0.0798,1]},
{"frame":308,"values":[1,0,0,0,0,0.133,-0.9911,0,0,0.9911,0.133,0,0,-0.0479,-0.0798,1]},
{"frame":309,"values":[1,0,0,0,0,0.1115,-0.9938,0,0,0.9938,0.1115,0,0,-0.0479,-0.0798,1]},
{"frame":310,"values":[1,0,0,0,0,0.0919,-0.9958,0,0,0.9958,0.0919,0,0,-0.0479,-0.0798,1]},
{"frame":311,"values":[1,0,0,0,0,0.0742,-0.9972,0,0,0.9972,0.0742,0,0,-0.0479,-0.0798,1]},
{"frame":312,"values":[1,0,0,0,0,0.0584,-0.9983,0,0,0.9983,0.0584,0,0,-0.0479,-0.0798,1]},
{"frame":313,"values":[1,0,0,0,0,0.0446,-0.999,0,0,0.999,0.0446,0,0,-0.0479,-0.0798,1]},
{"frame":314,"values":[1,0,0,0,0,0.0326,-0.9995,0,0,0.9995,0.0326,0,0,-0.0479,-0.0798,1]},
{"frame":315,"values":[1,0,0,0,0,0.0226,-0.9997,0,0,0.9997,0.0226,0,0,-0.0479,-0.0798,1]},
{"frame":316,"values":[1,0,0,0,0,0.0144,-0.9999,0,0,0.9999,0.0144,0,0,-0.0479,-0.0798,1]},
{"frame":317,"values":[1,0,0,0,0,0.0081,-1,0,0,1,0.0081,0,0,-0.0479,-0.0798,1]},
{"frame":318,"values":[1,0,0,0,0,0.0036,-1,0,0,1,0.0036,0,0,-0.0479,-0.0798,1]},
{"frame":319,"values":[1,0,0,0,0,0.0009,-1,0,0,1,0.0009,0,0,-0.0479,-0.0798,1]},
{"frame":320,"values":[1,0,0,0,0,0,-1,0,0,1,0,0,0,-0.0479,-0.0798,1]},
{"frame":331,"values":[1,0,0,0,0,0,-1,0,0,1,0,0,0,-0.0479,-0.0798,1]},
{"frame":390,"values":[1,0,0,0,0,0,-1,0,0,1,0,0,0,-0.0479,-0.0798,1]},
{"frame":401,"values":[1,0,0,0,0,0,-1,0,0,1,0,0,0,-0.0479,-0.0798,1]},
{"frame":460,"values":[1,0,0,0,0,0,-1,0,0,1,0,0,0,-0.0479,-0.0798,1]},
{"frame":471,"values":[1,0,0,0,0,0,-1,0,0,1,0,0,0,-0.0479,-0.0798,1]},
{"frame":530,"values":[1,0,0,0,0,0,-1,0,0,1,0,0,0,-0.0479,-0.0798,1]},
{"frame":541,"values":[1,0,0,0,0,1,0,0,0,0,1,0,0,-0.0479,-0.0798,1]},
{"frame":543,"values":[1,0,0,0,0,1,0,0,0,0,1,0,0,-0.0479,-0.0798,1]},
{"frame":551,"values":[1,0,0,0,0,1,0,0,0,0,1,0,0,-0.0479,-0.0798,1]},
{"frame":553,"values":[1,0,0,0,0,1,0,0,0,0,1,0,0,-0.0479,-0.0798,1]},
{"frame":561,"values":[1,0,0,0,0,1,0,0,0,0,1,0,0,-0.0479,-0.0798,1]},
{"frame":563,"values":[1,0,0,0,0,1,0,0,0,0,1,0,0,-0.0479,-0.0798,1]}],"loopBehavior":1,"name":"anim","property":"_matrix"}},
{"name":"toiletHandle","index":3,"matrix":[-1,0,0.0016,0,0,1,0,0,-0.0016,0,-1,0,-0.15,-0.2,-0.5126,1],"rest":[-1,0,0,0,0,1,0,0,0,0,-1,0,-0.15,-0.2,-0.5126,1],"parentBoneIndex":1,"length":0.13
,"animation":{"dataType":3,"framePerSecond":60,"keys":[
{"frame":1,"values":[-1,0,0.0016,0,0,1,0,0,-0.0016,0,-1,0,-0.15,-0.2,-0.5126,1]},
{"frame":3,"values":[-1,0,0.0016,0,0,1,0,0,-0.0016,0,-1,0,-0.15,-0.2,-0.5126,1]},
{"frame":11,"values":[-1,0,0.0016,0,0,1,0,0,-0.0016,0,-1,0,-0.15,-0.2,-0.5126,1]},
{"frame":13,"values":[-1,0,0.0016,0,0,1,0,0,-0.0016,0,-1,0,-0.15,-0.2,-0.5126,1]},
{"frame":21,"values":[-1,0,0.0016,0,0,1,0,0,-0.0016,0,-1,0,-0.15,-0.2,-0.5126,1]},
{"frame":23,"values":[-1,0,0.0016,0,0,1,0,0,-0.0016,0,-1,0,-0.15,-0.2,-0.5126,1]},
{"frame":31,"values":[-1,0,0.0016,0,0,1,0,0,-0.0016,0,-1,0,-0.15,-0.2,-0.5126,1]},
{"frame":33,"values":[-1,0,0.0016,0,0,1,0,0,-0.0016,0,-1,0,-0.15,-0.2,-0.5126,1]},
{"frame":41,"values":[-1,0,0.0016,0,0,1,0,0,-0.0016,0,-1,0,-0.15,-0.2,-0.5126,1]},
{"frame":43,"values":[-1,0,0.0016,0,0,1,0,0,-0.0016,0,-1,0,-0.15,-0.2,-0.5126,1]},
{"frame":51,"values":[-1,0,0.0016,0,0,1,0,0,-0.0016,0,-1,0,-0.15,-0.2,-0.5126,1]},
{"frame":110,"values":[-1,0,0.0016,0,0,1,0,0,-0.0016,0,-1,0,-0.15,-0.2,-0.5126,1]},
{"frame":121,"values":[-1,0,0.0016,0,0,1,0,0,-0.0016,0,-1,0,-0.15,-0.2,-0.5126,1]},
{"frame":180,"values":[-1,0,0.0016,0,0,1,0,0,-0.0016,0,-1,0,-0.15,-0.2,-0.5126,1]},
{"frame":191,"values":[-1,0,0,0,0,1,0,0,0,0,-1,0,-0.15,-0.2,-0.5126,1]},
{"frame":192,"values":[-1,0,0.0016,0,0,1,0,0,-0.0016,0,-1,0,-0.15,-0.2,-0.5126,1]},
{"frame":193,"values":[-1,0,0.0065,0,0,1,0,0,-0.0065,0,-1,0,-0.15,-0.2,-0.5126,1]},
{"frame":194,"values":[-0.9999,0,0.0146,0,0,1,0,0,-0.0146,0,-0.9999,0,-0.15,-0.2,-0.5126,1]},
{"frame":195,"values":[-0.9997,0,0.026,0,0,1,0,0,-0.026,0,-0.9997,0,-0.15,-0.2,-0.5126,1]},
{"frame":196,"values":[-0.9992,0,0.0408,0,0,1,0,0,-0.0408,0,-0.9992,0,-0.15,-0.2,-0.5126,1]},
{"frame":197,"values":[-0.9983,0,0.0589,0,0,1,0,0,-0.0589,0,-0.9983,0,-0.15,-0.2,-0.5126,1]},
{"frame":198,"values":[-0.9968,0,0.0802,0,0,1,0,0,-0.0802,0,-0.9968,0,-0.15,-0.2,-0.5126,1]},
{"frame":199,"values":[-0.9945,0,0.1046,0,0,1,0,0,-0.1046,0,-0.9945,0,-0.15,-0.2,-0.5126,1]},
{"frame":200,"values":[-0.9912,0,0.1321,0,0,1,0,0,-0.1321,0,-0.9912,0,-0.15,-0.2,-0.5126,1]},
{"frame":201,"values":[-0.9867,0,0.1624,0,0,1,0,0,-0.1624,0,-0.9867,0,-0.15,-0.2,-0.5126,1]},
{"frame":202,"values":[-0.9808,0,0.1952,0,0,1,0,0,-0.1952,0,-0.9808,0,-0.15,-0.2,-0.5126,1]},
{"frame":203,"values":[-0.9731,0,0.2302,0,0,1,0,0,-0.2302,0,-0.9731,0,-0.15,-0.2,-0.5126,1]},
{"frame":204,"values":[-0.9637,0,0.267,0,0,1,0,0,-0.267,0,-0.9637,0,-0.15,-0.2,-0.5126,1]},
{"frame":205,"values":[-0.9523,0,0.3052,0,0,1,0,0,-0.3052,0,-0.9523,0,-0.15,-0.2,-0.5126,1]},
{"frame":206,"values":[-0.9389,0,0.3442,0,0,1,0,0,-0.3442,0,-0.9389,0,-0.15,-0.2,-0.5126,1]},
{"frame":207,"values":[-0.9235,0,0.3835,0,0,1,0,0,-0.3835,0,-0.9235,0,-0.15,-0.2,-0.5126,1]},
{"frame":208,"values":[-0.9063,0,0.4226,0,0,1,0,0,-0.4226,0,-0.9063,0,-0.15,-0.2,-0.5126,1]},
{"frame":209,"values":[-0.8874,0,0.4609,0,0,1,0,0,-0.4609,0,-0.8874,0,-0.15,-0.2,-0.5126,1]},
{"frame":210,"values":[-0.8672,0,0.498,0,0,1,0,0,-0.498,0,-0.8672,0,-0.15,-0.2,-0.5126,1]},
{"frame":211,"values":[-0.8459,0,0.5333,0,0,1,0,0,-0.5333,0,-0.8459,0,-0.15,-0.2,-0.5126,1]},
{"frame":212,"values":[-0.824,0,0.5666,0,0,1,0,0,-0.5666,0,-0.824,0,-0.15,-0.2,-0.5126,1]},
{"frame":213,"values":[-0.8019,0,0.5975,0,0,1,0,0,-0.5975,0,-0.8019,0,-0.15,-0.2,-0.5126,1]},
{"frame":214,"values":[-0.78,0,0.6258,0,0,1,0,0,-0.6258,0,-0.78,0,-0.15,-0.2,-0.5126,1]},
{"frame":215,"values":[-0.7586,0,0.6515,0,0,1,0,0,-0.6515,0,-0.7586,0,-0.15,-0.2,-0.5126,1]},
{"frame":216,"values":[-0.7384,0,0.6744,0,0,1,0,0,-0.6744,0,-0.7384,0,-0.15,-0.2,-0.5126,1]},
{"frame":217,"values":[-0.7194,0,0.6946,0,0,1,0,0,-0.6946,0,-0.7194,0,-0.15,-0.2,-0.5126,1]},
{"frame":218,"values":[-0.7071,0,0.7071,0,0,1,0,0,-0.7071,0,-0.7071,0,-0.15,-0.2,-0.5126,1]},
{"frame":231,"values":[-0.7223,0,0.6915,0,0,1,0,0,-0.6915,0,-0.7223,0,-0.15,-0.2,-0.5126,1]},
{"frame":232,"values":[-0.7488,0,0.6628,0,0,1,0,0,-0.6628,0,-0.7488,0,-0.15,-0.2,-0.5126,1]},
{"frame":233,"values":[-0.7774,0,0.6291,0,0,1,0,0,-0.6291,0,-0.7774,0,-0.15,-0.2,-0.5126,1]},
{"frame":234,"values":[-0.8072,0,0.5903,0,0,1,0,0,-0.5903,0,-0.8072,0,-0.15,-0.2,-0.5126,1]},
{"frame":235,"values":[-0.8372,0,0.5469,0,0,1,0,0,-0.5469,0,-0.8372,0,-0.15,-0.2,-0.5126,1]},
{"frame":236,"values":[-0.8664,0,0.4994,0,0,1,0,0,-0.4994,0,-0.8664,0,-0.15,-0.2,-0.5126,1]},
{"frame":237,"values":[-0.8936,0,0.4488,0,0,1,0,0,-0.4488,0,-0.8936,0,-0.15,-0.2,-0.5126,1]},
{"frame":238,"values":[-0.9182,0,0.3961,0,0,1,0,0,-0.3961,0,-0.9182,0,-0.15,-0.2,-0.5126,1]},
{"frame":239,"values":[-0.9395,0,0.3427,0,0,1,0,0,-0.3427,0,-0.9395,0,-0.15,-0.2,-0.5126,1]},
{"frame":240,"values":[-0.9571,0,0.2898,0,0,1,0,0,-0.2898,0,-0.9571,0,-0.15,-0.2,-0.5126,1]},
{"frame":241,"values":[-0.971,0,0.2389,0,0,1,0,0,-0.2389,0,-0.971,0,-0.15,-0.2,-0.5126,1]},
{"frame":242,"values":[-0.9816,0,0.1911,0,0,1,0,0,-0.1911,0,-0.9816,0,-0.15,-0.2,-0.5126,1]},
{"frame":243,"values":[-0.9891,0,0.1475,0,0,1,0,0,-0.1475,0,-0.9891,0,-0.15,-0.2,-0.5126,1]},
{"frame":244,"values":[-0.9941,0,0.1088,0,0,1,0,0,-0.1088,0,-0.9941,0,-0.15,-0.2,-0.5126,1]},
{"frame":245,"values":[-0.9971,0,0.0757,0,0,1,0,0,-0.0757,0,-0.9971,0,-0.15,-0.2,-0.5126,1]},
{"frame":246,"values":[-0.9988,0,0.0483,0,0,1,0,0,-0.0483,0,-0.9988,0,-0.15,-0.2,-0.5126,1]},
{"frame":247,"values":[-0.9996,0,0.0271,0,0,1,0,0,-0.0271,0,-0.9996,0,-0.15,-0.2,-0.5126,1]},
{"frame":248,"values":[-0.9999,0,0.012,0,0,1,0,0,-0.012,0,-0.9999,0,-0.15,-0.2,-0.5126,1]},
{"frame":249,"values":[-1,0,0.003,0,0,1,0,0,-0.003,0,-1,0,-0.15,-0.2,-0.5126,1]},
{"frame":250,"values":[-1,0,0,0,0,1,0,0,0,0,-1,0,-0.15,-0.2,-0.5126,1]},
{"frame":261,"values":[-1,0,0,0,0,1,0,0,0,0,-1,0,-0.15,-0.2,-0.5126,1]},
{"frame":320,"values":[-1,0,0,0,0,1,0,0,0,0,-1,0,-0.15,-0.2,-0.5126,1]},
{"frame":331,"values":[-1,0,0,0,0,1,0,0,0,0,-1,0,-0.15,-0.2,-0.5126,1]},
{"frame":390,"values":[-1,0,0,0,0,1,0,0,0,0,-1,0,-0.15,-0.2,-0.5126,1]},
{"frame":401,"values":[-1,0,0,0,0,1,0,0,0,0,-1,0,-0.15,-0.2,-0.5126,1]},
{"frame":460,"values":[-1,0,0,0,0,1,0,0,0,0,-1,0,-0.15,-0.2,-0.5126,1]},
{"frame":471,"values":[-1,0,0,0,0,1,0,0,0,0,-1,0,-0.15,-0.2,-0.5126,1]},
{"frame":530,"values":[-1,0,0,0,0,1,0,0,0,0,-1,0,-0.15,-0.2,-0.5126,1]},
{"frame":541,"values":[-1,0,0,0,0,1,0,0,0,0,-1,0,-0.15,-0.2,-0.5126,1]},
{"frame":543,"values":[-1,0,0,0,0,1,0,0,0,0,-1,0,-0.15,-0.2,-0.5126,1]},
{"frame":551,"values":[-1,0,0,0,0,1,0,0,0,0,-1,0,-0.15,-0.2,-0.5126,1]},
{"frame":553,"values":[-1,0,0,0,0,1,0,0,0,0,-1,0,-0.15,-0.2,-0.5126,1]},
{"frame":561,"values":[-1,0,0,0,0,1,0,0,0,0,-1,0,-0.15,-0.2,-0.5126,1]},
{"frame":563,"values":[-1,0,0,0,0,1,0,0,0,0,-1,0,-0.15,-0.2,-0.5126,1]}],"loopBehavior":1,"name":"anim","property":"_matrix"}},
{"name":"toiletLid","index":4,"matrix":[1,0,0,0,0,1,0,0,0,0,1,0,0,-0.2,-0.5991,1],"rest":[1,0,0,0,0,1,0,0,0,0,1,0,0,-0.2,-0.5991,1],"parentBoneIndex":1,"length":0.1361
,"animation":{"dataType":3,"framePerSecond":60,"keys":[
{"frame":1,"values":[1,0,0,0,0,1,0,0,0,0,1,0,0,-0.2,-0.5991,1]},
{"frame":3,"values":[1,0,0,0,0,1,0,0,0,0,1,0,0,-0.2,-0.5991,1]},
{"frame":11,"values":[1,0,0,0,0,1,0,0,0,0,1,0,0,-0.2,-0.5991,1]},
{"frame":13,"values":[1,0,0,0,0,1,0,0,0,0,1,0,0,-0.2,-0.5991,1]},
{"frame":21,"values":[1,0,0,0,0,1,0,0,0,0,1,0,0,-0.2,-0.5991,1]},
{"frame":23,"values":[1,0,0,0,0,1,0,0,0,0,1,0,0,-0.2,-0.5991,1]},
{"frame":31,"values":[1,0,0,0,0,1,0,0,0,0,1,0,0,-0.2,-0.5991,1]},
{"frame":33,"values":[1,0,0,0,0,1,0,0,0,0,1,0,0,-0.2,-0.5991,1]},
{"frame":41,"values":[1,0,0,0,0,1,0,0,0,0,1,0,0,-0.2,-0.5991,1]},
{"frame":43,"values":[1,0,0,0,0,1,0,0,0,0,1,0,0,-0.2,-0.5991,1]},
{"frame":51,"values":[1,0,0,0,0,1,0,0,0,0,1,0,0,-0.2,-0.5991,1]},
{"frame":110,"values":[1,0,0,0,0,1,0,0,0,0,1,0,0,-0.2,-0.5991,1]},
{"frame":121,"values":[1,0,0,0,0,1,0,0,0,0,1,0,0,-0.2,-0.5991,1]},
{"frame":180,"values":[1,0,0,0,0,1,0,0,0,0,1,0,0,-0.2,-0.5991,1]},
{"frame":191,"values":[1,0,0,0,0,1,0,0,0,0,1,0,0,-0.2,-0.5991,1]},
{"frame":250,"values":[1,0,0,0,0,1,0,0,0,0,1,0,0,-0.2,-0.5991,1]},
{"frame":261,"values":[1,0,0,0,0,1,0,0,0,0,1,0,0,-0.2,-0.5991,1]},
{"frame":320,"values":[1,0,0,0,0,1,0,0,0,0,1,0,0,-0.2,-0.5991,1]},
{"frame":331,"values":[1,0,0,0,0,1,0,0,0,0,1,0,0,-0.2,-0.5991,1]},
{"frame":390,"values":[1,0,0,0,0,1,0,0,0,0,1,0,0,-0.2,-0.5991,1]},
{"frame":401,"values":[1,0,0,0,0,1,0,0,0,0,1,0,0,-0.2,-0.5991,1]},
{"frame":460,"values":[1,0,0,0,0,1,0,0,0,0,1,0,0,-0.2,-0.5991,1]},
{"frame":471,"values":[1,0,0,0,0,1,0,0,0,0,1,0,0,-0.2,-0.5991,1]},
{"frame":530,"values":[1,0,0,0,0,1,0,0,0,0,1,0,0,-0.2,-0.5991,1]},
{"frame":541,"values":[1,0,0,0,0,1,0,0,0,0,1,0,0,-0.2,-0.5991,1]},
{"frame":543,"values":[1,0,0,0,0,1,0,0,0,0,1,0,0,-0.2,-0.5991,1]},
{"frame":551,"values":[1,0,0,0,0,1,0,0,0,0,1,0,0,-0.2,-0.5991,1]},
{"frame":553,"values":[1,0,0,0,0,1,0,0,0,0,1,0,0,-0.2,-0.5991,1]},
{"frame":561,"values":[1,0,0,0,0,1,0,0,0,0,1,0,0,-0.2,-0.5991,1]},
{"frame":563,"values":[1,0,0,0,0,1,0,0,0,0,1,0,0,-0.2,-0.5991,1]}],"loopBehavior":1,"name":"anim","property":"_matrix"}}]
,"ranges":[{"name":"10_closed01","from":0,"to":3},{"name":"10_closed01.001","from":10,"to":13},{"name":"10_opened01","from":20,"to":23},{"name":"10_opened01.001","from":30,"to":33},{"name":"10_openedFreezerDoor01","from":40,"to":43},{"name":"80_close01","from":50,"to":110},{"name":"80_closeFreezerDoor01","from":120,"to":180},{"name":"80_flush","from":190,"to":250},{"name":"80_open01","from":260,"to":320},{"name":"80_open01.001","from":330,"to":390},{"name":"80_openFreezerDoor01","from":400,"to":460},{"name":"80_openRefrigeratorDoor01","from":470,"to":530},{"name":"99_default","from":540,"to":543},{"name":"99_default.001","from":550,"to":553},{"name":"99_default.002","from":560,"to":563}]}],
"meshes":[{"name":"animatedToilet01","id":"animatedToilet01","materialId":"animatedToilet01.Multimaterial#0","billboardMode":0,"position":[0,0,0],"rotation":[0,0,0],"scaling":[1,1,1],"isVisible":true,"freezeWorldMatrix":false,"isEnabled":true,"checkCollisions":false,"receiveShadows":false,"pickable":true,"tags":"","skeletonId":0,"numBoneInfluencers":1
,"positions":[0.0511,0.1903,0.3022,0,0.0581,0.2439,0,0.1897,0.3083,0.0516,0.2473,0.3119,0,0.2473,0.3177,0.1825,0.0436,-0.3162,0.1259,0.0583,-0.3892,0.127,0.0434,-0.3917,-0.0798,0.3591,0.2994,-0.1134,0.3591,0.2683,-0.0809,0.3592,0.268,0.2203,0.8788,0.099,0.2079,0.3895,0.0886,0.2207,0.3895,0.099,0.1417,0.2851,-0.4341,0.2178,0.3298,-0.3619,0.152,0.3297,-0.4607
,0.0618,0.3592,-0.507,0.0278,0.3592,-0.4522,0,0.3592,-0.5184,0.0519,0.0435,-0.4409,0,0.0583,-0.4497,0,0.0435,-0.4521,0.2075,0.0433,-0.2177,0.1803,0.0583,-0.3139,0.2171,0.0363,-0.1349,0.2138,0.0366,-0.2211,0.2255,0.2838,-0.2281,0.2502,0.3297,-0.1351,0.2473,0.3298,-0.2415,0.0805,0.0585,0.2197,0.1089,0.2471,0.1941,0.1122,0.0586,0.1674,0.173,0.3297,0.1122
,0.2009,0.2837,-0.0213,0.1579,0.2839,0.113,0.0798,0.3591,0.2994,0.117,0.3299,0.2641,0.0787,0.3297,0.3097,0.1923,0,-0.328,0.1276,0.0366,-0.4022,0.1305,0,-0.4082,0.0726,0.2475,0.2912,0.2184,0.3297,-0.0215,0.2297,0.2849,-0.135,0.1509,0.3592,-0.4532,0.0781,0.0366,0.2283,0.0532,0,0.2441,0.0531,0.0365,0.244,0.2171,0.0363,-0.1349,0.1998,0,-0.0214
,0.1949,0.0365,-0.0213,0.1646,0.2473,-0.2947,0.1995,0.2836,-0.3396,0,0.2841,-0.4977,0.0647,0.3297,-0.5109,0,0.3297,-0.5218,0.173,0.2474,-0.0215,0.1357,0.2473,0.1143,0.1089,0.2471,0.1941,0.1579,0.2839,0.113,0.1357,0.2473,0.1143,0.1194,0,0.1762,0.1554,0.0366,0.1126,0.1593,0,0.1126,0.2094,0.0437,-0.1349,0.2047,0.0582,-0.2164,0.2094,0.0437,-0.1349
,0.1879,0.0435,-0.0213,0.1163,0.0361,0.1767,0.0787,0,0.2288,0.2072,0.0583,-0.135,0.1875,0.2473,-0.2054,0.1856,0.0583,-0.0214,0.1481,0.0433,0.1122,0.1445,0.0583,0.1113,0.0541,0.0579,0.2363,0.0782,0.0433,0.2195,0.0531,0.0435,0.2352,0.2121,0.3592,-0.3552,0.0698,0.1899,0.2838,0.1916,0.3592,-0.1379,0.2064,0.3592,-0.0213,0.1714,0.3592,-0.0214,0.0534,0.3593,0.3003
,0.1126,0.2844,0.2387,0.0774,0.2841,0.3024,0.2297,0.2849,-0.135,0.113,0.0439,0.1683,0.1445,0.0583,0.1113,0.1481,0.0433,0.1122,0.128,0.3273,-0.4055,0.1233,0.2635,-0.3278,0.0906,0.3279,-0.434,0.1134,0.3591,0.2683,0,0.3751,0.2723,0.116,0.3746,0.27,0.2072,0.0583,-0.135,0.1584,0.2639,-0.2629,0.0589,0.1656,-0.1954,0.0581,0.2842,-0.4864,0,0.3592,-0.4551
,0.0257,0.3277,-0.4633,0,0.3275,-0.4664,0.0516,0.0583,-0.4384,0,0.2473,-0.4252,0.0539,0.2839,0.3157,0.1357,0.2473,0.1143,0.1445,0.0583,0.1113,0,0.3593,0.2995,0.0533,0.3296,0.3169,0,0.3297,0.3181,0.0531,0.3592,0.2675,0,0.3592,0.2665,0.0521,0.0365,-0.4514,0.0533,0,-0.458,0.1125,0.2471,-0.3693,0.1481,0.0433,0.1122,0,0.0435,0.2437
,0,0.0365,0.2525,0,0.0365,-0.4626,0,0,-0.4693,0.1743,0.3592,-0.3194,0.1854,0.3592,-0.2709,0,0.2841,0.3189,0.1644,0.3592,0.1135,0.1527,0.3592,0.1103,0.0924,0.3592,-0.4237,0.1089,0.2471,0.1941,0.1743,0.3592,-0.3194,0.1902,0.3277,-0.274,0.1787,0.3276,-0.3245,0.1734,0.4074,0.1125,0,0.8788,0.0943,0.1926,0.8788,0.1036,0.0454,0.2473,-0.4148
,0.2229,-0.0001,-0.135,0.2192,0,-0.2243,0.0569,0.3592,-0.0098,0.113,0.3276,-0.0205,0.1115,0.3592,-0.0292,0.1926,0.2471,-0.1344,0.154,0.3592,-0.3609,0.1879,0.0364,-0.3229,0.1554,0.0366,0.1126,0.1554,0.0366,0.1126,0.2072,0.0583,-0.135,0.2377,0.3592,-0.2355,0,0.9001,0.3034,0.2245,0.8948,0.3087,0,0.8948,0.3151,0.1644,0.3592,0.1135,0.2079,0.8788,0.2954
,0.2197,0.3895,0.2855,0.2078,0.3895,0.2955,0,0,0.2525,0.1584,0.2639,-0.2629,0.2245,0.8788,0.0753,0,0.8948,0.0689,0,0.8788,0.0689,0.0549,0.3592,-0.4431,0.2245,0.8948,0.0753,0,0.9001,0.0812,0,0.8948,0.0689,0,0.3592,-0.4551,0,0.3592,-0.0019,0.0576,0.3277,-0.002,0.1585,0.3591,-0.0767,0.2381,0.8788,0.2976,0.2381,0.8948,0.087
,0.2381,0.8788,0.087,0.1065,0.2638,-0.0245,0.2107,0.3821,0.2803,0.1177,0.3592,0.05,0.1177,0.3592,0.0652,0.1387,0.3592,0.05,0.1644,0.3592,0.1135,0.1527,0.3592,0.1103,0.1958,0.3592,-0.1783,0.1984,0.3274,-0.2225,0.1921,0.3592,-0.2216,0.0278,0.3592,-0.4522,0.0512,0.3274,-0.4554,0,0.3276,0.0062,0,0.2636,0.0061,0.1854,0.3592,-0.2709,0.1984,0.3274,-0.2225
,0.1754,0.2633,-0.1793,0.2009,0.3278,-0.177,0.1694,0.2644,-0.1123,0.1984,0.3274,-0.1332,0,0.1988,-0.0322,0.156,0.3279,-0.3678,0.1262,0.3592,-0.3961,0.0682,0.2642,-0.3663,0.1984,0.3274,-0.2225,0.1754,0.2633,-0.1793,0.0894,0.1943,-0.0623,0.1694,0.2644,-0.1123,0.1694,0.2644,-0.1123,0.1614,0.3278,-0.0713,0.1584,0.2639,-0.2629,0.1754,0.2633,-0.1793,0.0996,0.1787,-0.1306
,0.0682,0.2642,-0.3663,0.0996,0.1787,-0.1306,0,0.8788,0.3015,0.1926,0.8788,0.2806,0.0327,0.1686,-0.0294,0.0894,0.1943,-0.0623,0.0682,0.2642,-0.3663,0,0.1654,-0.2127,0,0.2636,-0.3799,0,0.1776,0.0051,0,0.1949,0.1001,0.0306,0.1707,0.0112,0,0.1272,-0.057,0.0204,0.1299,0.0345,0,0.1272,0.0363,0.0416,0.1482,0.0236,0.0222,0.1309,-0.0556
,0.0398,0.1474,-0.0481,0.1527,0.3592,0.1103,0.153,0.3766,0.1104,0,0.3755,0.1089,0.1734,0.4074,0.2718,0,0.3915,0.1925,0.1734,0.4074,0.1125,0,0.3821,0.2868,0.0306,0.1707,0.0112,0,0.1949,0.1001,0.2134,0.3821,0.1021,0.2245,0.9001,0.2976,0.2381,0.8948,0.2976,0,0.1776,-0.0246,0.0894,0.1943,-0.0623,0.0996,0.1787,-0.1306,0.0589,0.1656,-0.1954
,0.0996,0.1787,-0.1306,0.0327,0.1686,-0.0294,0,0.8788,0.2906,0.1734,0.4074,0.2718,0,0.3895,0.0834,0.2079,0.8788,0.0886,0,0.8788,0.0833,0,0.1949,0.1001,0.0204,0.1299,0.0345,0,0.1949,0.1001,0.173,0.2474,-0.0215,0.2107,0.3821,0.2803,0.2381,0.8948,0.087,0.2245,0.9001,0.087,0.1916,0.3592,-0.1379,0.1984,0.3274,-0.1332,0.2381,0.8948,0.087
,0,0.3821,0.0961,0.2201,0.8788,0.2856,0.1787,0.3276,-0.3245,0.1787,0.3276,-0.3245,0.2245,0.8948,0.3087,0.2245,0.8788,0.3087,0,0.8788,0.3151,0.2245,0.8948,0.3087,0,0.3592,0.1088,0.2381,0.3592,-0.1349,0.2381,0.3592,-0.1349,0.173,0.3297,0.1122,0.1579,0.2839,0.113,0.173,0.3297,0.1122,0.1926,0.8788,0.1036,0.1926,0.8788,0.2806,0,0.3915,0.1925
,0,0.4074,0.1041,0.1926,0.8788,0.2806,0,0.4074,0.2808,0,0.3915,0.1925,0.1734,0.4074,0.2718,0.1177,0.3736,0.05,0.1177,0.3592,0.0652,0.1177,0.3592,0.05,0.1177,0.3592,0.0652,0.1387,0.3736,0.0652,0.1387,0.3592,0.0652,0.1177,0.3736,0.0652,0.1387,0.3592,0.05,0.1387,0.3736,0.05,0.1177,0.3592,0.05,0.1387,0.3592,0.0652,0.1527,0.3592,0.1103
,-0.0511,0.1903,0.3022,-0.0516,0.2473,0.3119,-0.1259,0.0583,-0.3892,-0.1825,0.0436,-0.3162,-0.127,0.0434,-0.3917,-0.1527,0.3592,0.1103,-0.2079,0.3895,0.0886,-0.2203,0.8788,0.099,-0.2207,0.3895,0.099,-0.1417,0.2851,-0.4341,-0.2178,0.3298,-0.3619,-0.1995,0.2836,-0.3396,-0.0278,0.3592,-0.4522,-0.0618,0.3592,-0.507,-0.0519,0.0435,-0.4409,-0.1803,0.0583,-0.3139,-0.2075,0.0433,-0.2177
,-0.2171,0.0363,-0.1349,-0.2138,0.0366,-0.2211,-0.2255,0.2838,-0.2281,-0.2502,0.3297,-0.1351,-0.2297,0.2849,-0.135,-0.0805,0.0585,0.2197,-0.1089,0.2471,0.1941,-0.0698,0.1899,0.2838,-0.173,0.3297,0.1122,-0.2009,0.2837,-0.0213,-0.2184,0.3297,-0.0215,-0.117,0.3299,0.2641,-0.1134,0.3591,0.2683,-0.1276,0.0366,-0.4022,-0.1923,0,-0.328,-0.1305,0,-0.4082,-0.0726,0.2475,0.2912
,-0.2297,0.2849,-0.135,-0.2502,0.3297,-0.1351,-0.1509,0.3592,-0.4532,-0.152,0.3297,-0.4607,-0.0532,0,0.2441,-0.0781,0.0366,0.2283,-0.0531,0.0365,0.244,-0.1998,0,-0.0214,-0.2171,0.0363,-0.1349,-0.1949,0.0365,-0.0213,-0.1646,0.2473,-0.2947,-0.1875,0.2473,-0.2054,-0.0647,0.3297,-0.5109,-0.0581,0.2842,-0.4864,-0.1579,0.2839,0.113,-0.173,0.2474,-0.0215,-0.1579,0.2839,0.113
,-0.1089,0.2471,0.1941,-0.1357,0.2473,0.1143,-0.1554,0.0366,0.1126,-0.1194,0,0.1762,-0.1593,0,0.1126,-0.2047,0.0582,-0.2164,-0.2094,0.0437,-0.1349,-0.2094,0.0437,-0.1349,-0.1879,0.0435,-0.0213,-0.0787,0,0.2288,-0.1163,0.0361,0.1767,-0.2072,0.0583,-0.135,-0.1926,0.2471,-0.1344,-0.1481,0.0433,0.1122,-0.1856,0.0583,-0.0214,-0.1445,0.0583,0.1113,-0.0541,0.0579,0.2363
,-0.0782,0.0433,0.2195,-0.2473,0.3298,-0.2415,-0.2121,0.3592,-0.3552,-0.2377,0.3592,-0.2355,-0.2064,0.3592,-0.0213,-0.1916,0.3592,-0.1379,-0.1714,0.3592,-0.0214,-0.0787,0.3297,0.3097,-0.0534,0.3593,0.3003,-0.0533,0.3296,0.3169,-0.1126,0.2844,0.2387,-0.0774,0.2841,0.3024,-0.1445,0.0583,0.1113,-0.113,0.0439,0.1683,-0.1481,0.0433,0.1122,-0.128,0.3273,-0.4055,-0.0906,0.3279,-0.434
,-0.1233,0.2635,-0.3278,-0.1134,0.3591,0.2683,-0.116,0.3746,0.27,-0.2072,0.0583,-0.135,-0.1584,0.2639,-0.2629,-0.0589,0.1656,-0.1954,-0.0996,0.1787,-0.1306,-0.0257,0.3277,-0.4633,-0.0278,0.3592,-0.4522,-0.0516,0.0583,-0.4384,-0.0454,0.2473,-0.4148,-0.0539,0.2839,0.3157,-0.1357,0.2473,0.1143,-0.1122,0.0586,0.1674,-0.1445,0.0583,0.1113,-0.0531,0.3592,0.2675,-0.0521,0.0365,-0.4514
,-0.0533,0,-0.458,-0.1125,0.2471,-0.3693,-0.0531,0.0435,0.2352,-0.1743,0.3592,-0.3194,-0.1854,0.3592,-0.2709,-0.1644,0.3592,0.1135,-0.1527,0.3592,0.1103,-0.1134,0.3591,0.2683,-0.0924,0.3592,-0.4237,-0.1089,0.2471,0.1941,-0.1743,0.3592,-0.3194,-0.1902,0.3277,-0.274,-0.1854,0.3592,-0.2709,-0.1734,0.4074,0.1125,-0.1926,0.8788,0.1036,-0.2229,-0.0001,-0.135,-0.2192,0,-0.2243
,-0.0569,0.3592,-0.0098,-0.113,0.3276,-0.0205,-0.0576,0.3277,-0.002,-0.1926,0.2471,-0.1344,-0.2297,0.2849,-0.135,-0.154,0.3592,-0.3609,-0.1879,0.0364,-0.3229,-0.1554,0.0366,0.1126,-0.1554,0.0366,0.1126,-0.1926,0.2471,-0.1344,-0.2072,0.0583,-0.135,-0.2381,0.3592,-0.1349,-0.2245,0.8948,0.3087,-0.2245,0.9001,0.2976,-0.1644,0.3592,0.1135,-0.2197,0.3895,0.2855,-0.2079,0.8788,0.2954
,-0.2078,0.3895,0.2955,-0.1584,0.2639,-0.2629,-0.1787,0.3276,-0.3245,-0.2245,0.8788,0.0753,-0.0549,0.3592,-0.4431,-0.2245,0.8948,0.0753,0,0.8948,0.0689,0,0.3592,-0.4551,-0.1585,0.3591,-0.0767,-0.1115,0.3592,-0.0292,-0.2381,0.8948,0.087,-0.2381,0.8788,0.2976,-0.2381,0.8788,0.087,-0.1065,0.2638,-0.0245,-0.2107,0.3821,0.2803,-0.1177,0.3592,0.0652,-0.1177,0.3592,0.05
,-0.1387,0.3592,0.05,-0.1644,0.3592,0.1135,-0.1958,0.3592,-0.1783,-0.1984,0.3274,-0.2225,-0.2009,0.3278,-0.177,0.1527,0.3592,0.1103,-0.0278,0.3592,-0.4522,-0.0512,0.3274,-0.4554,-0.0549,0.3592,-0.4431,-0.1854,0.3592,-0.2709,-0.1984,0.3274,-0.2225,-0.1921,0.3592,-0.2216,-0.1754,0.2633,-0.1793,-0.1694,0.2644,-0.1123,-0.1984,0.3274,-0.1332,-0.1614,0.3278,-0.0713,-0.1262,0.3592,-0.3961
,-0.156,0.3279,-0.3678,-0.0682,0.2642,-0.3663,-0.1754,0.2633,-0.1793,-0.1984,0.3274,-0.2225,-0.1694,0.2644,-0.1123,-0.0894,0.1943,-0.0623,-0.1694,0.2644,-0.1123,-0.1584,0.2639,-0.2629,-0.0996,0.1787,-0.1306,-0.1754,0.2633,-0.1793,-0.0682,0.2642,-0.3663,-0.0894,0.1943,-0.0623,-0.1926,0.8788,0.2806,-0.0327,0.1686,-0.0294,-0.0682,0.2642,-0.3663,-0.0306,0.1707,0.0112,-0.0204,0.1299,0.0345
,-0.0222,0.1309,-0.0556,-0.0222,0.1309,-0.0556,-0.0416,0.1482,0.0236,-0.0398,0.1474,-0.0481,-0.153,0.3766,0.1104,-0.1734,0.4074,0.2718,-0.1734,0.4074,0.1125,-0.2107,0.3821,0.2803,-0.0306,0.1707,0.0112,0,0.1949,0.1001,-0.2134,0.3821,0.1021,-0.2381,0.8948,0.2976,-0.0894,0.1943,-0.0623,-0.0327,0.1686,-0.0294,-0.0589,0.1656,-0.1954,-0.0222,0.1309,-0.0556,-0.0327,0.1686,-0.0294
,-0.0306,0.1707,0.0112,-0.1734,0.4074,0.2718,-0.2079,0.8788,0.0886,0,0.3895,0.3014,-0.0204,0.1299,0.0345,0,0.1949,0.1001,0,0.1949,0.1001,-0.1527,0.3592,0.1103,-0.153,0.3766,0.1104,-0.173,0.2474,-0.0215,-0.2134,0.3821,0.1021,-0.2245,0.9001,0.087,-0.2381,0.8948,0.087,-0.1916,0.3592,-0.1379,-0.1984,0.3274,-0.1332,-0.1984,0.3274,-0.1332,-0.2381,0.8948,0.087
