{"producer":{"name":"Blender","version":"2.92.0","exporter_version":"6.4.5","file":"animatedChest01.babylon"},
"autoClear":true,"clearColor":[0.0509,0.0509,0.0509],"gravity":[0,-9.81,0],
"materials":[{"name":"metalIronRough","id":"metalIronRough","customType":"BABYLON.PBRMaterial","backFaceCulling":true,"checkReadyOnlyOnce":false,"maxSimultaneousLights":4,"environmentIntensity":1,"albedo":[0.1045,0.1045,0.1045],"reflectivity":[0.5,0.5,0.5],"roughness":0.5,"alpha":1,"transparencyMode":0,"alphaCutOff":0.4,"metallic":0.125,"clearCoat":{"isEnabled":true,"_isEnabled":true,"_indiceOfRefraction":1.45,"indexOfRefraction":1.45,"intensity":0.1,"roughness":0.03}},
{"name":"woodRed","id":"woodRed","customType":"BABYLON.PBRMaterial","backFaceCulling":true,"checkReadyOnlyOnce":false,"maxSimultaneousLights":4,"environmentIntensity":1,"albedo":[0.183,0.0333,0.0083],"reflectivity":[0.5,0.5,0.5],"roughness":0.9104,"alpha":1,"transparencyMode":0,"alphaCutOff":0.4,"metallic":0}],
"multiMaterials":[{"name":"animatedChest01.Multimaterial#0","id":"animatedChest01.Multimaterial#0","materials":["metalIronRough","woodRed"]}],
"skeletons":[{"name":"chestArmature","id":0,"dimensionsAtRest":[0,0.3,0.4],"bones":[
{"name":"ROOT","index":0,"matrix":[1,0,0,0,0,0,-1,0,0,-1,0,0,0,0,0,1],"rest":[1,0,0,0,0,0,-1,0,0,-1,0,0,0,0,0,1],"parentBoneIndex":-1,"length":0.2
,"animation":{"dataType":3,"framePerSecond":24,"keys":[
{"frame":0,"values":[1,0,0,0,0,0,-1,0,0,-1,0,0,0,0,0,1]},
{"frame":3,"values":[1,0,0,0,0,0,-1,0,0,-1,0,0,0,0,0,1]},
{"frame":10,"values":[1,0,0,0,0,0,-1,0,0,-1,0,0,0,0,0,1]},
{"frame":12,"values":[1,0,0,0,0,0,-1,0,0,-1,0,0,0,0,0,1]},
{"frame":20,"values":[1,0,0,0,0,0,-1,0,0,-1,0,0,0,0,0,1]},
{"frame":23,"values":[1,0,0,0,0,0,-1,0,0,-1,0,0,0,0,0,1]},
{"frame":30,"values":[1,0,0,0,0,0,-1,0,0,-1,0,0,0,0,0,1]},
{"frame":32,"values":[1,0,0,0,0,0,-1,0,0,-1,0,0,0,0,0,1]},
{"frame":41,"values":[1,0,0,0,0,0,-1,0,0,-1,0,0,0,0,0,1]},
{"frame":100,"values":[1,0,0,0,0,0,-1,0,0,-1,0,0,0,0,0,1]},
{"frame":110,"values":[1,0,0,0,0,0,-1,0,0,-1,0,0,0,0,0,1]},
{"frame":170,"values":[1,0,0,0,0,0,-1,0,0,-1,0,0,0,0,0,1]},
{"frame":181,"values":[1,0,0,0,0,0,-1,0,0,-1,0,0,0,0,0,1]},
{"frame":244,"values":[1,0,0,0,0,0,-1,0,0,-1,0,0,0,0,0,1]},
{"frame":250,"values":[1,0,0,0,0,0,-1,0,0,-1,0,0,0,0,0,1]},
{"frame":310,"values":[1,0,0,0,0,0,-1,0,0,-1,0,0,0,0,0,1]},
{"frame":320,"values":[1,0,0,0,0,0,-1,0,0,-1,0,0,0,0,0,1]},
{"frame":323,"values":[1,0,0,0,0,0,-1,0,0,-1,0,0,0,0,0,1]},
{"frame":330,"values":[1,0,0,0,0,0,-1,0,0,-1,0,0,0,0,0,1]},
{"frame":332,"values":[1,0,0,0,0,0,-1,0,0,-1,0,0,0,0,0,1]}],"loopBehavior":1,"name":"anim","property":"_matrix"}},
{"name":"bottom","index":1,"matrix":[1,0,0,0,0,1,0,0,0,0,1,0,0,0,-0.155,1],"rest":[1,0,0,0,0,1,0,0,0,0,1,0,0,0,-0.155,1],"parentBoneIndex":0,"length":0.2
,"animation":{"dataType":3,"framePerSecond":24,"keys":[
{"frame":0,"values":[1,0,0,0,0,1,0,0,0,0,1,0,0,0,-0.155,1]},
{"frame":3,"values":[1,0,0,0,0,1,0,0,0,0,1,0,0,0,-0.155,1]},
{"frame":10,"values":[1,0,0,0,0,1,0,0,0,0,1,0,0,0,-0.155,1]},
{"frame":12,"values":[1,0,0,0,0,1,0,0,0,0,1,0,0,0,-0.155,1]},
{"frame":20,"values":[1,0,0,0,0,1,0,0,0,0,1,0,0,0,-0.155,1]},
{"frame":23,"values":[1,0,0,0,0,1,0,0,0,0,1,0,0,0,-0.155,1]},
{"frame":30,"values":[1,0,0,0,0,1,0,0,0,0,1,0,0,0,-0.155,1]},
{"frame":32,"values":[1,0,0,0,0,1,0,0,0,0,1,0,0,0,-0.155,1]},
{"frame":41,"values":[1,0,0,0,0,1,0,0,0,0,1,0,0,0,-0.155,1]},
{"frame":100,"values":[1,0,0,0,0,1,0,0,0,0,1,0,0,0,-0.155,1]},
{"frame":110,"values":[1,0,0,0,0,1,0,0,0,0,1,0,0,0,-0.155,1]},
{"frame":170,"values":[1,0,0,0,0,1,0,0,0,0,1,0,0,0,-0.155,1]},
{"frame":181,"values":[1,0,0,0,0,1,0,0,0,0,1,0,0,0,-0.155,1]},
{"frame":244,"values":[1,0,0,0,0,1,0,0,0,0,1,0,0,0,-0.155,1]},
{"frame":250,"values":[1,0,0,0,0,1,0,0,0,0,1,0,0,0,-0.155,1]},
{"frame":310,"values":[1,0,0,0,0,1,0,0,0,0,1,0,0,0,-0.155,1]},
{"frame":320,"values":[1,0,0,0,0,1,0,0,0,0,1,0,0,0,-0.155,1]},
{"frame":323,"values":[1,0,0,0,0,1,0,0,0,0,1,0,0,0,-0.155,1]},
{"frame":330,"values":[1,0,0,0,0,1,0,0,0,0,1,0,0,0,-0.155,1]},
{"frame":332,"values":[1,0,0,0,0,1,0,0,0,0,1,0,0,0,-0.155,1]}],"loopBehavior":1,"name":"anim","property":"_matrix"}},
{"name":"top","index":2,"matrix":[1,0,0,0,0,1,0,0,0,0,1,0,0,-0.2,-0.3,1],"rest":[1,0,0,0,0,1,0,0,0,0,1,0,0,-0.2,-0.3,1],"parentBoneIndex":0,"length":0.4
,"animation":{"dataType":3,"framePerSecond":24,"keys":[
{"frame":0,"values":[1,0,0,0,0,1,0,0,0,0,1,0,0,-0.2,-0.3,1]},
{"frame":3,"values":[1,0,0,0,0,1,0,0,0,0,1,0,0,-0.2,-0.3,1]},
{"frame":10,"values":[1,0,0,0,0,1,0,0,0,0,1,0,0,-0.2,-0.3,1]},
{"frame":12,"values":[1,0,0,0,0,1,0,0,0,0,1,0,0,-0.2,-0.3,1]},
{"frame":20,"values":[1,0,0,0,0,-0.2588,-0.9659,0,0,0.9659,-0.2588,0,0,-0.2,-0.3,1]},
{"frame":23,"values":[1,0,0,0,0,-0.2588,-0.9659,0,0,0.9659,-0.2588,0,0,-0.2,-0.3,1]},
{"frame":30,"values":[1,0,0,0,0,-0.2588,-0.9659,0,0,0.9659,-0.2588,0,0,-0.2,-0.3,1]},
{"frame":32,"values":[1,0,0,0,0,-0.2588,-0.9659,0,0,0.9659,-0.2588,0,0,-0.2,-0.3,1]},
{"frame":41,"values":[1,0,0,0,0,-0.2588,-0.9659,0,0,0.9659,-0.2588,0,0,-0.2,-0.3,1]},
{"frame":42,"values":[1,0,0,0,0,-0.2579,-0.9662,0,0,0.9662,-0.2579,0,0,-0.2,-0.3,1]},
{"frame":43,"values":[1,0,0,0,0,-0.2549,-0.967,0,0,0.967,-0.2549,0,0,-0.2,-0.3,1]},
{"frame":44,"values":[1,0,0,0,0,-0.2501,-0.9682,0,0,0.9682,-0.2501,0,0,-0.2,-0.3,1]},
{"frame":45,"values":[1,0,0,0,0,-0.2432,-0.97,0,0,0.97,-0.2432,0,0,-0.2,-0.3,1]},
{"frame":46,"values":[1,0,0,0,0,-0.2342,-0.9722,0,0,0.9722,-0.2342,0,0,-0.2,-0.3,1]},
{"frame":47,"values":[1,0,0,0,0,-0.2232,-0.9748,0,0,0.9748,-0.2232,0,0,-0.2,-0.3,1]},
{"frame":48,"values":[1,0,0,0,0,-0.21,-0.9777,0,0,0.9777,-0.21,0,0,-0.2,-0.3,1]},
{"frame":49,"values":[1,0,0,0,0,-0.1947,-0.9809,0,0,0.9809,-0.1947,0,0,-0.2,-0.3,1]},
{"frame":50,"values":[1,0,0,0,0,-0.1771,-0.9842,0,0,0.9842,-0.1771,0,0,-0.2,-0.3,1]},
{"frame":51,"values":[1,0,0,0,0,-0.1573,-0.9876,0,0,0.9876,-0.1573,0,0,-0.2,-0.3,1]},
{"frame":52,"values":[1,0,0,0,0,-0.1351,-0.9908,0,0,0.9908,-0.1351,0,0,-0.2,-0.3,1]},
{"frame":53,"values":[1,0,0,0,0,-0.1106,-0.9939,0,0,0.9939,-0.1106,0,0,-0.2,-0.3,1]},
{"frame":54,"values":[1,0,0,0,0,-0.0837,-0.9965,0,0,0.9965,-0.0837,0,0,-0.2,-0.3,1]},
{"frame":55,"values":[1,0,0,0,0,-0.0544,-0.9985,0,0,0.9985,-0.0544,0,0,-0.2,-0.3,1]},
{"frame":56,"values":[1,0,0,0,0,-0.0227,-0.9997,0,0,0.9997,-0.0227,0,0,-0.2,-0.3,1]},
{"frame":57,"values":[1,0,0,0,0,0.0113,-0.9999,0,0,0.9999,0.0113,0,0,-0.2,-0.3,1]},
{"frame":58,"values":[1,0,0,0,0,0.0476,-0.9989,0,0,0.9989,0.0476,0,0,-0.2,-0.3,1]},
{"frame":59,"values":[1,0,0,0,0,0.0861,-0.9963,0,0,0.9963,0.0861,0,0,-0.2,-0.3,1]},
{"frame":60,"values":[1,0,0,0,0,0.1266,-0.992,0,0,0.992,0.1266,0,0,-0.2,-0.3,1]},
{"frame":61,"values":[1,0,0,0,0,0.169,-0.9856,0,0,0.9856,0.169,0,0,-0.2,-0.3,1]},
{"frame":62,"values":[1,0,0,0,0,0.2131,-0.977,0,0,0.977,0.2131,0,0,-0.2,-0.3,1]},
{"frame":63,"values":[1,0,0,0,0,0.2586,-0.966,0,0,0.966,0.2586,0,0,-0.2,-0.3,1]},
{"frame":64,"values":[1,0,0,0,0,0.3052,-0.9523,0,0,0.9523,0.3052,0,0,-0.2,-0.3,1]},
{"frame":65,"values":[1,0,0,0,0,0.3525,-0.9358,0,0,0.9358,0.3525,0,0,-0.2,-0.3,1]},
{"frame":66,"values":[1,0,0,0,0,0.4003,-0.9164,0,0,0.9164,0.4003,0,0,-0.2,-0.3,1]},
{"frame":67,"values":[1,0,0,0,0,0.448,-0.8941,0,0,0.8941,0.448,0,0,-0.2,-0.3,1]},
{"frame":68,"values":[1,0,0,0,0,0.4952,-0.8688,0,0,0.8688,0.4952,0,0,-0.2,-0.3,1]},
{"frame":69,"values":[1,0,0,0,0,0.5416,-0.8406,0,0,0.8406,0.5416,0,0,-0.2,-0.3,1]},
{"frame":70,"values":[1,0,0,0,0,0.5868,-0.8097,0,0,0.8097,0.5868,0,0,-0.2,-0.3,1]},
{"frame":71,"values":[1,0,0,0,0,0.6303,-0.7764,0,0,0.7764,0.6303,0,0,-0.2,-0.3,1]},
{"frame":72,"values":[1,0,0,0,0,0.6718,-0.7407,0,0,0.7407,0.6718,0,0,-0.2,-0.3,1]},
{"frame":73,"values":[1,0,0,0,0,0.711,-0.7032,0,0,0.7032,0.711,0,0,-0.2,-0.3,1]},
{"frame":74,"values":[1,0,0,0,0,0.7476,-0.6641,0,0,0.6641,0.7476,0,0,-0.2,-0.3,1]},
{"frame":75,"values":[1,0,0,0,0,0.7816,-0.6238,0,0,0.6238,0.7816,0,0,-0.2,-0.3,1]},
{"frame":76,"values":[1,0,0,0,0,0.8127,-0.5827,0,0,0.5827,0.8127,0,0,-0.2,-0.3,1]},
{"frame":77,"values":[1,0,0,0,0,0.8409,-0.5413,0,0,0.5413,0.8409,0,0,-0.2,-0.3,1]},
{"frame":78,"values":[1,0,0,0,0,0.8661,-0.4998,0,0,0.4998,0.8661,0,0,-0.2,-0.3,1]},
{"frame":79,"values":[1,0,0,0,0,0.8886,-0.4587,0,0,0.4587,0.8886,0,0,-0.2,-0.3,1]},
{"frame":80,"values":[1,0,0,0,0,0.9083,-0.4184,0,0,0.4184,0.9083,0,0,-0.2,-0.3,1]},
{"frame":81,"values":[1,0,0,0,0,0.9254,-0.379,0,0,0.379,0.9254,0,0,-0.2,-0.3,1]},
{"frame":82,"values":[1,0,0,0,0,0.9401,-0.341,0,0,0.341,0.9401,0,0,-0.2,-0.3,1]},
{"frame":83,"values":[1,0,0,0,0,0.9525,-0.3045,0,0,0.3045,0.9525,0,0,-0.2,-0.3,1]},
{"frame":84,"values":[1,0,0,0,0,0.9629,-0.2697,0,0,0.2697,0.9629,0,0,-0.2,-0.3,1]},
{"frame":85,"values":[1,0,0,0,0,0.9716,-0.2368,0,0,0.2368,0.9716,0,0,-0.2,-0.3,1]},
{"frame":86,"values":[1,0,0,0,0,0.9786,-0.2059,0,0,0.2059,0.9786,0,0,-0.2,-0.3,1]},
{"frame":87,"values":[1,0,0,0,0,0.9842,-0.1771,0,0,0.1771,0.9842,0,0,-0.2,-0.3,1]},
{"frame":88,"values":[1,0,0,0,0,0.9886,-0.1504,0,0,0.1504,0.9886,0,0,-0.2,-0.3,1]},
{"frame":89,"values":[1,0,0,0,0,0.992,-0.1259,0,0,0.1259,0.992,0,0,-0.2,-0.3,1]},
{"frame":90,"values":[1,0,0,0,0,0.9946,-0.1037,0,0,0.1037,0.9946,0,0,-0.2,-0.3,1]},
{"frame":91,"values":[1,0,0,0,0,0.9965,-0.0836,0,0,0.0836,0.9965,0,0,-0.2,-0.3,1]},
{"frame":92,"values":[1,0,0,0,0,0.9978,-0.0658,0,0,0.0658,0.9978,0,0,-0.2,-0.3,1]},
{"frame":93,"values":[1,0,0,0,0,0.9987,-0.0502,0,0,0.0502,0.9987,0,0,-0.2,-0.3,1]},
{"frame":94,"values":[1,0,0,0,0,0.9993,-0.0367,0,0,0.0367,0.9993,0,0,-0.2,-0.3,1]},
{"frame":95,"values":[1,0,0,0,0,0.9997,-0.0254,0,0,0.0254,0.9997,0,0,-0.2,-0.3,1]},
{"frame":96,"values":[1,0,0,0,0,0.9999,-0.0162,0,0,0.0162,0.9999,0,0,-0.2,-0.3,1]},
{"frame":97,"values":[1,0,0,0,0,1,-0.0091,0,0,0.0091,1,0,0,-0.2,-0.3,1]},
{"frame":98,"values":[1,0,0,0,0,1,-0.004,0,0,0.004,1,0,0,-0.2,-0.3,1]},
{"frame":99,"values":[1,0,0,0,0,1,-0.001,0,0,0.001,1,0,0,-0.2,-0.3,1]},
{"frame":100,"values":[1,0,0,0,0,1,0,0,0,0,1,0,0,-0.2,-0.3,1]},
{"frame":110,"values":[1,0,0,0,0,1,0,0,0,0,1,0,0,-0.2,-0.3,1]},
{"frame":170,"values":[1,0,0,0,0,1,0,0,0,0,1,0,0,-0.2,-0.3,1]},
{"frame":181,"values":[1,0,0,0,0,1,0,0,0,0,1,0,0,-0.2,-0.3,1]},
{"frame":182,"values":[1,0,0,0,0,1,-0.0009,0,0,0.0009,1,0,0,-0.2,-0.3,1]},
{"frame":183,"values":[1,0,0,0,0,1,-0.0033,0,0,0.0033,1,0,0,-0.2,-0.3,1]},
{"frame":184,"values":[1,0,0,0,0,1,-0.0074,0,0,0.0074,1,0,0,-0.2,-0.3,1]},
{"frame":185,"values":[1,0,0,0,0,0.9999,-0.0128,0,0,0.0128,0.9999,0,0,-0.2,-0.3,1]},
{"frame":186,"values":[1,0,0,0,0,0.9998,-0.0197,0,0,0.0197,0.9998,0,0,-0.2,-0.3,1]},
{"frame":187,"values":[1,0,0,0,0,0.9996,-0.0278,0,0,0.0278,0.9996,0,0,-0.2,-0.3,1]},
{"frame":188,"values":[1,0,0,0,0,0.9993,-0.0373,0,0,0.0373,0.9993,0,0,-0.2,-0.3,1]},
{"frame":189,"values":[1,0,0,0,0,0.9989,-0.0479,0,0,0.0479,0.9989,0,0,-0.2,-0.3,1]},
{"frame":190,"values":[1,0,0,0,0,0.9982,-0.0596,0,0,0.0596,0.9982,0,0,-0.2,-0.3,1]},
{"frame":191,"values":[1,0,0,0,0,0.9974,-0.0725,0,0,0.0725,0.9974,0,0,-0.2,-0.3,1]},
{"frame":192,"values":[1,0,0,0,0,0.9963,-0.0865,0,0,0.0865,0.9963,0,0,-0.2,-0.3,1]},
{"frame":193,"values":[1,0,0,0,0,0.9948,-0.1015,0,0,0.1015,0.9948,0,0,-0.2,-0.3,1]},
{"frame":194,"values":[1,0,0,0,0,0.9931,-0.1176,0,0,0.1176,0.9931,0,0,-0.2,-0.3,1]},
{"frame":195,"values":[1,0,0,0,0,0.9909,-0.1346,0,0,0.1346,0.9909,0,0,-0.2,-0.3,1]},
{"frame":196,"values":[1,0,0,0,0,0.9883,-0.1526,0,0,0.1526,0.9883,0,0,-0.2,-0.3,1]},
{"frame":197,"values":[1,0,0,0,0,0.9852,-0.1715,0,0,0.1715,0.9852,0,0,-0.2,-0.3,1]},
{"frame":198,"values":[1,0,0,0,0,0.9815,-0.1913,0,0,0.1913,0.9815,0,0,-0.2,-0.3,1]},
{"frame":199,"values":[1,0,0,0,0,0.9773,-0.212,0,0,0.212,0.9773,0,0,-0.2,-0.3,1]},
{"frame":200,"values":[1,0,0,0,0,0.9724,-0.2335,0,0,0.2335,0.9724,0,0,-0.2,-0.3,1]},
{"frame":201,"values":[1,0,0,0,0,0.9667,-0.2557,0,0,0.2557,0.9667,0,0,-0.2,-0.3,1]},
{"frame":202,"values":[1,0,0,0,0,0.9604,-0.2788,0,0,0.2788,0.9604,0,0,-0.2,-0.3,1]},
{"frame":203,"values":[1,0,0,0,0,0.9531,-0.3025,0,0,0.3025,0.9531,0,0,-0.2,-0.3,1]},
{"frame":204,"values":[1,0,0,0,0,0.9451,-0.3269,0,0,0.3269,0.9451,0,0,-0.2,-0.3,1]},
{"frame":205,"values":[1,0,0,0,0,0.936,-0.3519,0,0,0.3519,0.936,0,0,-0.2,-0.3,1]},
{"frame":206,"values":[1,0,0,0,0,0.926,-0.3775,0,0,0.3775,0.926,0,0,-0.2,-0.3,1]},
{"frame":207,"values":[1,0,0,0,0,0.9149,-0.4036,0,0,0.4036,0.9149,0,0,-0.2,-0.3,1]},
{"frame":208,"values":[1,0,0,0,0,0.9028,-0.4301,0,0,0.4301,0.9028,0,0,-0.2,-0.3,1]},
{"frame":209,"values":[1,0,0,0,0,0.8894,-0.4571,0,0,0.4571,0.8894,0,0,-0.2,-0.3,1]},
{"frame":210,"values":[1,0,0,0,0,0.8749,-0.4843,0,0,0.4843,0.8749,0,0,-0.2,-0.3,1]},
{"frame":211,"values":[1,0,0,0,0,0.8591,-0.5117,0,0,0.5117,0.8591,0,0,-0.2,-0.3,1]},
{"frame":212,"values":[1,0,0,0,0,0.8421,-0.5394,0,0,0.5394,0.8421,0,0,-0.2,-0.3,1]},
{"frame":213,"values":[1,0,0,0,0,0.8237,-0.567,0,0,0.567,0.8237,0,0,-0.2,-0.3,1]},
{"frame":214,"values":[1,0,0,0,0,0.804,-0.5947,0,0,0.5947,0.804,0,0,-0.2,-0.3,1]},
{"frame":215,"values":[1,0,0,0,0,0.7828,-0.6222,0,0,0.6222,0.7828,0,0,-0.2,-0.3,1]},
{"frame":216,"values":[1,0,0,0,0,0.7603,-0.6496,0,0,0.6496,0.7603,0,0,-0.2,-0.3,1]},
{"frame":217,"values":[1,0,0,0,0,0.7364,-0.6766,0,0,0.6766,0.7364,0,0,-0.2,-0.3,1]},
{"frame":218,"values":[1,0,0,0,0,0.711,-0.7032,0,0,0.7032,0.711,0,0,-0.2,-0.3,1]},
{"frame":219,"values":[1,0,0,0,0,0.6843,-0.7292,0,0,0.7292,0.6843,0,0,-0.2,-0.3,1]},
{"frame":220,"values":[1,0,0,0,0,0.6561,-0.7546,0,0,0.7546,0.6561,0,0,-0.2,-0.3,1]},
{"frame":221,"values":[1,0,0,0,0,0.6266,-0.7793,0,0,0.7793,0.6266,0,0,-0.2,-0.3,1]},
{"frame":222,"values":[1,0,0,0,0,0.5957,-0.8032,0,0,0.8032,0.5957,0,0,-0.2,-0.3,1]},
{"frame":223,"values":[1,0,0,0,0,0.5636,-0.8261,0,0,0.8261,0.5636,0,0,-0.2,-0.3,1]},
{"frame":224,"values":[1,0,0,0,0,0.5302,-0.8479,0,0,0.8479,0.5302,0,0,-0.2,-0.3,1]},
{"frame":225,"values":[1,0,0,0,0,0.4955,-0.8686,0,0,0.8686,0.4955,0,0,-0.2,-0.3,1]},
{"frame":226,"values":[1,0,0,0,0,0.4598,-0.888,0,0,0.888,0.4598,0,0,-0.2,-0.3,1]},
{"frame":227,"values":[1,0,0,0,0,0.423,-0.9061,0,0,0.9061,0.423,0,0,-0.2,-0.3,1]},
{"frame":228,"values":[1,0,0,0,0,0.3853,-0.9228,0,0,0.9228,0.3853,0,0,-0.2,-0.3,1]},
{"frame":229,"values":[1,0,0,0,0,0.3467,-0.938,0,0,0.938,0.3467,0,0,-0.2,-0.3,1]},
{"frame":230,"values":[1,0,0,0,0,0.3073,-0.9516,0,0,0.9516,0.3073,0,0,-0.2,-0.3,1]},
{"frame":231,"values":[1,0,0,0,0,0.2673,-0.9636,0,0,0.9636,0.2673,0,0,-0.2,-0.3,1]},
{"frame":232,"values":[1,0,0,0,0,0.2268,-0.974,0,0,0.974,0.2268,0,0,-0.2,-0.3,1]},
{"frame":233,"values":[1,0,0,0,0,0.1858,-0.9826,0,0,0.9826,0.1858,0,0,-0.2,-0.3,1]},
{"frame":234,"values":[1,0,0,0,0,0.1444,-0.9895,0,0,0.9895,0.1444,0,0,-0.2,-0.3,1]},
{"frame":235,"values":[1,0,0,0,0,0.1029,-0.9947,0,0,0.9947,0.1029,0,0,-0.2,-0.3,1]},
{"frame":236,"values":[1,0,0,0,0,0.0613,-0.9981,0,0,0.9981,0.0613,0,0,-0.2,-0.3,1]},
{"frame":237,"values":[1,0,0,0,0,0.0197,-0.9998,0,0,0.9998,0.0197,0,0,-0.2,-0.3,1]},
{"frame":238,"values":[1,0,0,0,0,-0.0217,-0.9998,0,0,0.9998,-0.0217,0,0,-0.2,-0.3,1]},
{"frame":239,"values":[1,0,0,0,0,-0.0629,-0.998,0,0,0.998,-0.0629,0,0,-0.2,-0.3,1]},
{"frame":240,"values":[1,0,0,0,0,-0.1037,-0.9946,0,0,0.9946,-0.1037,0,0,-0.2,-0.3,1]},
{"frame":241,"values":[1,0,0,0,0,-0.144,-0.9896,0,0,0.9896,-0.144,0,0,-0.2,-0.3,1]},
{"frame":242,"values":[1,0,0,0,0,-0.1837,-0.983,0,0,0.983,-0.1837,0,0,-0.2,-0.3,1]},
{"frame":243,"values":[1,0,0,0,0,-0.2225,-0.9749,0,0,0.9749,-0.2225,0,0,-0.2,-0.3,1]},
{"frame":244,"values":[1,0,0,0,0,-0.2588,-0.9659,0,0,0.9659,-0.2588,0,0,-0.2,-0.3,1]},
{"frame":250,"values":[1,0,0,0,0,-0.2588,-0.9659,0,0,0.9659,-0.2588,0,0,-0.2,-0.3,1]},
{"frame":310,"values":[1,0,0,0,0,-0.2588,-0.9659,0,0,0.9659,-0.2588,0,0,-0.2,-0.3,1]},
{"frame":320,"values":[1,0,0,0,0,1,0,0,0,0,1,0,0,-0.2,-0.3,1]},
{"frame":323,"values":[1,0,0,0,0,1,0,0,0,0,1,0,0,-0.2,-0.3,1]},
{"frame":330,"values":[1,0,0,0,0,1,0,0,0,0,1,0,0,-0.2,-0.3,1]},
{"frame":332,"values":[1,0,0,0,0,1,0,0,0,0,1,0,0,-0.2,-0.3,1]}],"loopBehavior":1,"name":"anim","property":"_matrix"}}]
,"ranges":[{"name":"10_closed01","from":0,"to":3},{"name":"10_closed01.001","from":10,"to":12},{"name":"10_opened01","from":20,"to":23},{"name":"10_opened01.001","from":30,"to":32},{"name":"80_close01","from":40,"to":100},{"name":"80_closed01","from":110,"to":170},{"name":"80_open01","from":180,"to":244},{"name":"80_open01.001","from":250,"to":310},{"name":"99_default","from":320,"to":323},{"name":"99_default.001","from":330,"to":332}]}],
"meshes":[{"name":"animatedChest01","id":"animatedChest01","materialId":"animatedChest01.Multimaterial#0","billboardMode":0,"position":[0,0,0],"rotation":[0,0,0],"scaling":[1,1,1],"isVisible":true,"freezeWorldMatrix":false,"isEnabled":true,"checkCollisions":false,"receiveShadows":false,"pickable":true,"tags":"","skeletonId":0,"numBoneInfluencers":1
,"positions":[-0.28,0,-0.2,-0.3,0,-0.18,-0.28,0,-0.18,-0.28,0.435,-0.13,-0.3,0.379,-0.182,-0.28,0.379,-0.182,0.3,0.47,-0.0462,0.3,0.4215,-0.117,0.3,0.453,-0.0416,-0.28,0.32,-0.2,-0.3,0.32,-0.2,-0.3,0.47,0.0462,-0.3,0.4215,0.117,-0.3,0.453,0.0416,-0.28,0.02,0.2,-0.3,0,0.2,-0.3,0.02,0.2
,-0.28,0.379,0.182,-0.3,0.32,0.2,-0.3,0.379,0.182,-0.3,0.28,0.181,-0.3,0.3,0.2,-0.3,0.28,0.2,-0.28,0.28,-0.2,-0.3,0.3,-0.2,-0.3,0.28,-0.2,0.3,0.3,-0.18,0.3,0.28,-0.2,0.3,0.28,-0.18,-0.3,0.4215,-0.117,-0.3,0.47,-0.0462,-0.3,0.453,-0.0416,0.3,0.4215,0.117,0.3,0.47,0.0462
,0.3,0.453,0.0416,-0.28,0.435,0.13,-0.3,0.47,0.0462,-0.28,0.47,0.0462,-0.3,0.47,-0.0462,-0.28,0.47,-0.0462,-0.3,0.435,-0.13,-0.3,0.32,-0.18,-0.3,0.3,-0.2,-0.3,0.32,-0.2,0.3,0.435,-0.13,0.3,0.3711,-0.1638,-0.3,0.435,0.13,-0.3,0.3711,0.1638,-0.3,0.435,0.13,0,0.32,-0.2,0.28,0.3,-0.2
,0.28,0.32,-0.2,0,0.32,0.18,0.28,0.3,0.18,0.28,0.32,0.18,0.3,0.32,0.2,0.28,0.3,0.2,0.28,0.32,0.2,0.3,0.32,-0.2,0.3,0.3,-0.18,0.3,0.32,-0.18,-0.3,0.32,0.2,-0.3,0.3,0.18,-0.3,0.32,0.18,0.3,0.3,0.181,0.3,0.3,0.2,0.28,0.3,0.18,-0.3,0.3,-0.18
,-0.3,0.3,-0.2,-0.28,0.3,-0.18,-0.28,0.3,0.2,-0.3,0.3,0.2,-0.28,0.3,0.18,0.28,0.3,-0.2,0.3,0.3,-0.2,0.28,0.3,-0.18,-0.28,0.32,0.18,0,0.3,0.18,0.3,0.3,-0.2,0.3,0.32,-0.2,0.28,0.435,-0.13,0.3,0.379,-0.182,0.3,0.435,-0.13,0.3,0.32,-0.2,0.28,0.379,0.182
,0.3,0.379,0.182,0.28,0.435,0.13,0.3,0.47,0.0462,0.3,0.435,0.13,0.3,0.47,0.0462,0.28,0.47,-0.0462,0.3,0.47,-0.0462,0.3,0.435,-0.13,0.3,0.47,-0.0462,-0.28,0.32,0.2,-0.3,0.3,0.2,0,0.32,-0.18,-0.28,0.3,-0.18,-0.28,0.32,-0.18,0.28,0.32,-0.18,0,0.3,-0.18,0.28,0.32,0
,0.28,0.3,-0.18,0.28,0.32,-0.18,0,0.3,-0.2,-0.28,0.3,-0.18,-0.28,0.3,-0.2,0,0.3,0.2,0.28,0.3,0.18,0.28,0.3,0.2,0.28,0.3,-0.2,0,0.28,-0.2,0.28,0.28,-0.2,0.28,0,0.2,0,0.02,0.2,0.28,0.02,0.2,0.28,0,-0.2,0,0,-0.18,0.28,0,-0.18
,-0.3,0.3,-0.2,-0.28,0.3,-0.18,0,0.3,0.18,0,0.3,-0.2,0,0,0.2,0,0,-0.2,0.3,0,-0.2,0.3,0,-0.18,0.3,0,0.2,0.3,0.02,0.2,0.3,0.3,-0.2,0.3,0.28,-0.2,0.3,0.3,0.2,0.28,0.3,0.18,0,0.3,-0.18,0.3,0.02,-0.2,0.28,0,-0.2
,0.3,0,-0.2,0.28,0.28,0.2,0.3,0.28,0.2,0,0.02,-0.2,-0.28,0,-0.2,0,0,-0.2,0.28,0.02,-0.2,0,0,-0.2,0.28,0,-0.2,0.3,0.02,-0.18,0.3,0,-0.2,0.3,0,-0.18,-0.28,0,-0.2,-0.3,0.02,-0.2,-0.3,0,-0.2,-0.3,0,0.181,-0.3,0.02,0.2
,-0.3,0,0.2,-0.28,0.28,0.2,-0.3,0.28,0.2,-0.3,0.28,0.2,-0.3,0.3,0.2,0,0.28,0.2,0.3,0.3,0.2,0.3,0.28,-0.2,0.3,0.02,-0.2,-0.28,0.02,-0.2,-0.3,0.02,0.181,-0.3,0.02,0.2,-0.3,0.02,-0.2,-0.3,0.28,-0.18,-0.3,0.02,-0.18,-0.3,0,-0.2,-0.3,0,-0.18
,0.3,0.02,0.181,0.3,0,-0.18,0.3,0,0.181,0.28,0,0.181,0.3,0,0.181,-0.28,0.3,0.18,-0.3,0.3,0.181,0.3,0.3,-0.2,0.28,0.3,-0.18,0.3,0.28,0.181,-0.3,0.28,-0.2,-0.3,0,0.181,-0.28,0,0.181,-0.3,0,0.2,-0.28,0,0.2,0.3,0.28,0.2,-0.28,0.3,0.18
,0,0,0.2,0.28,0,0.2,0,0,0.181,0,0,0.2,0.3,0,0.181,0.28,0,0.2,0.3,0,0.2,0.3,0.02,0.2,0.3,0,0.2,0.3,0.28,0.2,0.3,0.02,0.2,-0.3,0,-0.18,0.28,0.3,-0.18,-0.3,0.379,0.182,-0.3,0.32,0.2,0.3,0.379,-0.182,-0.3,0.379,-0.182
,-0.3,0.32,-0.2,0.3,0.379,0.182,0.3,0.32,0.18,0.3,0.32,0.2,0.3,0.435,0.13,0.3,0.3711,0.1638,0.3,0.379,0.182,-0.3,0.435,-0.13,-0.3,0.3711,-0.1638,-0.3,0.379,-0.182,-0.28,0.32,0,-0.28,0.3,0.18,-0.28,0.32,0.18,-0.3,0.3,0,-0.3,0.32,0,0.3,0.32,0,0.3,0.3,0.18
,0,0.32,0.2,-0.28,0.3,0.2,-0.28,0.3,-0.18,-0.3,0.3,-0.18,0.3,0.3,0.2,0.3,0.3,-0.2,-0.3,0.3,0.2,-0.28,0.3,-0.2,-0.3,0.3,-0.2,-0.28,0.3,-0.18,0.28,0.3,0,0.28,0.3,0.18,0,0.3,-0.2,0.28,0.3,-0.18,0.28,0.3,-0.2,0,0.3,0.2,-0.28,0.3,0.18
,0.3,0.3,-0.2,0.28,0.3,-0.2,0.28,0.3,-0.18,-0.28,0.3,0.18,0,0.3,-0.18,0.3,0.3,0.2,0.28,0.3,0.18,0.3,0.3,0,-0.28,0.3,-0.18,-0.28,0.3,0,-0.28,0.3,-0.2,0.3,0.3,0.2,0.3,0.32,0.2,-0.28,0.32,-0.18,0,0.3,-0.2,0.28,0.32,0.18,0.28,0.28,-0.18
,0.28,0.3,-0.18,-0.28,0.28,0.18,-0.28,0.3,0.18,0.28,0.3,-0.18,0,0.28,-0.18,0,0.3,-0.18,0,0.28,0.18,0.28,0.28,0.18,0.28,0.3,0.18,0,0.3,-0.18,-0.28,0.28,-0.18,-0.28,0.3,-0.18,-0.3,0,-0.2,-0.28,0,0.2,-0.28,0.3,-0.2,0.3,0.3,-0.2,-0.3,0.435,-0.13
,0.3,0.435,0.13,-0.3,0.435,0.13,-0.3,0.47,0.0462,-0.3,0.47,0.0462,-0.3,0.47,-0.0462,-0.3,0.47,-0.0462,0.3,0.379,-0.182,-0.3,0.379,0.182,-0.3,0.435,0.13,0,0.3,-0.2,0.3,0.3,-0.2,-0.3,0.32,0.2,-0.3,0.3,0.2,-0.28,0.3,0.18,0.28,0.379,-0.182,0.28,0.47,0.0462,0.3,0.47,0.0462
,0.3,0.47,0.0462,0.3,0.435,-0.13,0.28,0.3,-0.18,-0.28,0.3,-0.18,0.28,0.3,0.18,0.28,0.3,-0.2,0,0.3,-0.2,0,0.3,-0.2,-0.28,0.3,-0.2,-0.28,0,0.2,0.3,0.3,-0.2,0.28,0.3,-0.2,0.28,0,-0.2,-0.28,0,-0.2,0,0,-0.2,0.3,0.02,-0.2,0.3,0,-0.2
,-0.28,0,-0.2,-0.3,0.02,0.2,-0.3,0.28,0.2,0.3,0.28,-0.2,0.3,0.02,-0.2,-0.3,0.02,-0.2,-0.3,0.28,-0.2,-0.3,0,-0.2,-0.3,0.02,-0.2,0.3,0,-0.18,-0.28,0.3,0.18,-0.3,0.28,-0.2,-0.3,0.3,-0.2,-0.3,0,0.181,-0.3,0,0.181,-0.3,0,0.2,0,0,0.2
,0.3,0,0.181,0.28,0,0.2,0.3,0.02,0.2,0.3,0.28,0.2,-0.3,0,-0.18,-0.3,0.379,0.182,0.3,0.379,-0.182,-0.3,0.379,-0.182,0.3,0.379,0.182,0.3,0.435,0.13,-0.3,0.435,-0.13,-0.28,0.3,-0.18,0,0.3,-0.18,0.28,0.3,-0.18,-0.28,0.3,0.18,-0.28,0.3,-0.18,0,0.3,-0.18
,-0.3,0.3,-0.2,-0.28,0.3,-0.2,0.3,0.3,0.2,-0.28,0.32,-0.18,-0.28,0.3,-0.18,-0.28,0.3,-0.2,0,0.3,-0.2,0.28,0.32,0.18,0.28,0.3,0.18,0.28,0.28,0.18,-0.28,0.28,-0.18,0.28,0.3,-0.18,0.28,0.28,-0.18,-0.28,0.28,0.18,0,0.3,-0.18,-0.3,0.453,0.0416,-0.3,0.32,0
,-0.3,0.453,-0.0416,-0.3,0.3711,-0.1638,-0.3,0.4215,-0.117,0.3,0.3711,0.1638,0.3,0.4215,0.117,0.3,0.32,0,0.3,0.32,0.18,-0.3,0.32,-0.18,0.3,0.32,-0.18,0.3,0.3711,-0.1638,-0.3,0.32,0.18,-0.3,0.3711,0.1638,0.28,0.32,0,0.28,0.41,0.1069,0.28,0.32,0.18,0.28,0.41,-0.1069,0.28,0.45,0
,-0.28,0.32,0,-0.28,0.41,0.1069,-0.28,0.45,0,-0.28,0.41,-0.1069,-0.28,0.32,-0.18,0,0.41,0.1069,-0.28,0.45,0,-0.28,0.41,0.1069,0,0.41,-0.1069,0.28,0.45,0,0.28,0.41,-0.1069,0,0.32,-0.18,0.28,0.41,-0.1069,0.28,0.32,-0.18,0,0.32,0.18,-0.28,0.41,0.1069,-0.28,0.32,0.18
,0,0.379,0.182,0.28,0.435,0.13,0.28,0.379,0.182,0,0.47,-0.0462,0.28,0.435,-0.13,0.28,0.47,-0.0462,0.28,0.47,0.0462,0,0.435,0.13,0.28,0.32,0.2,0.28,0.379,-0.182,0,0.32,-0.2,0.28,0.32,-0.2,0,0.435,-0.13,0.28,0.41,0.1069,0,0.45,0,0.28,0.41,0.1069,-0.28,0.41,-0.1069
,-0.28,0.32,-0.18,0,0.41,-0.1069,-0.28,0.379,0.182,-0.28,0.47,-0.0462,0,0.47,0.0462,-0.28,0.435,0.13,0,0.32,0.2,0,0.379,-0.182,-0.28,0.32,-0.2,-0.28,0.435,-0.13,0,0.28,-0.18,-0.28,0.02,-0.18,-0.28,0.28,-0.18,0,0.28,0.18,0.28,0.02,0.18,0.28,0.28,0.18,-0.28,0.28,0.18
,0,0.02,0.18,0.28,0.28,-0.18,0,0.02,-0.18,0,0.02,0.2,-0.28,0.28,0.2,0,0.28,0.2,0.28,0.02,0.2,0.28,0.28,0.2,0,0.28,-0.2,-0.28,0.02,-0.2,0,0.02,-0.2,0.28,0.28,-0.2,0.28,0.02,-0.2,0.3,0.28,0.181,0.3,0.02,-0.18,0.3,0.02,0.181,0,0.02,-0.18
,0.28,0.02,0.18,0,0.02,0.18,0,0,-0.18,-0.28,0,0.181,0,0,0.181,0.28,0,-0.18,0.28,0,0.181,-0.28,0.02,-0.18,0,0.02,0.18,-0.28,0.02,0.18,-0.28,0.28,-0.18,-0.28,0.02,0.18,-0.28,0.28,0.18,-0.3,0.02,-0.18,-0.3,0.28,0.181,-0.3,0.02,0.181,0.28,0.28,0.18
,0.28,0.02,-0.18,0.28,0.28,-0.18,-0.3,0.4215,0.117,0.3,0.4215,-0.117,0.3,0.453,0.0416,0.3,0.453,-0.0416,0.28,0.32,-0.18,-0.28,0.32,0.18,-0.28,0.45,0,0.28,0.45,0,0,0.41,-0.1069,0.28,0.41,-0.1069,-0.28,0.41,0.1069,0.28,0.41,0.1069,0.28,0.45,0,0.28,0.32,0.18,0.28,0.41,0.1069
,-0.28,0.41,-0.1069,-0.28,0.45,0,-0.28,0.32,-0.18,-0.28,0.41,-0.1069,0,0.41,-0.1069,-0.28,0.47,0.0462,-0.28,0.32,0.2,-0.28,0.379,-0.182,-0.28,0.28,0.18,-0.28,0.02,0.18,0.28,0.28,-0.18,0.28,0.02,-0.18,-0.28,0.02,0.2,-0.28,0.28,-0.2,0.3,0.28,-0.18,0,0.02,-0.18,0.28,0.02,-0.18
,0.28,0.02,0.18,-0.28,0,-0.18,-0.28,0.02,-0.18,0,0.02,-0.18,0,0.02,0.18,-0.28,0.28,-0.18,-0.28,0.02,-0.18,-0.28,0.02,0.18,-0.3,0.28,-0.18,0.28,0.28,0.18,0.28,0.02,0.18]
,"normals":[0,-0.707,-0.707,-0.707,-0.707,0,0,-1,0,0,0.82,-0.572,-0.66,0.375,-0.651,0,0.499,-0.867,0.665,0.732,-0.147,1,0,0,1,0,0,0,0.147,-0.989,-0.675,0.109,-0.729,-0.665,0.732,0.147,-1,0,0,-1,0,0,0,0,1,-0.577,-0.577,0.577,-0.707,0,0.707
,0,0.499,0.867,-0.675,0.109,0.729,-0.66,0.375,0.651,-1,0,0,-0.577,0.577,0.577,-0.707,0,0.707,0,0,-1,-0.577,0.577,-0.577,-0.707,0,-0.707,0.707,0.707,0,0.707,0,-0.707,1,0,0,-1,0,0,-0.665,0.732,-0.147,-1,0,0,1,0,0,0.665,0.732,0.147
,1,0,0,0,0.82,0.572,-0.665,0.732,0.147,0,0.98,0.196,-0.665,0.732,-0.147,0,0.98,-0.196,-0.662,0.614,-0.429,-1,0,0,-0.577,-0.577,-0.577,-0.675,0.109,-0.729,0.662,0.614,-0.429,1,0,0,-0.662,0.614,0.429,-1,0,0,-0.662,0.614,0.429,0,0.147,-0.989,0,-0.707,-0.707
,0,0.147,-0.989,0,-0.334,-0.942,-0.301,-0.905,-0.301,-0.639,-0.257,-0.725,0.675,0.109,0.729,0,-0.707,0.707,0,0.147,0.989,0.675,0.109,-0.729,0.707,-0.707,0,1,0,0,-0.675,0.109,0.729,-0.707,-0.707,0,-1,0,0,0.707,0.707,0,0.577,0.577,0.577,-0.301,0.905,-0.301,-0.707,0.707,0
,-0.577,0.577,-0.577,0.301,0.905,0.301,0,0.707,0.707,-0.577,0.577,0.577,0.301,0.905,-0.301,0,0.707,-0.707,0.577,0.577,-0.577,-0.301,0.905,0.301,0.639,-0.257,-0.725,0,-0.707,-0.707,0.577,-0.577,-0.577,0.675,0.109,-0.729,0,0.82,-0.572,0.66,0.375,-0.651,0.662,0.614,-0.429,0.675,0.109,-0.729,0,0.499,0.867
,0.66,0.375,0.651,0,0.82,0.572,0.665,0.732,0.147,0.662,0.614,0.429,0.665,0.732,0.147,0,0.98,-0.196,0.665,0.732,-0.147,0.662,0.614,-0.429,0.665,0.732,-0.147,0,0.147,0.989,-0.577,-0.577,0.577,0,-0.334,0.942,0.301,-0.905,0.301,0.639,-0.257,0.725,-0.639,-0.257,0.725,0,-0.707,0.707,-1,0,0
,-0.301,-0.905,0.301,-0.639,-0.257,0.725,0,0.707,-0.707,0.301,0.905,0.301,0,0.707,-0.707,0,0.707,0.707,-0.301,0.905,-0.301,0,0.707,0.707,0,0.707,-0.707,0,0,-1,0,0,-1,0,-0.707,0.707,0,0,1,0,0,1,0,-0.707,-0.707,0,-1,0,0,-1,0
,-0.577,0.577,-0.577,0.301,0.905,0.301,0,0.707,-0.707,0,0.707,-0.707,0,-0.707,0.707,0,-0.707,-0.707,0.577,-0.577,-0.577,0.707,-0.707,0,0.577,-0.577,0.577,0.707,0,0.707,0.577,0.577,-0.577,0.707,0,-0.707,0.577,0.577,0.577,-0.301,0.905,-0.301,0,0.707,0.707,0.707,0,-0.707,0,-0.707,-0.707
,0.577,-0.577,-0.577,0,0,1,0.707,0,0.707,0,0,-1,0,-0.707,-0.707,0,-0.707,-0.707,0,0,-1,0,-0.707,-0.707,0,-0.707,-0.707,1,0,0,0.577,-0.577,-0.577,0.707,-0.707,0,0,-0.707,-0.707,-0.707,0,-0.707,-0.577,-0.577,-0.577,-0.707,-0.707,0,-0.707,0,0.707
,-0.577,-0.577,0.577,0,0,1,-0.707,0,0.707,-0.707,0,0.707,-0.577,0.577,0.577,0,0,1,0.577,0.577,0.577,0.707,0,-0.707,0.707,0,-0.707,0,0,-1,-1,0,0,-0.707,0,0.707,-0.707,0,-0.707,-1,0,0,-1,0,0,-0.577,-0.577,-0.577,-0.707,-0.707,0
,1,0,0,0.707,-0.707,0,0.707,-0.707,0,0,-1,0,0.707,-0.707,0,0.301,0.905,-0.301,-0.707,0.707,0,0.577,0.577,-0.577,-0.301,0.905,0.301,1,0,0,-0.707,0,-0.707,-0.707,-0.707,0,0,-1,0,-0.577,-0.577,0.577,0,-0.707,0.707,0.707,0,0.707,0.301,0.905,-0.301
,0,-0.707,0.707,0,-0.707,0.707,0,-1,0,0,-0.707,0.707,0.707,-0.707,0,0,-0.707,0.707,0.577,-0.577,0.577,0.707,0,0.707,0.577,-0.577,0.577,0.707,0,0.707,0.707,0,0.707,-0.707,-0.707,0,-0.301,0.905,0.301,-0.66,0.375,0.651,-0.675,0.109,0.729,0.66,0.375,-0.651,-0.66,0.375,-0.651
,-0.675,0.109,-0.729,0.66,0.375,0.651,1,0,0,0.675,0.109,0.729,0.662,0.614,0.429,1,0,0,0.66,0.375,0.651,-0.662,0.614,-0.429,-1,0,0,-0.66,0.375,-0.651,1,0,0,0.301,-0.905,-0.301,0.639,-0.257,-0.725,-0.707,-0.707,0,-1,0,0,1,0,0,0.707,-0.707,0
,0,0.147,0.989,0,-0.707,0.707,0.301,-0.905,0.301,-0.707,-0.707,0,0.577,-0.577,0.577,0.577,-0.577,-0.577,-0.577,-0.577,0.577,0,-0.707,-0.707,-0.577,-0.577,-0.577,0.301,-0.905,0.301,-0.707,-0.707,0,-0.301,-0.905,-0.301,0,-0.707,-0.707,-0.301,-0.905,0.301,0,-0.707,-0.707,0,-0.707,0.707,0.301,-0.905,-0.301
,0.577,-0.577,-0.577,0,-0.707,-0.707,-0.301,-0.905,0.301,0.301,-0.905,-0.301,0,-0.707,0.707,0.577,-0.577,0.577,-0.301,-0.905,-0.301,0.707,-0.707,0,0.301,-0.905,0.301,0.707,-0.707,0,0,-0.707,-0.707,0.577,-0.577,0.577,0.675,0.109,0.729,0.639,-0.257,0.725,0,-0.707,-0.707,-0.639,-0.257,-0.725,-0.707,0,0.707
,-0.301,0.905,0.301,0.707,0,-0.707,0.301,0.905,-0.301,-0.301,0.905,0.301,0,0,1,0,0.707,0.707,0,0,-1,-0.707,0,-0.707,-0.301,0.905,-0.301,0,0.707,0.707,0.707,0,0.707,0.301,0.905,0.301,-0.577,-0.577,-0.577,0,-0.707,0.707,0,0.707,-0.707,0.577,0.577,-0.577,-0.662,0.614,-0.429
,0.662,0.614,0.429,-0.662,0.614,0.429,-0.665,0.732,0.147,-0.665,0.732,0.147,-0.665,0.732,-0.147,-0.665,0.732,-0.147,0.66,0.375,-0.651,-0.66,0.375,0.651,-0.662,0.614,0.429,0,-0.707,-0.707,0.577,-0.577,-0.577,-0.675,0.109,0.729,-0.577,-0.577,0.577,0.301,-0.905,-0.301,0,0.499,-0.867,0,0.98,0.196,0.665,0.732,0.147
,0.665,0.732,0.147,0.662,0.614,-0.429,-0.301,-0.905,0.301,0.301,0.905,0.301,-0.301,0.905,-0.301,0,0.707,-0.707,0,0.707,-0.707,0,0.707,-0.707,0,0.707,-0.707,0,-0.707,0.707,0.577,0.577,-0.577,0,0.707,-0.707,0,-0.707,-0.707,0,-0.707,-0.707,0,-0.707,-0.707,0.707,0,-0.707,0.577,-0.577,-0.577
,0,-0.707,-0.707,-0.707,0,0.707,-0.707,0,0.707,0.707,0,-0.707,0.707,0,-0.707,-0.707,0,-0.707,-0.707,0,-0.707,-0.577,-0.577,-0.577,-0.707,0,-0.707,0.707,-0.707,0,0.301,0.905,-0.301,-0.707,0,-0.707,-0.577,0.577,-0.577,-0.707,-0.707,0,-0.707,-0.707,0,-0.577,-0.577,0.577,0,-0.707,0.707
,0.707,-0.707,0,0,-0.707,0.707,0.707,0,0.707,0.707,0,0.707,-0.707,-0.707,0,-0.66,0.375,0.651,0.66,0.375,-0.651,-0.66,0.375,-0.651,0.66,0.375,0.651,0.662,0.614,0.429,-0.662,0.614,-0.429,0.301,-0.905,0.301,0,-0.707,0.707,-0.301,-0.905,0.301,0.301,-0.905,-0.301,0.301,-0.905,0.301,0,-0.707,0.707
,-0.577,-0.577,-0.577,0,-0.707,-0.707,0.577,-0.577,0.577,0.639,-0.257,0.725,0.301,-0.905,0.301,0,-0.707,-0.707,0,-0.707,-0.707,-0.639,-0.257,-0.725,-0.301,-0.905,-0.301,-0.707,0,-0.707,0.707,0,0.707,-0.301,0.905,0.301,-0.707,0,0.707,0.707,0,-0.707,0,0.707,0.707,-1,0,0,-1,0,0
,-1,0,0,-1,0,0,-1,0,0,1,0,0,1,0,0,1,0,0,1,0,0,-1,0,0,1,0,0,1,0,0,-1,0,0,-1,0,0,-1,0,0,-0.653,-0.615,-0.442,-0.639,-0.257,-0.725,-0.653,-0.615,0.442,-0.636,-0.772,0
,1,0,0,0.653,-0.615,-0.442,0.636,-0.772,0,0.653,-0.615,0.442,0.639,-0.257,0.725,0,-0.812,-0.584,0.636,-0.772,0,0.653,-0.615,-0.442,0,-0.812,0.584,-0.636,-0.772,0,-0.653,-0.615,0.442,0,-0.334,0.942,-0.653,-0.615,0.442,-0.639,-0.257,0.725,0,-0.334,-0.942,0.653,-0.615,-0.442,0.639,-0.257,-0.725
,0,0.499,0.867,0,0.82,0.572,0,0.499,0.867,0,0.98,-0.196,0,0.82,-0.572,0,0.98,-0.196,0,0.98,0.196,0,0.82,0.572,0,0.147,0.989,0,0.499,-0.867,0,0.147,-0.989,0,0.147,-0.989,0,0.82,-0.572,-0.653,-0.615,-0.442,0,-1,0,-0.653,-0.615,-0.442,0.653,-0.615,0.442
,0.639,-0.257,0.725,0,-0.812,0.584,0,0.499,0.867,0,0.98,-0.196,0,0.98,0.196,0,0.82,0.572,0,0.147,0.989,0,0.499,-0.867,0,0.147,-0.989,0,0.82,-0.572,0,0,1,0.577,0.577,0.577,0.707,0,0.707,0,0,-1,-0.577,0.577,-0.577,-0.707,0,-0.707,0.707,0,-0.707
,0,0.707,-0.707,-0.707,0,0.707,0,0.707,0.707,0,0,1,0,0,1,0,0,1,0,0,1,0,0,1,0,0,-1,0,0,-1,0,0,-1,0,0,-1,0,0,-1,1,0,0,1,0,0,1,0,0,0,0.707,0.707
,-0.577,0.577,-0.577,0,0.707,-0.707,0,-1,0,0,-1,0,0,-1,0,0,-1,0,0,-1,0,0.577,0.577,0.577,0,0.707,-0.707,0.577,0.577,-0.577,0.707,0,0.707,0.577,0.577,-0.577,0.707,0,-0.707,-1,0,0,-1,0,0,-1,0,0,-0.707,0,-0.707
,-0.577,0.577,0.577,-0.707,0,0.707,-1,0,0,1,0,0,1,0,0,1,0,0,-0.639,-0.257,0.725,0.639,-0.257,-0.725,0.636,-0.772,0,-0.636,-0.772,0,0,-0.812,0.584,-0.653,-0.615,0.442,0.653,-0.615,-0.442,-0.653,-0.615,-0.442,-0.636,-0.772,0,-0.639,-0.257,-0.725,-0.653,-0.615,-0.442
,0.653,-0.615,0.442,0.636,-0.772,0,0.639,-0.257,0.725,0.653,-0.615,0.442,0,-0.812,0.584,0,0.98,0.196,0,0.147,0.989,0,0.499,-0.867,0.707,0,-0.707,0.577,0.577,-0.577,-0.707,0,0.707,-0.577,0.577,0.577,0,0,1,0,0,-1,1,0,0,0,0.707,0.707,-0.577,0.577,0.577
,-0.577,0.577,-0.577,0,-1,0,0.577,0.577,0.577,0,0.707,0.707,0,0.707,-0.707,0.707,0,0.707,0.577,0.577,0.577,0.577,0.577,-0.577,-1,0,0,-0.707,0,-0.707,-0.577,0.577,-0.577]
,"uvs":[0.812,0.871,0.664,0.988,0.664,0.871,0.12,0.379,0.004,0.301,0.12,0.301,0.609,0.359,0.594,0.277,0.628,0.291,0.12,0.223,0.004,0.223,0.684,0.359,0.699,0.277,0.665,0.291,0.12,0.879,0.004,0.988,0.004,0.879,0.12,0.691,0.004,0.77,0.004,0.691,0.727,0.168,0.808,0.223,0.808,0.168,0.12,0.168,0.004,0.223
,0.004,0.168,0.646,0.223,0.484,0.168,0.646,0.168,0.594,0.277,0.609,0.359,0.628,0.291,0.699,0.277,0.684,0.359,0.665,0.291,0.12,0.613,0.004,0.535,0.12,0.535,0.004,0.457,0.12,0.457,0.004,0.379,0.565,0.223,0.484,0.223,0.484,0.223,0.541,0.332,0.573,0.254,0.752,0.332,0.72,0.254,0.004,0.613,0.236,0.223
,0.353,0.223,0.353,0.223,0.236,0.77,0.345,0.77,0.345,0.77,0.469,0.77,0.353,0.77,0.353,0.77,0.484,0.223,0.565,0.223,0.565,0.223,0.808,0.223,0.727,0.223,0.727,0.223,0.727,0.223,0.808,0.223,0.719,0.223,0.646,0.223,0.484,0.223,0.646,0.223,0.12,0.77,0.004,0.77,0.128,0.77,0.484,0.637,0.484,0.52
,0.5,0.637,0.128,0.77,0.236,0.77,0.469,0.223,0.469,0.223,0.353,0.379,0.469,0.301,0.469,0.379,0.469,0.223,0.353,0.691,0.469,0.691,0.353,0.613,0.469,0.535,0.469,0.613,0.469,0.535,0.353,0.457,0.469,0.457,0.469,0.379,0.469,0.457,0.12,0.77,0.004,0.77,0.236,0.379,0.128,0.379,0.128,0.379,0.345,0.379
,0.236,0.379,0.646,0.223,0.501,0.223,0.501,0.223,0.484,0.754,0.5,0.871,0.484,0.871,0.236,0.77,0.345,0.77,0.353,0.77,0.353,0.223,0.236,0.168,0.353,0.168,0.353,0.988,0.236,0.879,0.353,0.879,0.813,0.637,0.664,0.754,0.664,0.637,0.484,0.988,0.5,0.988,0.236,0.77,0.236,0.223,0.236,0.988,0.813,0.754
,0.813,0.52,0.664,0.52,0.469,0.988,0.469,0.879,0.469,0.223,0.469,0.168,0.469,0.77,0.453,0.77,0.5,0.754,0.469,0.113,0.353,0.004,0.469,0.004,0.353,0.824,0.469,0.824,0.236,0.113,0.12,0.004,0.236,0.004,0.353,0.113,0.236,0.004,0.353,0.004,0.646,0.113,0.484,0.004,0.646,0.004,0.12,0.004,0.004,0.113
,0.004,0.004,0.727,0.004,0.808,0.113,0.808,0.004,0.12,0.824,0.004,0.824,0.004,0.824,0.004,0.77,0.236,0.824,0.469,0.77,0.469,0.168,0.484,0.113,0.12,0.113,0.727,0.113,0.808,0.113,0.484,0.113,0.646,0.168,0.646,0.113,0.484,0.004,0.646,0.004,0.727,0.113,0.646,0.004,0.727,0.004,0.59,0.637,0.59,0.52
,0.719,0.223,0.727,0.223,0.484,0.223,0.501,0.223,0.727,0.168,0.484,0.168,0.59,0.988,0.59,0.871,0.516,0.988,0.516,0.871,0.808,0.168,0.792,0.223,0.516,0.754,0.516,0.637,0.59,0.754,0.516,0.754,0.59,0.52,0.516,0.637,0.516,0.52,0.808,0.113,0.808,0.004,0.808,0.168,0.808,0.113,0.646,0.004,0.646,0.223
,0.794,0.285,0.808,0.223,0.499,0.285,0.499,0.285,0.484,0.223,0.794,0.285,0.727,0.223,0.808,0.223,0.752,0.332,0.72,0.254,0.794,0.285,0.541,0.332,0.573,0.254,0.499,0.285,0.646,0.223,0.792,0.223,0.792,0.223,0.646,0.223,0.646,0.223,0.646,0.223,0.727,0.223,0.236,0.77,0.12,0.77,0.501,0.223,0.565,0.223
,0.469,0.77,0.484,0.223,0.808,0.223,0.484,0.871,0.484,0.988,0.5,0.871,0.646,0.223,0.792,0.223,0.484,0.754,0.5,0.637,0.484,0.637,0.236,0.77,0.128,0.77,0.484,0.52,0.484,0.637,0.5,0.52,0.02,0.77,0.5,0.754,0.808,0.223,0.792,0.223,0.646,0.223,0.501,0.223,0.646,0.223,0.12,0.223,0.808,0.223
,0.808,0.223,0.501,0.223,0.236,0.223,0.792,0.223,0.646,0.121,0.646,0.223,0.719,0.121,0.719,0.223,0.345,0.223,0.236,0.121,0.236,0.223,0.236,0.871,0.345,0.871,0.345,0.77,0.236,0.223,0.128,0.121,0.128,0.223,0.812,0.988,0.12,0.988,0.12,0.223,0.484,0.223,0.541,0.332,0.752,0.332,0.004,0.613,0.004,0.535
,0.004,0.535,0.004,0.457,0.004,0.457,0.499,0.285,0.794,0.285,0.004,0.613,0.236,0.223,0.484,0.223,0.808,0.223,0.808,0.223,0.128,0.77,0.353,0.301,0.353,0.535,0.469,0.535,0.469,0.535,0.469,0.379,0.345,0.379,0.5,0.871,0.345,0.77,0.353,0.223,0.236,0.223,0.236,0.223,0.12,0.223,0.12,0.988,0.469,0.223
,0.353,0.223,0.353,0.004,0.12,0.004,0.236,0.004,0.484,0.113,0.484,0.004,0.12,0.004,0.808,0.113,0.004,0.824,0.469,0.168,0.484,0.113,0.484,0.113,0.484,0.168,0.484,0.004,0.484,0.113,0.646,0.004,0.719,0.223,0.484,0.168,0.484,0.223,0.59,0.988,0.59,0.988,0.516,0.988,0.516,0.754,0.59,0.52,0.516,0.637
,0.808,0.113,0.808,0.168,0.646,0.004,0.794,0.285,0.499,0.285,0.499,0.285,0.794,0.285,0.752,0.332,0.541,0.332,0.501,0.223,0.5,0.754,0.5,0.637,0.128,0.77,0.5,0.871,0.5,0.754,0.004,0.223,0.12,0.223,0.808,0.223,0.501,0.223,0.501,0.223,0.12,0.223,0.236,0.223,0.792,0.223,0.792,0.223,0.719,0.121
,0.646,0.121,0.345,0.223,0.345,0.121,0.128,0.871,0.236,0.223,0.665,0.291,0.646,0.223,0.628,0.291,0.573,0.254,0.594,0.277,0.72,0.254,0.699,0.277,0.646,0.223,0.727,0.223,0.565,0.223,0.565,0.223,0.573,0.254,0.727,0.223,0.72,0.254,0.646,0.223,0.733,0.309,0.792,0.223,0.56,0.309,0.646,0.344,0.646,0.223
,0.733,0.309,0.646,0.344,0.56,0.309,0.501,0.223,0.236,0.613,0.128,0.496,0.128,0.613,0.236,0.379,0.345,0.496,0.345,0.379,0.236,0.379,0.345,0.223,0.345,0.379,0.236,0.77,0.128,0.613,0.128,0.77,0.236,0.691,0.353,0.613,0.353,0.691,0.236,0.457,0.353,0.379,0.353,0.457,0.353,0.535,0.236,0.613,0.353,0.77
,0.353,0.301,0.236,0.223,0.353,0.223,0.236,0.379,0.345,0.613,0.236,0.496,0.345,0.613,0.128,0.379,0.128,0.379,0.236,0.223,0.12,0.691,0.12,0.457,0.236,0.535,0.12,0.613,0.236,0.77,0.236,0.301,0.12,0.223,0.12,0.379,0.236,0.121,0.128,0.02,0.128,0.121,0.236,0.871,0.345,0.973,0.345,0.871,0.128,0.871
,0.236,0.973,0.345,0.121,0.236,0.02,0.236,0.879,0.12,0.824,0.236,0.824,0.353,0.879,0.353,0.824,0.236,0.168,0.12,0.113,0.236,0.113,0.353,0.168,0.353,0.113,0.727,0.168,0.646,0.113,0.727,0.113,0.664,0.754,0.598,0.645,0.598,0.754,0.664,0.754,0.59,0.871,0.59,0.754,0.664,0.637,0.59,0.637,0.664,0.863
,0.598,0.754,0.598,0.863,0.646,0.121,0.719,0.02,0.719,0.121,0.646,0.113,0.727,0.168,0.727,0.113,0.719,0.121,0.646,0.02,0.646,0.121,0.699,0.277,0.594,0.277,0.665,0.291,0.628,0.291,0.501,0.223,0.792,0.223,0.128,0.496,0.345,0.496,0.236,0.223,0.345,0.223,0.128,0.613,0.345,0.613,0.345,0.496,0.345,0.77
,0.345,0.613,0.128,0.379,0.128,0.496,0.128,0.379,0.128,0.223,0.236,0.223,0.12,0.535,0.12,0.77,0.12,0.301,0.128,0.871,0.128,0.973,0.345,0.121,0.345,0.02,0.12,0.879,0.12,0.168,0.646,0.168,0.664,0.754,0.664,0.645,0.598,0.645,0.664,0.871,0.664,0.863,0.664,0.754,0.598,0.754,0.646,0.121,0.646,0.02
,0.719,0.02,0.646,0.168,0.719,0.121,0.719,0.02]
,"matricesWeights":[1,0,0,0,1,0,0,0,1,0,0,0,1,0,0,0,1,0,0,0,1,0,0,0,1,0,0,0,1,0,0,0,1,0,0,0,1,0,0,0,1,0,0,0,1,0,0,0,1,0
,0,0,1,0,0,0,1,0,0,0,1,0,0,0,1,0,0,0,1,0,0,0,1,0,0,0,1,0,0,0,1,0,0,0,1,0,0,0,1,0,0,0,1,0,0,0,1,0,0,0
,1,0,0,0,1,0,0,0,1,0,0,0,1,0,0,0,1,0,0,0,1,0,0,0,1,0,0,0,1,0,0,0,1,0,0,0,1,0,0,0,1,0,0,0,1,0,0,0,1,0
,0,0,1,0,0,0,1,0,0,0,1,0,0,0,1,0,0,0,1,0,0,0,1,0,0,0,1,0,0,0,1,0,0,0,1,0,0,0,1,0,0,0,1,0,0,0,1,0,0,0
,1,0,0,0,1,0,0,0,1,0,0,0,1,0,0,0,1,0,0,0,1,0,0,0,1,0,0,0,1,0,0,0,1,0,0,0,1,0,0,0,1,0,0,0,1,0,0,0,1,0
,0,0,1,0,0,0,1,0,0,0,1,0,0,0,1,0,0,0,1,0,0,0,1,0,0,0,1,0,0,0,1,0,0,0,1,0,0,0,1,0,0,0,1,0,0,0,1,0,0,0
,1,0,0,0,1,0,0,0,1,0,0,0,1,0,0,0,1,0,0,0,1,0,0,0,1,0,0,0,1,0,0,0,1,0,0,0,1,0,0,0,1,0,0,0,1,0,0,0,1,0
,0,0,1,0,0,0,1,0,0,0,1,0,0,0,1,0,0,0,1,0,0,0,1,0,0,0,1,0,0,0,1,0,0,0,1,0,0,0,1,0,0,0,1,0,0,0,1,0,0,0
,1,0,0,0,1,0,0,0,1,0,0,0,1,0,0,0,1,0,0,0,1,0,0,0,1,0,0,0,1,0,0,0,1,0,0,0,1,0,0,0,1,0,0,0,1,0,0,0,1,0
,0,0,1,0,0,0,1,0,0,0,1,0,0,0,1,0,0,0,1,0,0,0,1,0,0,0,1,0,0,0,1,0,0,0,1,0,0,0,1,0,0,0,1,0,0,0,1,0,0,0
,1,0,0,0,1,0,0,0,1,0,0,0,1,0,0,0,1,0,0,0,1,0,0,0,1,0,0,0,1,0,0,0,1,0,0,0,1,0,0,0,1,0,0,0,1,0,0,0,1,0
,0,0,1,0,0,0,1,0,0,0,1,0,0,0,1,0,0,0,1,0,0,0,1,0,0,0,1,0,0,0,1,0,0,0,1,0,0,0,1,0,0,0,1,0,0,0,1,0,0,0
,1,0,0,0,1,0,0,0,1,0,0,0,1,0,0,0,1,0,0,0,1,0,0,0,1,0,0,0,1,0,0,0,1,0,0,0,1,0,0,0,1,0,0,0,1,0,0,0,1,0
,0,0,1,0,0,0,1,0,0,0,1,0,0,0,1,0,0,0,1,0,0,0,1,0,0,0,1,0,0,0,1,0,0,0,1,0,0,0,1,0,0,0,1,0,0,0,1,0,0,0
,1,0,0,0,1,0,0,0,1,0,0,0,1,0,0,0,1,0,0,0,1,0,0,0,1,0,0,0,1,0,0,0,1,0,0,0,1,0,0,0,1,0,0,0,1,0,0,0,1,0
,0,0,1,0,0,0,1,0,0,0,1,0,0,0,1,0,0,0,1,0,0,0,1,0,0,0,1,0,0,0,1,0,0,0,1,0,0,0,1,0,0,0,1,0,0,0,1,0,0,0
,1,0,0,0,1,0,0,0,1,0,0,0,1,0,0,0,1,0,0,0,1,0,0,0,1,0,0,0,1,0,0,0,1,0,0,0,1,0,0,0,1,0,0,0,1,0,0,0,1,0
,0,0,1,0,0,0,1,0,0,0,1,0,0,0,1,0,0,0,1,0,0,0,1,0,0,0,1,0,0,0,1,0,0,0,1,0,0,0,1,0,0,0,1,0,0,0,1,0,0,0
,1,0,0,0,1,0,0,0,1,0,0,0,1,0,0,0,1,0,0,0,1,0,0,0,1,0,0,0,1,0,0,0,1,0,0,0,1,0,0,0,1,0,0,0,1,0,0,0,1,0
,0,0,1,0,0,0,1,0,0,0,1,0,0,0,1,0,0,0,1,0,0,0,1,0,0,0,1,0,0,0,1,0,0,0,1,0,0,0,1,0,0,0,1,0,0,0,1,0,0,0
,1,0,0,0,1,0,0,0,1,0,0,0,1,0,0,0,1,0,0,0,1,0,0,0,1,0,0,0,1,0,0,0,1,0,0,0,1,0,0,0,1,0,0,0,1,0,0,0,1,0
,0,0,1,0,0,0,1,0,0,0,1,0,0,0,1,0,0,0,1,0,0,0,1,0,0,0,1,0,0,0,1,0,0,0,1,0,0,0,1,0,0,0,1,0,0,0,1,0,0,0
