{"producer":{"name":"Blender","version":"2.82 (sub 7)","exporter_version":"6.4.5","file":"angelThrone.babylon"},
"autoClear":true,"clearColor":[0.0509,0.0509,0.0509],"gravity":[0,-9.81,0],
"materials":[{"name":"angelThronesMaterial","id":"angelThronesMaterial","customType":"BABYLON.PBRMaterial","backFaceCulling":true,"checkReadyOnlyOnce":false,"maxSimultaneousLights":4,"environmentIntensity":1,"reflectivity":[0.5,0.5,0.5],"roughness":0.5,"alpha":1,"transparencyMode":0,"alphaCutOff":0.4,"metallic":0, 
"albedoTexture":{"name":".","level":1,"hasAlpha":true,"coordinatesMode":0,"uOffset":0,"vOffset":0,"uScale":1,"vScale":1,"uAng":0,"vAng":0,"wAng":0,"wrapU":1,"wrapV":1,"coordinatesIndex":0},"useAlphaFromAlbedoTexture":true}],
"multiMaterials":[],
"skeletons":[{"name":"Armature","id":0,"dimensionsAtRest":[0.8511,1.3714,1],"bones":[
{"name":"ROOT","index":0,"matrix":[1,0,0,0,0,0,-1,0,0,-1,0,0,0,0,0,1],"rest":[1,0,0,0,0,0,-1,0,0,-1,0,0,0,0,0,1],"parentBoneIndex":-1,"length":1
,"animation":{"dataType":3,"framePerSecond":30,"keys":[
{"frame":0,"values":[1,0,0,0,0,0,-1,0,0,-1,0,0,0,0,0,1]},
{"frame":1,"values":[1,0,0,0,0,0,-1,0,0,-1,0,0,0,0,0,1]},
{"frame":10,"values":[1,0,0,0,0,0,-1,0,0,-1,0,0,0,0,0,1]},
{"frame":130,"values":[1,0,0,0,0,0,-1,0,0,-1,0,0,0,0,0,1]},
{"frame":140,"values":[1,0,0,0,0,0,-1,0,0,-1,0,0,0,0,0,1]},
{"frame":141,"values":[1,0,0,0,0,0,-1,0,0,-1,0,0,0,0,0,1]}],"loopBehavior":1,"name":"anim","property":"_matrix"}},
{"name":"innerRing","index":1,"matrix":[1,0,0,0,0,1,0,0,0,0,1,0,0,0,0,1],"rest":[1,0,0,0,0,1,0,0,0,0,1,0,0,0,0,1],"parentBoneIndex":12,"length":1
,"animation":{"dataType":3,"framePerSecond":30,"keys":[
{"frame":0,"values":[1,0,0,0,0,1,0,0,0,0,1,0,0,0,0,1]},
{"frame":1,"values":[1,0,0,0,0,1,0,0,0,0,1,0,0,0,0,1]},
{"frame":10,"values":[1,0,0,0,0,1,0,0,0,0,1,0,0,0,0,1]},
{"frame":11,"values":[0.9986,0,-0.0523,0,0,1,0,0,0.0523,0,0.9986,0,0,0,0,1]},
{"frame":12,"values":[0.9945,0,-0.1045,0,0,1,0,0,0.1045,0,0.9945,0,0,0,0,1]},
{"frame":13,"values":[0.9877,0,-0.1564,0,0,1,0,0,0.1564,0,0.9877,0,0,0,0,1]},
{"frame":14,"values":[0.9781,0,-0.2079,0,0,1,0,0,0.2079,0,0.9781,0,0,0,0,1]},
{"frame":15,"values":[0.9659,0,-0.2588,0,0,1,0,0,0.2588,0,0.9659,0,0,0,0,1]},
{"frame":16,"values":[0.9511,0,-0.309,0,0,1,0,0,0.309,0,0.9511,0,0,0,0,1]},
{"frame":17,"values":[0.9336,0,-0.3584,0,0,1,0,0,0.3584,0,0.9336,0,0,0,0,1]},
{"frame":18,"values":[0.9135,0,-0.4067,0,0,1,0,0,0.4067,0,0.9135,0,0,0,0,1]},
{"frame":19,"values":[0.891,0,-0.454,0,0,1,0,0,0.454,0,0.891,0,0,0,0,1]},
{"frame":20,"values":[0.866,0,-0.5,0,0,1,0,0,0.5,0,0.866,0,0,0,0,1]},
{"frame":21,"values":[0.8387,0,-0.5446,0,0,1,0,0,0.5446,0,0.8387,0,0,0,0,1]},
{"frame":22,"values":[0.809,0,-0.5878,0,0,1,0,0,0.5878,0,0.809,0,0,0,0,1]},
{"frame":23,"values":[0.7771,0,-0.6293,0,0,1,0,0,0.6293,0,0.7771,0,0,0,0,1]},
{"frame":24,"values":[0.7431,0,-0.6691,0,0,1,0,0,0.6691,0,0.7431,0,0,0,0,1]},
{"frame":25,"values":[0.7071,0,-0.7071,0,0,1,0,0,0.7071,0,0.7071,0,0,0,0,1]},
{"frame":26,"values":[0.6691,0,-0.7431,0,0,1,0,0,0.7431,0,0.6691,0,0,0,0,1]},
{"frame":27,"values":[0.6293,0,-0.7771,0,0,1,0,0,0.7771,0,0.6293,0,0,0,0,1]},
{"frame":28,"values":[0.5878,0,-0.809,0,0,1,0,0,0.809,0,0.5878,0,0,0,0,1]},
{"frame":29,"values":[0.5446,0,-0.8387,0,0,1,0,0,0.8387,0,0.5446,0,0,0,0,1]},
{"frame":30,"values":[0.5,0,-0.866,0,0,1,0,0,0.866,0,0.5,0,0,0,0,1]},
{"frame":31,"values":[0.454,0,-0.891,0,0,1,0,0,0.891,0,0.454,0,0,0,0,1]},
{"frame":32,"values":[0.4067,0,-0.9135,0,0,1,0,0,0.9135,0,0.4067,0,0,0,0,1]},
{"frame":33,"values":[0.3584,0,-0.9336,0,0,1,0,0,0.9336,0,0.3584,0,0,0,0,1]},
{"frame":34,"values":[0.309,0,-0.9511,0,0,1,0,0,0.9511,0,0.309,0,0,0,0,1]},
{"frame":35,"values":[0.2588,0,-0.9659,0,0,1,0,0,0.9659,0,0.2588,0,0,0,0,1]},
{"frame":36,"values":[0.2079,0,-0.9781,0,0,1,0,0,0.9781,0,0.2079,0,0,0,0,1]},
{"frame":37,"values":[0.1564,0,-0.9877,0,0,1,0,0,0.9877,0,0.1564,0,0,0,0,1]},
{"frame":38,"values":[0.1045,0,-0.9945,0,0,1,0,0,0.9945,0,0.1045,0,0,0,0,1]},
{"frame":39,"values":[0.0523,0,-0.9986,0,0,1,0,0,0.9986,0,0.0523,0,0,0,0,1]},
{"frame":40,"values":[0,0,-1,0,0,1,0,0,1,0,0,0,0,0,0,1]},
{"frame":41,"values":[-0.0523,0,-0.9986,0,0,1,0,0,0.9986,0,-0.0523,0,0,0,0,1]},
{"frame":42,"values":[-0.1045,0,-0.9945,0,0,1,0,0,0.9945,0,-0.1045,0,0,0,0,1]},
{"frame":43,"values":[-0.1564,0,-0.9877,0,0,1,0,0,0.9877,0,-0.1564,0,0,0,0,1]},
{"frame":44,"values":[-0.2079,0,-0.9781,0,0,1,0,0,0.9781,0,-0.2079,0,0,0,0,1]},
{"frame":45,"values":[-0.2588,0,-0.9659,0,0,1,0,0,0.9659,0,-0.2588,0,0,0,0,1]},
{"frame":46,"values":[-0.309,0,-0.9511,0,0,1,0,0,0.9511,0,-0.309,0,0,0,0,1]},
{"frame":47,"values":[-0.3584,0,-0.9336,0,0,1,0,0,0.9336,0,-0.3584,0,0,0,0,1]},
{"frame":48,"values":[-0.4067,0,-0.9135,0,0,1,0,0,0.9135,0,-0.4067,0,0,0,0,1]},
{"frame":49,"values":[-0.454,0,-0.891,0,0,1,0,0,0.891,0,-0.454,0,0,0,0,1]},
{"frame":50,"values":[-0.5,0,-0.866,0,0,1,0,0,0.866,0,-0.5,0,0,0,0,1]},
{"frame":51,"values":[-0.5446,0,-0.8387,0,0,1,0,0,0.8387,0,-0.5446,0,0,0,0,1]},
{"frame":52,"values":[-0.5878,0,-0.809,0,0,1,0,0,0.809,0,-0.5878,0,0,0,0,1]},
{"frame":53,"values":[-0.6293,0,-0.7771,0,0,1,0,0,0.7771,0,-0.6293,0,0,0,0,1]},
{"frame":54,"values":[-0.6691,0,-0.7431,0,0,1,0,0,0.7431,0,-0.6691,0,0,0,0,1]},
{"frame":55,"values":[-0.7071,0,-0.7071,0,0,1,0,0,0.7071,0,-0.7071,0,0,0,0,1]},
{"frame":56,"values":[-0.7431,0,-0.6691,0,0,1,0,0,0.6691,0,-0.7431,0,0,0,0,1]},
{"frame":57,"values":[-0.7771,0,-0.6293,0,0,1,0,0,0.6293,0,-0.7771,0,0,0,0,1]},
{"frame":58,"values":[-0.809,0,-0.5878,0,0,1,0,0,0.5878,0,-0.809,0,0,0,0,1]},
{"frame":59,"values":[-0.8387,0,-0.5446,0,0,1,0,0,0.5446,0,-0.8387,0,0,0,0,1]},
{"frame":60,"values":[-0.866,0,-0.5,0,0,1,0,0,0.5,0,-0.866,0,0,0,0,1]},
{"frame":61,"values":[-0.891,0,-0.454,0,0,1,0,0,0.454,0,-0.891,0,0,0,0,1]},
{"frame":62,"values":[-0.9135,0,-0.4067,0,0,1,0,0,0.4067,0,-0.9135,0,0,0,0,1]},
{"frame":63,"values":[-0.9336,0,-0.3584,0,0,1,0,0,0.3584,0,-0.9336,0,0,0,0,1]},
{"frame":64,"values":[-0.9511,0,-0.309,0,0,1,0,0,0.309,0,-0.9511,0,0,0,0,1]},
{"frame":65,"values":[-0.9659,0,-0.2588,0,0,1,0,0,0.2588,0,-0.9659,0,0,0,0,1]},
{"frame":66,"values":[-0.9781,0,-0.2079,0,0,1,0,0,0.2079,0,-0.9781,0,0,0,0,1]},
{"frame":67,"values":[-0.9877,0,-0.1564,0,0,1,0,0,0.1564,0,-0.9877,0,0,0,0,1]},
{"frame":68,"values":[-0.9945,0,-0.1045,0,0,1,0,0,0.1045,0,-0.9945,0,0,0,0,1]},
{"frame":69,"values":[-0.9986,0,-0.0523,0,0,1,0,0,0.0523,0,-0.9986,0,0,0,0,1]},
{"frame":70,"values":[-1,0,0,0,0,1,0,0,0,0,-1,0,0,0,0,1]},
{"frame":71,"values":[-0.9986,0,0.0523,0,0,1,0,0,-0.0523,0,-0.9986,0,0,0,0,1]},
{"frame":72,"values":[-0.9945,0,0.1045,0,0,1,0,0,-0.1045,0,-0.9945,0,0,0,0,1]},
{"frame":73,"values":[-0.9877,0,0.1564,0,0,1,0,0,-0.1564,0,-0.9877,0,0,0,0,1]},
{"frame":74,"values":[-0.9781,0,0.2079,0,0,1,0,0,-0.2079,0,-0.9781,0,0,0,0,1]},
{"frame":75,"values":[-0.9659,0,0.2588,0,0,1,0,0,-0.2588,0,-0.9659,0,0,0,0,1]},
{"frame":76,"values":[-0.9511,0,0.309,0,0,1,0,0,-0.309,0,-0.9511,0,0,0,0,1]},
{"frame":77,"values":[-0.9336,0,0.3584,0,0,1,0,0,-0.3584,0,-0.9336,0,0,0,0,1]},
{"frame":78,"values":[-0.9135,0,0.4067,0,0,1,0,0,-0.4067,0,-0.9135,0,0,0,0,1]},
{"frame":79,"values":[-0.891,0,0.454,0,0,1,0,0,-0.454,0,-0.891,0,0,0,0,1]},
{"frame":80,"values":[-0.866,0,0.5,0,0,1,0,0,-0.5,0,-0.866,0,0,0,0,1]},
{"frame":81,"values":[-0.8387,0,0.5446,0,0,1,0,0,-0.5446,0,-0.8387,0,0,0,0,1]},
{"frame":82,"values":[-0.809,0,0.5878,0,0,1,0,0,-0.5878,0,-0.809,0,0,0,0,1]},
{"frame":83,"values":[-0.7771,0,0.6293,0,0,1,0,0,-0.6293,0,-0.7771,0,0,0,0,1]},
{"frame":84,"values":[-0.7431,0,0.6691,0,0,1,0,0,-0.6691,0,-0.7431,0,0,0,0,1]},
{"frame":85,"values":[-0.7071,0,0.7071,0,0,1,0,0,-0.7071,0,-0.7071,0,0,0,0,1]},
{"frame":86,"values":[-0.6691,0,0.7431,0,0,1,0,0,-0.7431,0,-0.6691,0,0,0,0,1]},
{"frame":87,"values":[-0.6293,0,0.7771,0,0,1,0,0,-0.7771,0,-0.6293,0,0,0,0,1]},
{"frame":88,"values":[-0.5878,0,0.809,0,0,1,0,0,-0.809,0,-0.5878,0,0,0,0,1]},
{"frame":89,"values":[-0.5446,0,0.8387,0,0,1,0,0,-0.8387,0,-0.5446,0,0,0,0,1]},
{"frame":90,"values":[-0.5,0,0.866,0,0,1,0,0,-0.866,0,-0.5,0,0,0,0,1]},
{"frame":91,"values":[-0.454,0,0.891,0,0,1,0,0,-0.891,0,-0.454,0,0,0,0,1]},
{"frame":92,"values":[-0.4067,0,0.9135,0,0,1,0,0,-0.9135,0,-0.4067,0,0,0,0,1]},
{"frame":93,"values":[-0.3584,0,0.9336,0,0,1,0,0,-0.9336,0,-0.3584,0,0,0,0,1]},
{"frame":94,"values":[-0.309,0,0.9511,0,0,1,0,0,-0.9511,0,-0.309,0,0,0,0,1]},
{"frame":95,"values":[-0.2588,0,0.9659,0,0,1,0,0,-0.9659,0,-0.2588,0,0,0,0,1]},
{"frame":96,"values":[-0.2079,0,0.9781,0,0,1,0,0,-0.9781,0,-0.2079,0,0,0,0,1]},
{"frame":97,"values":[-0.1564,0,0.9877,0,0,1,0,0,-0.9877,0,-0.1564,0,0,0,0,1]},
{"frame":98,"values":[-0.1045,0,0.9945,0,0,1,0,0,-0.9945,0,-0.1045,0,0,0,0,1]},
{"frame":99,"values":[-0.0523,0,0.9986,0,0,1,0,0,-0.9986,0,-0.0523,0,0,0,0,1]},
{"frame":100,"values":[0,0,1,0,0,1,0,0,-1,0,0,0,0,0,0,1]},
{"frame":101,"values":[0.0523,0,0.9986,0,0,1,0,0,-0.9986,0,0.0523,0,0,0,0,1]},
{"frame":102,"values":[0.1045,0,0.9945,0,0,1,0,0,-0.9945,0,0.1045,0,0,0,0,1]},
{"frame":103,"values":[0.1564,0,0.9877,0,0,1,0,0,-0.9877,0,0.1564,0,0,0,0,1]},
{"frame":104,"values":[0.2079,0,0.9781,0,0,1,0,0,-0.9781,0,0.2079,0,0,0,0,1]},
{"frame":105,"values":[0.2588,0,0.9659,0,0,1,0,0,-0.9659,0,0.2588,0,0,0,0,1]},
{"frame":106,"values":[0.309,0,0.9511,0,0,1,0,0,-0.9511,0,0.309,0,0,0,0,1]},
{"frame":107,"values":[0.3584,0,0.9336,0,0,1,0,0,-0.9336,0,0.3584,0,0,0,0,1]},
{"frame":108,"values":[0.4067,0,0.9135,0,0,1,0,0,-0.9135,0,0.4067,0,0,0,0,1]},
{"frame":109,"values":[0.454,0,0.891,0,0,1,0,0,-0.891,0,0.454,0,0,0,0,1]},
{"frame":110,"values":[0.5,0,0.866,0,0,1,0,0,-0.866,0,0.5,0,0,0,0,1]},
{"frame":111,"values":[0.5446,0,0.8387,0,0,1,0,0,-0.8387,0,0.5446,0,0,0,0,1]},
{"frame":112,"values":[0.5878,0,0.809,0,0,1,0,0,-0.809,0,0.5878,0,0,0,0,1]},
{"frame":113,"values":[0.6293,0,0.7771,0,0,1,0,0,-0.7771,0,0.6293,0,0,0,0,1]},
{"frame":114,"values":[0.6691,0,0.7431,0,0,1,0,0,-0.7431,0,0.6691,0,0,0,0,1]},
{"frame":115,"values":[0.7071,0,0.7071,0,0,1,0,0,-0.7071,0,0.7071,0,0,0,0,1]},
{"frame":116,"values":[0.7431,0,0.6691,0,0,1,0,0,-0.6691,0,0.7431,0,0,0,0,1]},
{"frame":117,"values":[0.7771,0,0.6293,0,0,1,0,0,-0.6293,0,0.7771,0,0,0,0,1]},
{"frame":118,"values":[0.809,0,0.5878,0,0,1,0,0,-0.5878,0,0.809,0,0,0,0,1]},
{"frame":119,"values":[0.8387,0,0.5446,0,0,1,0,0,-0.5446,0,0.8387,0,0,0,0,1]},
{"frame":120,"values":[0.866,0,0.5,0,0,1,0,0,-0.5,0,0.866,0,0,0,0,1]},
{"frame":121,"values":[0.891,0,0.454,0,0,1,0,0,-0.454,0,0.891,0,0,0,0,1]},
{"frame":122,"values":[0.9135,0,0.4067,0,0,1,0,0,-0.4067,0,0.9135,0,0,0,0,1]},
{"frame":123,"values":[0.9336,0,0.3584,0,0,1,0,0,-0.3584,0,0.9336,0,0,0,0,1]},
{"frame":124,"values":[0.9511,0,0.309,0,0,1,0,0,-0.309,0,0.9511,0,0,0,0,1]},
{"frame":125,"values":[0.9659,0,0.2588,0,0,1,0,0,-0.2588,0,0.9659,0,0,0,0,1]},
{"frame":126,"values":[0.9781,0,0.2079,0,0,1,0,0,-0.2079,0,0.9781,0,0,0,0,1]},
{"frame":127,"values":[0.9877,0,0.1564,0,0,1,0,0,-0.1564,0,0.9877,0,0,0,0,1]},
{"frame":128,"values":[0.9945,0,0.1045,0,0,1,0,0,-0.1045,0,0.9945,0,0,0,0,1]},
{"frame":129,"values":[0.9986,0,0.0523,0,0,1,0,0,-0.0523,0,0.9986,0,0,0,0,1]},
{"frame":130,"values":[1,0,0,0,0,1,0,0,0,0,1,0,0,0,0,1]},
{"frame":140,"values":[1,0,0,0,0,1,0,0,0,0,1,0,0,0,0,1]},
{"frame":141,"values":[1,0,0,0,0,1,0,0,0,0,1,0,0,0,0,1]}],"loopBehavior":1,"name":"anim","property":"_matrix"}},
{"name":"middleRing","index":2,"matrix":[1,0,0,0,0,1,0,0,0,0,1,0,0,0,0,1],"rest":[1,0,0,0,0,1,0,0,0,0,1,0,0,0,0,1],"parentBoneIndex":11,"length":1
,"animation":{"dataType":3,"framePerSecond":30,"keys":[
{"frame":0,"values":[1,0,0,0,0,1,0,0,0,0,1,0,0,0,0,1]},
{"frame":1,"values":[1,0,0,0,0,1,0,0,0,0,1,0,0,0,0,1]},
{"frame":10,"values":[1,0,0,0,0,1,0,0,0,0,1,0,0,0,0,1]},
{"frame":11,"values":[0.9986,0,0.0523,0,0,1,0,0,-0.0523,0,0.9986,0,0,0,0,1]},
{"frame":12,"values":[0.9945,0,0.1045,0,0,1,0,0,-0.1045,0,0.9945,0,0,0,0,1]},
{"frame":13,"values":[0.9877,0,0.1564,0,0,1,0,0,-0.1564,0,0.9877,0,0,0,0,1]},
{"frame":14,"values":[0.9781,0,0.2079,0,0,1,0,0,-0.2079,0,0.9781,0,0,0,0,1]},
{"frame":15,"values":[0.9659,0,0.2588,0,0,1,0,0,-0.2588,0,0.9659,0,0,0,0,1]},
{"frame":16,"values":[0.9511,0,0.309,0,0,1,0,0,-0.309,0,0.9511,0,0,0,0,1]},
{"frame":17,"values":[0.9336,0,0.3584,0,0,1,0,0,-0.3584,0,0.9336,0,0,0,0,1]},
{"frame":18,"values":[0.9135,0,0.4067,0,0,1,0,0,-0.4067,0,0.9135,0,0,0,0,1]},
{"frame":19,"values":[0.891,0,0.454,0,0,1,0,0,-0.454,0,0.891,0,0,0,0,1]},
{"frame":20,"values":[0.866,0,0.5,0,0,1,0,0,-0.5,0,0.866,0,0,0,0,1]},
{"frame":21,"values":[0.8387,0,0.5446,0,0,1,0,0,-0.5446,0,0.8387,0,0,0,0,1]},
{"frame":22,"values":[0.809,0,0.5878,0,0,1,0,0,-0.5878,0,0.809,0,0,0,0,1]},
{"frame":23,"values":[0.7771,0,0.6293,0,0,1,0,0,-0.6293,0,0.7771,0,0,0,0,1]},
{"frame":24,"values":[0.7431,0,0.6691,0,0,1,0,0,-0.6691,0,0.7431,0,0,0,0,1]},
{"frame":25,"values":[0.7071,0,0.7071,0,0,1,0,0,-0.7071,0,0.7071,0,0,0,0,1]},
{"frame":26,"values":[0.6691,0,0.7431,0,0,1,0,0,-0.7431,0,0.6691,0,0,0,0,1]},
{"frame":27,"values":[0.6293,0,0.7771,0,0,1,0,0,-0.7771,0,0.6293,0,0,0,0,1]},
{"frame":28,"values":[0.5878,0,0.809,0,0,1,0,0,-0.809,0,0.5878,0,0,0,0,1]},
{"frame":29,"values":[0.5446,0,0.8387,0,0,1,0,0,-0.8387,0,0.5446,0,0,0,0,1]},
{"frame":30,"values":[0.5,0,0.866,0,0,1,0,0,-0.866,0,0.5,0,0,0,0,1]},
{"frame":31,"values":[0.454,0,0.891,0,0,1,0,0,-0.891,0,0.454,0,0,0,0,1]},
{"frame":32,"values":[0.4067,0,0.9135,0,0,1,0,0,-0.9135,0,0.4067,0,0,0,0,1]},
{"frame":33,"values":[0.3584,0,0.9336,0,0,1,0,0,-0.9336,0,0.3584,0,0,0,0,1]},
{"frame":34,"values":[0.309,0,0.9511,0,0,1,0,0,-0.9511,0,0.309,0,0,0,0,1]},
{"frame":35,"values":[0.2588,0,0.9659,0,0,1,0,0,-0.9659,0,0.2588,0,0,0,0,1]},
{"frame":36,"values":[0.2079,0,0.9781,0,0,1,0,0,-0.9781,0,0.2079,0,0,0,0,1]},
{"frame":37,"values":[0.1564,0,0.9877,0,0,1,0,0,-0.9877,0,0.1564,0,0,0,0,1]},
{"frame":38,"values":[0.1045,0,0.9945,0,0,1,0,0,-0.9945,0,0.1045,0,0,0,0,1]},
{"frame":39,"values":[0.0523,0,0.9986,0,0,1,0,0,-0.9986,0,0.0523,0,0,0,0,1]},
{"frame":40,"values":[0,0,1,0,0,1,0,0,-1,0,0,0,0,0,0,1]},
{"frame":41,"values":[-0.0523,0,0.9986,0,0,1,0,0,-0.9986,0,-0.0523,0,0,0,0,1]},
{"frame":42,"values":[-0.1045,0,0.9945,0,0,1,0,0,-0.9945,0,-0.1045,0,0,0,0,1]},
{"frame":43,"values":[-0.1564,0,0.9877,0,0,1,0,0,-0.9877,0,-0.1564,0,0,0,0,1]},
{"frame":44,"values":[-0.2079,0,0.9781,0,0,1,0,0,-0.9781,0,-0.2079,0,0,0,0,1]},
{"frame":45,"values":[-0.2588,0,0.9659,0,0,1,0,0,-0.9659,0,-0.2588,0,0,0,0,1]},
{"frame":46,"values":[-0.309,0,0.9511,0,0,1,0,0,-0.9511,0,-0.309,0,0,0,0,1]},
{"frame":47,"values":[-0.3584,0,0.9336,0,0,1,0,0,-0.9336,0,-0.3584,0,0,0,0,1]},
{"frame":48,"values":[-0.4067,0,0.9135,0,0,1,0,0,-0.9135,0,-0.4067,0,0,0,0,1]},
{"frame":49,"values":[-0.454,0,0.891,0,0,1,0,0,-0.891,0,-0.454,0,0,0,0,1]},
{"frame":50,"values":[-0.5,0,0.866,0,0,1,0,0,-0.866,0,-0.5,0,0,0,0,1]},
{"frame":51,"values":[-0.5446,0,0.8387,0,0,1,0,0,-0.8387,0,-0.5446,0,0,0,0,1]},
{"frame":52,"values":[-0.5878,0,0.809,0,0,1,0,0,-0.809,0,-0.5878,0,0,0,0,1]},
{"frame":53,"values":[-0.6293,0,0.7771,0,0,1,0,0,-0.7771,0,-0.6293,0,0,0,0,1]},
{"frame":54,"values":[-0.6691,0,0.7431,0,0,1,0,0,-0.7431,0,-0.6691,0,0,0,0,1]},
{"frame":55,"values":[-0.7071,0,0.7071,0,0,1,0,0,-0.7071,0,-0.7071,0,0,0,0,1]},
{"frame":56,"values":[-0.7431,0,0.6691,0,0,1,0,0,-0.6691,0,-0.7431,0,0,0,0,1]},
{"frame":57,"values":[-0.7771,0,0.6293,0,0,1,0,0,-0.6293,0,-0.7771,0,0,0,0,1]},
{"frame":58,"values":[-0.809,0,0.5878,0,0,1,0,0,-0.5878,0,-0.809,0,0,0,0,1]},
{"frame":59,"values":[-0.8387,0,0.5446,0,0,1,0,0,-0.5446,0,-0.8387,0,0,0,0,1]},
{"frame":60,"values":[-0.866,0,0.5,0,0,1,0,0,-0.5,0,-0.866,0,0,0,0,1]},
{"frame":61,"values":[-0.891,0,0.454,0,0,1,0,0,-0.454,0,-0.891,0,0,0,0,1]},
{"frame":62,"values":[-0.9135,0,0.4067,0,0,1,0,0,-0.4067,0,-0.9135,0,0,0,0,1]},
{"frame":63,"values":[-0.9336,0,0.3584,0,0,1,0,0,-0.3584,0,-0.9336,0,0,0,0,1]},
{"frame":64,"values":[-0.9511,0,0.309,0,0,1,0,0,-0.309,0,-0.9511,0,0,0,0,1]},
{"frame":65,"values":[-0.9659,0,0.2588,0,0,1,0,0,-0.2588,0,-0.9659,0,0,0,0,1]},
{"frame":66,"values":[-0.9781,0,0.2079,0,0,1,0,0,-0.2079,0,-0.9781,0,0,0,0,1]},
{"frame":67,"values":[-0.9877,0,0.1564,0,0,1,0,0,-0.1564,0,-0.9877,0,0,0,0,1]},
{"frame":68,"values":[-0.9945,0,0.1045,0,0,1,0,0,-0.1045,0,-0.9945,0,0,0,0,1]},
{"frame":69,"values":[-0.9986,0,0.0523,0,0,1,0,0,-0.0523,0,-0.9986,0,0,0,0,1]},
{"frame":70,"values":[-1,0,0,0,0,1,0,0,0,0,-1,0,0,0,0,1]},
{"frame":71,"values":[-0.9986,0,-0.0523,0,0,1,0,0,0.0523,0,-0.9986,0,0,0,0,1]},
{"frame":72,"values":[-0.9945,0,-0.1045,0,0,1,0,0,0.1045,0,-0.9945,0,0,0,0,1]},
{"frame":73,"values":[-0.9877,0,-0.1564,0,0,1,0,0,0.1564,0,-0.9877,0,0,0,0,1]},
{"frame":74,"values":[-0.9781,0,-0.2079,0,0,1,0,0,0.2079,0,-0.9781,0,0,0,0,1]},
{"frame":75,"values":[-0.9659,0,-0.2588,0,0,1,0,0,0.2588,0,-0.9659,0,0,0,0,1]},
{"frame":76,"values":[-0.9511,0,-0.309,0,0,1,0,0,0.309,0,-0.9511,0,0,0,0,1]},
{"frame":77,"values":[-0.9336,0,-0.3584,0,0,1,0,0,0.3584,0,-0.9336,0,0,0,0,1]},
{"frame":78,"values":[-0.9135,0,-0.4067,0,0,1,0,0,0.4067,0,-0.9135,0,0,0,0,1]},
{"frame":79,"values":[-0.891,0,-0.454,0,0,1,0,0,0.454,0,-0.891,0,0,0,0,1]},
{"frame":80,"values":[-0.866,0,-0.5,0,0,1,0,0,0.5,0,-0.866,0,0,0,0,1]},
{"frame":81,"values":[-0.8387,0,-0.5446,0,0,1,0,0,0.5446,0,-0.8387,0,0,0,0,1]},
{"frame":82,"values":[-0.809,0,-0.5878,0,0,1,0,0,0.5878,0,-0.809,0,0,0,0,1]},
{"frame":83,"values":[-0.7771,0,-0.6293,0,0,1,0,0,0.6293,0,-0.7771,0,0,0,0,1]},
{"frame":84,"values":[-0.7431,0,-0.6691,0,0,1,0,0,0.6691,0,-0.7431,0,0,0,0,1]},
{"frame":85,"values":[-0.7071,0,-0.7071,0,0,1,0,0,0.7071,0,-0.7071,0,0,0,0,1]},
{"frame":86,"values":[-0.6691,0,-0.7431,0,0,1,0,0,0.7431,0,-0.6691,0,0,0,0,1]},
{"frame":87,"values":[-0.6293,0,-0.7771,0,0,1,0,0,0.7771,0,-0.6293,0,0,0,0,1]},
{"frame":88,"values":[-0.5878,0,-0.809,0,0,1,0,0,0.809,0,-0.5878,0,0,0,0,1]},
{"frame":89,"values":[-0.5446,0,-0.8387,0,0,1,0,0,0.8387,0,-0.5446,0,0,0,0,1]},
{"frame":90,"values":[-0.5,0,-0.866,0,0,1,0,0,0.866,0,-0.5,0,0,0,0,1]},
{"frame":91,"values":[-0.454,0,-0.891,0,0,1,0,0,0.891,0,-0.454,0,0,0,0,1]},
{"frame":92,"values":[-0.4067,0,-0.9135,0,0,1,0,0,0.9135,0,-0.4067,0,0,0,0,1]},
{"frame":93,"values":[-0.3584,0,-0.9336,0,0,1,0,0,0.9336,0,-0.3584,0,0,0,0,1]},
{"frame":94,"values":[-0.309,0,-0.9511,0,0,1,0,0,0.9511,0,-0.309,0,0,0,0,1]},
{"frame":95,"values":[-0.2588,0,-0.9659,0,0,1,0,0,0.9659,0,-0.2588,0,0,0,0,1]},
{"frame":96,"values":[-0.2079,0,-0.9781,0,0,1,0,0,0.9781,0,-0.2079,0,0,0,0,1]},
{"frame":97,"values":[-0.1564,0,-0.9877,0,0,1,0,0,0.9877,0,-0.1564,0,0,0,0,1]},
{"frame":98,"values":[-0.1045,0,-0.9945,0,0,1,0,0,0.9945,0,-0.1045,0,0,0,0,1]},
{"frame":99,"values":[-0.0523,0,-0.9986,0,0,1,0,0,0.9986,0,-0.0523,0,0,0,0,1]},
{"frame":100,"values":[0,0,-1,0,0,1,0,0,1,0,0,0,0,0,0,1]},
{"frame":101,"values":[0.0523,0,-0.9986,0,0,1,0,0,0.9986,0,0.0523,0,0,0,0,1]},
{"frame":102,"values":[0.1045,0,-0.9945,0,0,1,0,0,0.9945,0,0.1045,0,0,0,0,1]},
{"frame":103,"values":[0.1564,0,-0.9877,0,0,1,0,0,0.9877,0,0.1564,0,0,0,0,1]},
{"frame":104,"values":[0.2079,0,-0.9781,0,0,1,0,0,0.9781,0,0.2079,0,0,0,0,1]},
{"frame":105,"values":[0.2588,0,-0.9659,0,0,1,0,0,0.9659,0,0.2588,0,0,0,0,1]},
{"frame":106,"values":[0.309,0,-0.9511,0,0,1,0,0,0.9511,0,0.309,0,0,0,0,1]},
{"frame":107,"values":[0.3584,0,-0.9336,0,0,1,0,0,0.9336,0,0.3584,0,0,0,0,1]},
{"frame":108,"values":[0.4067,0,-0.9135,0,0,1,0,0,0.9135,0,0.4067,0,0,0,0,1]},
{"frame":109,"values":[0.454,0,-0.891,0,0,1,0,0,0.891,0,0.454,0,0,0,0,1]},
{"frame":110,"values":[0.5,0,-0.866,0,0,1,0,0,0.866,0,0.5,0,0,0,0,1]},
{"frame":111,"values":[0.5446,0,-0.8387,0,0,1,0,0,0.8387,0,0.5446,0,0,0,0,1]},
{"frame":112,"values":[0.5878,0,-0.809,0,0,1,0,0,0.809,0,0.5878,0,0,0,0,1]},
{"frame":113,"values":[0.6293,0,-0.7771,0,0,1,0,0,0.7771,0,0.6293,0,0,0,0,1]},
{"frame":114,"values":[0.6691,0,-0.7431,0,0,1,0,0,0.7431,0,0.6691,0,0,0,0,1]},
{"frame":115,"values":[0.7071,0,-0.7071,0,0,1,0,0,0.7071,0,0.7071,0,0,0,0,1]},
{"frame":116,"values":[0.7431,0,-0.6691,0,0,1,0,0,0.6691,0,0.7431,0,0,0,0,1]},
{"frame":117,"values":[0.7771,0,-0.6293,0,0,1,0,0,0.6293,0,0.7771,0,0,0,0,1]},
{"frame":118,"values":[0.809,0,-0.5878,0,0,1,0,0,0.5878,0,0.809,0,0,0,0,1]},
{"frame":119,"values":[0.8387,0,-0.5446,0,0,1,0,0,0.5446,0,0.8387,0,0,0,0,1]},
{"frame":120,"values":[0.866,0,-0.5,0,0,1,0,0,0.5,0,0.866,0,0,0,0,1]},
{"frame":121,"values":[0.891,0,-0.454,0,0,1,0,0,0.454,0,0.891,0,0,0,0,1]},
{"frame":122,"values":[0.9135,0,-0.4067,0,0,1,0,0,0.4067,0,0.9135,0,0,0,0,1]},
{"frame":123,"values":[0.9336,0,-0.3584,0,0,1,0,0,0.3584,0,0.9336,0,0,0,0,1]},
{"frame":124,"values":[0.9511,0,-0.309,0,0,1,0,0,0.309,0,0.9511,0,0,0,0,1]},
{"frame":125,"values":[0.9659,0,-0.2588,0,0,1,0,0,0.2588,0,0.9659,0,0,0,0,1]},
{"frame":126,"values":[0.9781,0,-0.2079,0,0,1,0,0,0.2079,0,0.9781,0,0,0,0,1]},
{"frame":127,"values":[0.9877,0,-0.1564,0,0,1,0,0,0.1564,0,0.9877,0,0,0,0,1]},
{"frame":128,"values":[0.9945,0,-0.1045,0,0,1,0,0,0.1045,0,0.9945,0,0,0,0,1]},
{"frame":129,"values":[0.9986,0,-0.0523,0,0,1,0,0,0.0523,0,0.9986,0,0,0,0,1]},
{"frame":130,"values":[1,0,0,0,0,1,0,0,0,0,1,0,0,0,0,1]},
{"frame":140,"values":[1,0,0,0,0,1,0,0,0,0,1,0,0,0,0,1]},
{"frame":141,"values":[1,0,0,0,0,1,0,0,0,0,1,0,0,0,0,1]}],"loopBehavior":1,"name":"anim","property":"_matrix"}},
{"name":"outerRingRot","index":3,"matrix":[1,0,0,0,0,1,0,0,0,0,1,0,0,0,-1,1],"rest":[1,0,0,0,0,1,0,0,0,0,1,0,0,0,-1,1],"parentBoneIndex":0,"length":1
,"animation":{"dataType":3,"framePerSecond":30,"keys":[
{"frame":0,"values":[0.7071,0.7071,0,0,0,0,-1,0,-0.7071,0.7071,0,0,0,-0.1127,-0.0695,1]},
{"frame":1,"values":[0.7071,0.7071,0,0,0,0,-1,0,-0.7071,0.7071,0,0,0,-0.1127,-0.0695,1]},
{"frame":10,"values":[0.7071,0,0.7071,0,0,1,0,0,-0.7071,0,0.7071,0,0,0,-1,1]},
{"frame":11,"values":[0.7251,-0.019,0.6884,0,-0.0099,0.9992,0.038,0,-0.6885,-0.0343,0.7244,0,0,0,-1,1]},
{"frame":12,"values":[0.7421,-0.0389,0.6691,0,-0.0178,0.9968,0.0777,0,-0.67,-0.0696,0.7391,0,0,0,-1,1]},
{"frame":13,"values":[0.7581,-0.0597,0.6494,0,-0.0238,0.9926,0.119,0,-0.6517,-0.1056,0.751,0,0,0,-1,1]},
{"frame":14,"values":[0.7729,-0.0812,0.6293,0,-0.0279,0.9865,0.1616,0,-0.6339,-0.1424,0.7602,0,0,0,-1,1]},
{"frame":15,"values":[0.7866,-0.1036,0.6088,0,-0.0301,0.9782,0.2053,0,-0.6168,-0.1799,0.7663,0,0,0,-1,1]},
{"frame":16,"values":[0.7991,-0.1266,0.5878,0,-0.0306,0.9678,0.25,0,-0.6005,-0.2178,0.7694,0,0,0,-1,1]},
{"frame":17,"values":[0.8103,-0.1502,0.5664,0,-0.0295,0.9549,0.2953,0,-0.5852,-0.256,0.7694,0,0,0,-1,1]},
{"frame":18,"values":[0.8203,-0.1744,0.5446,0,-0.0267,0.9396,0.3411,0,-0.5712,-0.2944,0.7662,0,0,0,-1,1]},
{"frame":19,"values":[0.8291,-0.199,0.5225,0,-0.0227,0.9218,0.3871,0,-0.5587,-0.3328,0.7597,0,0,0,-1,1]},
{"frame":20,"values":[0.8365,-0.2241,0.5,0,-0.0173,0.9012,0.433,0,-0.5477,-0.3709,0.75,0,0,0,-1,1]},
{"frame":21,"values":[0.8426,-0.2496,0.4772,0,-0.011,0.8779,0.4786,0,-0.5384,-0.4086,0.737,0,0,0,-1,1]},
{"frame":22,"values":[0.8474,-0.2753,0.454,0,-0.0038,0.8519,0.5237,0,-0.5309,-0.4455,0.7208,0,0,0,-1,1]},
{"frame":23,"values":[0.8508,-0.3013,0.4305,0,0.004,0.823,0.568,0,-0.5255,-0.4815,0.7014,0,0,0,-1,1]},
{"frame":24,"values":[0.8529,-0.3274,0.4067,0,0.0122,0.7913,0.6113,0,-0.522,-0.5164,0.6789,0,0,0,-1,1]},
{"frame":25,"values":[0.8536,-0.3536,0.3827,0,0.0206,0.7568,0.6533,0,-0.5206,-0.5497,0.6533,0,0,0,-1,1]},
{"frame":26,"values":[0.8529,-0.3797,0.3584,0,0.0289,0.7196,0.6938,0,-0.5213,-0.5814,0.6247,0,0,0,-1,1]},
{"frame":27,"values":[0.8508,-0.4058,0.3338,0,0.0368,0.6797,0.7326,0,-0.5242,-0.611,0.5932,0,0,0,-1,1]},
{"frame":28,"values":[0.8474,-0.4318,0.309,0,0.0441,0.6372,0.7694,0,-0.5291,-0.6384,0.559,0,0,0,-1,1]},
{"frame":29,"values":[0.8426,-0.4575,0.284,0,0.0505,0.5923,0.8041,0,-0.5361,-0.6632,0.5222,0,0,0,-1,1]},
{"frame":30,"values":[0.8365,-0.483,0.2588,0,0.0559,0.5451,0.8365,0,-0.5451,-0.6853,0.483,0,0,0,-1,1]},
{"frame":31,"values":[0.8291,-0.5081,0.2334,0,0.0599,0.4958,0.8664,0,-0.5559,-0.7043,0.4414,0,0,0,-1,1]},
{"frame":32,"values":[0.8203,-0.5327,0.2079,0,0.0622,0.4446,0.8936,0,-0.5685,-0.7201,0.3978,0,0,0,-1,1]},
{"frame":33,"values":[0.8103,-0.5569,0.1822,0,0.0628,0.3917,0.9179,0,-0.5826,-0.7324,0.3524,0,0,0,-1,1]},
{"frame":34,"values":[0.7991,-0.5805,0.1564,0,0.0613,0.3374,0.9393,0,-0.5981,-0.741,0.3052,0,0,0,-1,1]},
{"frame":35,"values":[0.7866,-0.6036,0.1305,0,0.0575,0.2821,0.9577,0,-0.6148,-0.7458,0.2566,0,0,0,-1,1]},
{"frame":36,"values":[0.7729,-0.6259,0.1045,0,0.0514,0.2259,0.9728,0,-0.6325,-0.7465,0.2068,0,0,0,-1,1]},
{"frame":37,"values":[0.7581,-0.6474,0.0785,0,0.0427,0.1693,0.9846,0,-0.6508,-0.7431,0.156,0,0,0,-1,1]},
{"frame":38,"values":[0.7421,-0.6682,0.0523,0,0.0313,0.1125,0.9932,0,-0.6695,-0.7354,0.1044,0,0,0,-1,1]},
{"frame":39,"values":[0.7251,-0.6881,0.0262,0,0.0171,0.056,0.9983,0,-0.6884,-0.7234,0.0523,0,0,0,-1,1]},
{"frame":40,"values":[0.7071,-0.7071,0,0,0,0,1,0,-0.7071,-0.7071,0,0,0,0,-1,1]},
{"frame":41,"values":[0.7244,-0.6874,-0.0523,0,0.0019,-0.0739,0.9973,0,-0.6894,-0.7225,-0.0523,0,0,0,-1,1]},
{"frame":42,"values":[0.7391,-0.6655,-0.1045,0,0.0073,-0.1472,0.9891,0,-0.6736,-0.7318,-0.104,0,0,0,-1,1]},
{"frame":43,"values":[0.751,-0.6415,-0.1564,0,0.0159,-0.2193,0.9755,0,-0.6601,-0.7352,-0.1545,0,0,0,-1,1]},
{"frame":44,"values":[0.7602,-0.6156,-0.2079,0,0.0272,-0.2896,0.9568,0,-0.6492,-0.733,-0.2034,0,0,0,-1,1]},
{"frame":45,"values":[0.7663,-0.588,-0.2588,0,0.0408,-0.3575,0.933,0,-0.6412,-0.7255,-0.25,0,0,0,-1,1]},
{"frame":46,"values":[0.7694,-0.559,-0.309,0,0.0561,-0.4227,0.9045,0,-0.6363,-0.7133,-0.2939,0,0,0,-1,1]},
{"frame":47,"values":[0.7694,-0.5288,-0.3584,0,0.0727,-0.4848,0.8716,0,-0.6346,-0.6966,-0.3346,0,0,0,-1,1]},
{"frame":48,"values":[0.7662,-0.4976,-0.4067,0,0.0901,-0.5435,0.8346,0,-0.6363,-0.6761,-0.3716,0,0,0,-1,1]},
{"frame":49,"values":[0.7597,-0.4655,-0.454,0,0.1077,-0.5984,0.7939,0,-0.6413,-0.652,-0.4045,0,0,0,-1,1]},
{"frame":50,"values":[0.75,-0.433,-0.5,0,0.125,-0.6495,0.75,0,-0.6495,-0.625,-0.433,0,0,0,-1,1]},
{"frame":51,"values":[0.737,-0.4002,-0.5446,0,0.1415,-0.6966,0.7034,0,-0.6609,-0.5955,-0.4568,0,0,0,-1,1]},
{"frame":52,"values":[0.7208,-0.3673,-0.5878,0,0.1568,-0.7396,0.6545,0,-0.6751,-0.564,-0.4755,0,0,0,-1,1]},
{"frame":53,"values":[0.7014,-0.3346,-0.6293,0,0.1705,-0.7786,0.604,0,-0.692,-0.5309,-0.4891,0,0,0,-1,1]},
{"frame":54,"values":[0.6789,-0.3023,-0.6691,0,0.1821,-0.8135,0.5523,0,-0.7113,-0.4968,-0.4973,0,0,0,-1,1]},
{"frame":55,"values":[0.6533,-0.2706,-0.7071,0,0.1913,-0.8446,0.5,0,-0.7325,-0.4619,-0.5,0,0,0,-1,1]},
{"frame":56,"values":[0.6247,-0.2398,-0.7431,0,0.1979,-0.872,0.4477,0,-0.7554,-0.4268,-0.4973,0,0,0,-1,1]},
{"frame":57,"values":[0.5932,-0.2101,-0.7771,0,0.2016,-0.8958,0.396,0,-0.7794,-0.3916,-0.4891,0,0,0,-1,1]},
{"frame":58,"values":[0.559,-0.1816,-0.809,0,0.2023,-0.9164,0.3455,0,-0.8041,-0.3568,-0.4755,0,0,0,-1,1]},
{"frame":59,"values":[0.5222,-0.1547,-0.8387,0,0.1998,-0.9339,0.2966,0,-0.8291,-0.3224,-0.4568,0,0,0,-1,1]},
{"frame":60,"values":[0.483,-0.1294,-0.866,0,0.1941,-0.9486,0.25,0,-0.8539,-0.2888,-0.433,0,0,0,-1,1]},
{"frame":61,"values":[0.4414,-0.106,-0.891,0,0.1853,-0.9608,0.2061,0,-0.8779,-0.2561,-0.4045,0,0,0,-1,1]},
{"frame":62,"values":[0.3978,-0.0846,-0.9135,0,0.1735,-0.9708,0.1654,0,-0.9009,-0.2243,-0.3716,0,0,0,-1,1]},
{"frame":63,"values":[0.3524,-0.0653,-0.9336,0,0.1588,-0.9789,0.1284,0,-0.9223,-0.1935,-0.3346,0,0,0,-1,1]},
{"frame":64,"values":[0.3052,-0.0483,-0.9511,0,0.1415,-0.9853,0.0955,0,-0.9417,-0.1637,-0.2939,0,0,0,-1,1]},
{"frame":65,"values":[0.2566,-0.0338,-0.9659,0,0.1218,-0.9903,0.067,0,-0.9588,-0.1348,-0.25,0,0,0,-1,1]},
{"frame":66,"values":[0.2068,-0.0217,-0.9781,0,0.1,-0.994,0.0432,0,-0.9733,-0.1068,-0.2034,0,0,0,-1,1]},
{"frame":67,"values":[0.156,-0.0123,-0.9877,0,0.0765,-0.9968,0.0245,0,-0.9848,-0.0794,-0.1545,0,0,0,-1,1]},
{"frame":68,"values":[0.1044,-0.0055,-0.9945,0,0.0518,-0.9986,0.0109,0,-0.9932,-0.0526,-0.104,0,0,0,-1,1]},
{"frame":69,"values":[0.0523,-0.0014,-0.9986,0,0.0261,-0.9997,0.0027,0,-0.9983,-0.0262,-0.0523,0,0,0,-1,1]},
{"frame":70,"values":[0,0,-1,0,0,-1,0,0,-1,0,0,0,0,0,-1,1]},
{"frame":71,"values":[-0.0348,0.0025,-0.9994,0,-0.041,-0.9992,-0.0011,0,-0.9986,0.041,0.0349,0,0,0,-1,1]},
{"frame":72,"values":[-0.069,0.0101,-0.9976,0,-0.0821,-0.9966,-0.0044,0,-0.9942,0.0816,0.0696,0,0,0,-1,1]},
{"frame":73,"values":[-0.102,0.0227,-0.9945,0,-0.1233,-0.9923,-0.01,0,-0.9871,0.1216,0.1041,0,0,0,-1,1]},
{"frame":74,"values":[-0.1333,0.04,-0.9903,0,-0.1646,-0.9862,-0.0177,0,-0.9773,0.1606,0.138,0,0,0,-1,1]},
{"frame":75,"values":[-0.1622,0.0619,-0.9848,0,-0.206,-0.9782,-0.0275,0,-0.965,0.1984,0.1715,0,0,0,-1,1]},
{"frame":76,"values":[-0.1884,0.088,-0.9781,0,-0.2475,-0.9681,-0.0395,0,-0.9504,0.2346,0.2041,0,0,0,-1,1]},
{"frame":77,"values":[-0.2111,0.1181,-0.9703,0,-0.289,-0.9558,-0.0535,0,-0.9338,0.2691,0.2359,0,0,0,-1,1]},
{"frame":78,"values":[-0.2301,0.1517,-0.9613,0,-0.3305,-0.9412,-0.0695,0,-0.9153,0.3018,0.2667,0,0,0,-1,1]},
{"frame":79,"values":[-0.2449,0.1885,-0.9511,0,-0.3719,-0.9241,-0.0874,0,-0.8954,0.3323,0.2964,0,0,0,-1,1]},
{"frame":80,"values":[-0.2551,0.2278,-0.9397,0,-0.413,-0.9044,-0.1071,0,-0.8743,0.3608,0.3248,0,0,0,-1,1]},
{"frame":81,"values":[-0.2606,0.2692,-0.9272,0,-0.4536,-0.8819,-0.1286,0,-0.8523,0.387,0.3519,0,0,0,-1,1]},
{"frame":82,"values":[-0.2609,0.3121,-0.9135,0,-0.4934,-0.8565,-0.1517,0,-0.8298,0.4112,0.3774,0,0,0,-1,1]},
{"frame":83,"values":[-0.2559,0.3559,-0.8988,0,-0.5322,-0.828,-0.1763,0,-0.807,0.4332,0.4013,0,0,0,-1,1]},
{"frame":84,"values":[-0.2456,0.4001,-0.8829,0,-0.5698,-0.7965,-0.2024,0,-0.7842,0.4534,0.4236,0,0,0,-1,1]},
{"frame":85,"values":[-0.2299,0.444,-0.866,0,-0.6057,-0.7618,-0.2299,0,-0.7618,0.4717,0.444,0,0,0,-1,1]},
{"frame":86,"values":[-0.2087,0.4871,-0.848,0,-0.6395,-0.724,-0.2585,0,-0.7399,0.4884,0.4626,0,0,0,-1,1]},
{"frame":87,"values":[-0.1822,0.5287,-0.829,0,-0.671,-0.6831,-0.2881,0,-0.7187,0.5038,0.4792,0,0,0,-1,1]},
{"frame":88,"values":[-0.1506,0.5682,-0.809,0,-0.6998,-0.6393,-0.3188,0,-0.6983,0.5181,0.4938,0,0,0,-1,1]},
{"frame":89,"values":[-0.1139,0.605,-0.788,0,-0.7253,-0.5927,-0.3502,0,-0.6789,0.5317,0.5064,0,0,0,-1,1]},
{"frame":90,"values":[-0.0727,0.6387,-0.766,0,-0.7473,-0.5435,-0.3823,0,-0.6605,0.5447,0.5168,0,0,0,-1,1]},
{"frame":91,"values":[-0.027,0.6686,-0.7431,0,-0.7654,-0.4921,-0.4148,0,-0.643,0.5576,0.525,0,0,0,-1,1]},
{"frame":92,"values":[0.0226,0.6943,-0.7193,0,-0.7791,-0.4387,-0.4478,0,-0.6265,0.5706,0.5311,0,0,0,-1,1]},
{"frame":93,"values":[0.0756,0.7154,-0.6947,0,-0.7883,-0.3837,-0.481,0,-0.6106,0.584,0.5349,0,0,0,-1,1]},
{"frame":94,"values":[0.1317,0.7314,-0.6691,0,-0.7926,-0.3277,-0.5143,0,-0.5954,0.5981,0.5365,0,0,0,-1,1]},
{"frame":95,"values":[0.1903,0.742,-0.6428,0,-0.7917,-0.2711,-0.5474,0,-0.5805,0.6131,0.5358,0,0,0,-1,1]},
{"frame":96,"values":[0.2509,0.747,-0.6157,0,-0.7856,-0.2145,-0.5804,0,-0.5657,0.6292,0.533,0,0,0,-1,1]},
{"frame":97,"values":[0.3127,0.7461,-0.5878,0,-0.774,-0.1585,-0.613,0,-0.5506,0.6466,0.528,0,0,0,-1,1]},
{"frame":98,"values":[0.3753,0.7392,-0.5592,0,-0.7571,-0.1037,-0.6451,0,-0.5348,0.6654,0.5208,0,0,0,-1,1]},
{"frame":99,"values":[0.4379,0.7262,-0.5299,0,-0.7347,-0.0506,-0.6765,0,-0.5181,0.6856,0.5114,0,0,0,-1,1]},
{"frame":100,"values":[0.5,0.7071,-0.5,0,-0.7071,0,-0.7071,0,-0.5,0.7071,0.5,0,0,0,-1,1]},
{"frame":101,"values":[0.5274,0.6977,-0.4848,0,-0.7143,0.0552,-0.6977,0,-0.46,0.7143,0.5274,0,0,0,-1,1]},
{"frame":102,"values":[0.5546,0.687,-0.4695,0,-0.7182,0.1103,-0.687,0,-0.4202,0.7182,0.5546,0,0,0,-1,1]},
{"frame":103,"values":[0.5815,0.6751,-0.454,0,-0.719,0.1652,-0.6751,0,-0.3808,0.719,0.5815,0,0,0,-1,1]},
{"frame":104,"values":[0.6079,0.662,-0.4384,0,-0.7166,0.2197,-0.662,0,-0.3419,0.7166,0.6079,0,0,0,-1,1]},
{"frame":105,"values":[0.634,0.6477,-0.4226,0,-0.7111,0.2735,-0.6477,0,-0.3039,0.7111,0.634,0,0,0,-1,1]},
{"frame":106,"values":[0.6595,0.6322,-0.4067,0,-0.7027,0.3264,-0.6322,0,-0.2669,0.7027,0.6595,0,0,0,-1,1]},
{"frame":107,"values":[0.6845,0.6155,-0.3907,0,-0.6915,0.3782,-0.6155,0,-0.2311,0.6915,0.6845,0,0,0,-1,1]},
{"frame":108,"values":[0.7088,0.5977,-0.3746,0,-0.6774,0.4287,-0.5977,0,-0.1966,0.6774,0.7088,0,0,0,-1,1]},
{"frame":109,"values":[0.7325,0.5788,-0.3584,0,-0.6608,0.4779,-0.5788,0,-0.1638,0.6608,0.7325,0,0,0,-1,1]},
{"frame":110,"values":[0.7555,0.5588,-0.342,0,-0.6416,0.5254,-0.5588,0,-0.1326,0.6416,0.7555,0,0,0,-1,1]},
{"frame":111,"values":[0.7777,0.5378,-0.3256,0,-0.6201,0.5711,-0.5378,0,-0.1033,0.6201,0.7777,0,0,0,-1,1]},
{"frame":112,"values":[0.7991,0.5158,-0.309,0,-0.5964,0.615,-0.5158,0,-0.076,0.5964,0.7991,0,0,0,-1,1]},
{"frame":113,"values":[0.8196,0.4928,-0.2924,0,-0.5707,0.6568,-0.4928,0,-0.0508,0.5707,0.8196,0,0,0,-1,1]},
{"frame":114,"values":[0.8392,0.4688,-0.2756,0,-0.5432,0.6965,-0.4688,0,-0.0278,0.5432,0.8392,0,0,0,-1,1]},
{"frame":115,"values":[0.8578,0.444,-0.2588,0,-0.5139,0.734,-0.444,0,-0.0072,0.5139,0.8578,0,0,0,-1,1]},
{"frame":116,"values":[0.8755,0.4184,-0.2419,0,-0.4832,0.7691,-0.4184,0,0.011,0.4832,0.8755,0,0,0,-1,1]},
{"frame":117,"values":[0.8921,0.3919,-0.225,0,-0.4511,0.8018,-0.3919,0,0.0267,0.4511,0.8921,0,0,0,-1,1]},
{"frame":118,"values":[0.9076,0.3647,-0.2079,0,-0.4179,0.832,-0.3647,0,0.04,0.4179,0.9076,0,0,0,-1,1]},
{"frame":119,"values":[0.922,0.3369,-0.1908,0,-0.3838,0.8598,-0.3369,0,0.0506,0.3838,0.922,0,0,0,-1,1]},
{"frame":120,"values":[0.9353,0.3083,-0.1736,0,-0.349,0.885,-0.3083,0,0.0586,0.349,0.9353,0,0,0,-1,1]},
{"frame":121,"values":[0.9474,0.2792,-0.1564,0,-0.3136,0.9076,-0.2792,0,0.064,0.3136,0.9474,0,0,0,-1,1]},
{"frame":122,"values":[0.9583,0.2496,-0.1392,0,-0.2778,0.9277,-0.2496,0,0.0668,0.2778,0.9583,0,0,0,-1,1]},
{"frame":123,"values":[0.968,0.2194,-0.1219,0,-0.2419,0.9452,-0.2194,0,0.067,0.2419,0.968,0,0,0,-1,1]},
{"frame":124,"values":[0.9764,0.1889,-0.1045,0,-0.2059,0.9602,-0.1889,0,0.0647,0.2059,0.9764,0,0,0,-1,1]},
{"frame":125,"values":[0.9836,0.1579,-0.0872,0,-0.1702,0.9727,-0.1579,0,0.0598,0.1702,0.9836,0,0,0,-1,1]},
{"frame":126,"values":[0.9895,0.1267,-0.0698,0,-0.1348,0.9827,-0.1267,0,0.0525,0.1348,0.9895,0,0,0,-1,1]},
{"frame":127,"values":[0.9941,0.0953,-0.0523,0,-0.0999,0.9904,-0.0953,0,0.0428,0.0999,0.9941,0,0,0,-1,1]},
{"frame":128,"values":[0.9974,0.0636,-0.0349,0,-0.0657,0.9958,-0.0636,0,0.0307,0.0657,0.9974,0,0,0,-1,1]},
{"frame":129,"values":[0.9993,0.0318,-0.0175,0,-0.0324,0.999,-0.0318,0,0.0164,0.0324,0.9993,0,0,0,-1,1]},
{"frame":130,"values":[1,0,0,0,0,1,0,0,0,0,1,0,0,0,-1,1]},
{"frame":140,"values":[1,0,0,0,0,1,0,0,0,0,1,0,0,0,-1,1]},
{"frame":141,"values":[1,0,0,0,0,1,0,0,0,0,1,0,0,0,-1,1]}],"loopBehavior":1,"name":"anim","property":"_matrix"}},
{"name":"eye","index":4,"matrix":[1,0,0,0,0,1,0,0,0,0,1,0,0,0,0,1],"rest":[1,0,0,0,0,1,0,0,0,0,1,0,0,0,0,1],"parentBoneIndex":16,"length":1
,"animation":{"dataType":3,"framePerSecond":30,"keys":[
{"frame":0,"values":[1,0,0,0,0,1,0,0,0,0,1,0,0,0,0,1]},
{"frame":1,"values":[1,0,0,0,0,1,0,0,0,0,1,0,0,0,0,1]},
{"frame":10,"values":[1,0,0,0,0,1,0,0,0,0,1,0,0,0,0,1]},
{"frame":130,"values":[1,0,0,0,0,1,0,0,0,0,1,0,0,0,0,1]},
{"frame":140,"values":[1,0,0,0,0,1,0,0,0,0,1,0,0,0,0,1]},
{"frame":141,"values":[1,0,0,0,0,1,0,0,0,0,1,0,0,0,0,1]}],"loopBehavior":1,"name":"anim","property":"_matrix"}},
{"name":"wing2.L","index":5,"matrix":[-0.7777,0.4715,-0.4158,0,-0.4715,0,0.8819,0,0.4158,0.8819,0.2223,0,-0.0805,0,0.0834,1],"rest":[-0.7777,0.4715,-0.4158,0,-0.4715,0,0.8819,0,0.4158,0.8819,0.2223,0,-0.0805,0,0.0834,1],"parentBoneIndex":4,"length":0.3266
,"animation":{"dataType":3,"framePerSecond":30,"keys":[
{"frame":0,"values":[-0.684,0.5994,-0.4158,0,-0.4643,0.0819,0.8819,0,0.5626,0.7963,0.2223,0,-0.0805,0,0.0834,1]},
{"frame":1,"values":[-0.684,0.5994,-0.4158,0,-0.4643,0.0819,0.8819,0,0.5626,0.7963,0.2223,0,-0.0805,0,0.0834,1]},
{"frame":10,"values":[-0.684,0.5994,-0.4158,0,-0.4643,0.0819,0.8819,0,0.5626,0.7963,0.2223,0,-0.0805,0,0.0834,1]},
{"frame":11,"values":[-0.685,0.595,-0.4203,0,-0.4698,0.0801,0.8791,0,0.5568,0.7997,0.2247,0,-0.0805,0,0.0834,1]},
{"frame":12,"values":[-0.686,0.5907,-0.4248,0,-0.4753,0.0783,0.8763,0,0.5509,0.8031,0.227,0,-0.0805,0,0.0834,1]},
{"frame":13,"values":[-0.6869,0.5864,-0.4293,0,-0.4807,0.0764,0.8735,0,0.545,0.8064,0.2294,0,-0.0805,0,0.0834,1]},
{"frame":14,"values":[-0.6878,0.582,-0.4338,0,-0.4861,0.0745,0.8707,0,0.5391,0.8098,0.2317,0,-0.0805,0,0.0834,1]},
{"frame":15,"values":[-0.6886,0.5776,-0.4384,0,-0.4915,0.0726,0.8678,0,0.5331,0.8131,0.2339,0,-0.0805,0,0.0834,1]},
{"frame":16,"values":[-0.6894,0.5732,-0.4429,0,-0.4969,0.0707,0.8649,0,0.5271,0.8163,0.2361,0,-0.0805,0,0.0834,1]},
{"frame":17,"values":[-0.6901,0.5688,-0.4474,0,-0.5023,0.0687,0.862,0,0.521,0.8196,0.2383,0,-0.0805,0,0.0834,1]},
{"frame":18,"values":[-0.6908,0.5644,-0.452,0,-0.5076,0.0667,0.859,0,0.515,0.8228,0.2404,0,-0.0805,0,0.0834,1]},
{"frame":19,"values":[-0.6914,0.56,-0.4565,0,-0.5129,0.0646,0.856,0,0.5088,0.826,0.2425,0,-0.0805,0,0.0834,1]},
{"frame":20,"values":[-0.692,0.5555,-0.461,0,-0.5182,0.0625,0.853,0,0.5027,0.8291,0.2446,0,-0.0805,0,0.0834,1]},
{"frame":21,"values":[-0.6925,0.5511,-0.4656,0,-0.5234,0.0604,0.8499,0,0.4965,0.8323,0.2466,0,-0.0805,0,0.0834,1]},
{"frame":22,"values":[-0.693,0.5466,-0.4701,0,-0.5286,0.0582,0.8469,0,0.4903,0.8354,0.2486,0,-0.0805,0,0.0834,1]},
{"frame":23,"values":[-0.6934,0.5421,-0.4747,0,-0.5338,0.056,0.8437,0,0.484,0.8384,0.2506,0,-0.0805,0,0.0834,1]},
{"frame":24,"values":[-0.6937,0.5377,-0.4792,0,-0.539,0.0538,0.8406,0,0.4777,0.8414,0.2525,0,-0.0805,0,0.0834,1]},
{"frame":25,"values":[-0.694,0.5332,-0.4838,0,-0.5441,0.0515,0.8374,0,0.4714,0.8444,0.2544,0,-0.0805,0,0.0834,1]},
{"frame":26,"values":[-0.6943,0.5287,-0.4883,0,-0.5492,0.0492,0.8342,0,0.4651,0.8474,0.2562,0,-0.0805,0,0.0834,1]},
{"frame":27,"values":[-0.6945,0.5242,-0.4928,0,-0.5543,0.0469,0.831,0,0.4587,0.8503,0.258,0,-0.0805,0,0.0834,1]},
{"frame":28,"values":[-0.6947,0.5197,-0.4974,0,-0.5594,0.0445,0.8277,0,0.4523,0.8532,0.2598,0,-0.0805,0,0.0834,1]},
{"frame":29,"values":[-0.6948,0.5151,-0.5019,0,-0.5644,0.0421,0.8244,0,0.4458,0.8561,0.2615,0,-0.0805,0,0.0834,1]},
{"frame":30,"values":[-0.6948,0.5106,-0.5065,0,-0.5694,0.0396,0.8211,0,0.4393,0.8589,0.2632,0,-0.0805,0,0.0834,1]},
{"frame":31,"values":[-0.6948,0.5061,-0.511,0,-0.5743,0.0372,0.8178,0,0.4329,0.8617,0.2648,0,-0.0805,0,0.0834,1]},
{"frame":32,"values":[-0.6948,0.5015,-0.5155,0,-0.5793,0.0347,0.8144,0,0.4263,0.8644,0.2664,0,-0.0805,0,0.0834,1]},
{"frame":33,"values":[-0.6947,0.497,-0.52,0,-0.5842,0.0321,0.811,0,0.4198,0.8672,0.268,0,-0.0805,0,0.0834,1]},
{"frame":34,"values":[-0.6945,0.4924,-0.5246,0,-0.589,0.0296,0.8076,0,0.4132,0.8698,0.2695,0,-0.0805,0,0.0834,1]},
{"frame":35,"values":[-0.6943,0.4879,-0.5291,0,-0.5938,0.027,0.8041,0,0.4066,0.8725,0.271,0,-0.0805,0,0.0834,1]},
{"frame":36,"values":[-0.694,0.4833,-0.5336,0,-0.5986,0.0243,0.8007,0,0.4,0.8751,0.2725,0,-0.0805,0,0.0834,1]},
{"frame":37,"values":[-0.6937,0.4788,-0.5381,0,-0.6034,0.0217,0.7972,0,0.3933,0.8777,0.2739,0,-0.0805,0,0.0834,1]},
{"frame":38,"values":[-0.6933,0.4742,-0.5426,0,-0.6081,0.019,0.7936,0,0.3866,0.8802,0.2752,0,-0.0805,0,0.0834,1]},
{"frame":39,"values":[-0.6929,0.4696,-0.5471,0,-0.6128,0.0163,0.7901,0,0.3799,0.8827,0.2765,0,-0.0805,0,0.0834,1]},
{"frame":40,"values":[-0.6924,0.4651,-0.5516,0,-0.6174,0.0135,0.7865,0,0.3732,0.8852,0.2778,0,-0.0805,0,0.0834,1]},
{"frame":41,"values":[-0.6919,0.4605,-0.5561,0,-0.6221,0.0107,0.7829,0,0.3665,0.8876,0.279,0,-0.0805,0,0.0834,1]},
{"frame":42,"values":[-0.6913,0.4559,-0.5605,0,-0.6266,0.0079,0.7793,0,0.3597,0.89,0.2802,0,-0.0805,0,0.0834,1]},
{"frame":43,"values":[-0.6907,0.4514,-0.565,0,-0.6312,0.0051,0.7756,0,0.3529,0.8923,0.2814,0,-0.0805,0,0.0834,1]},
{"frame":44,"values":[-0.69,0.4468,-0.5694,0,-0.6357,0.0022,0.772,0,0.3461,0.8946,0.2825,0,-0.0805,0,0.0834,1]},
{"frame":45,"values":[-0.6893,0.4422,-0.5739,0,-0.6401,-0.0007,0.7683,0,0.3393,0.8969,0.2836,0,-0.0805,0,0.0834,1]},
{"frame":46,"values":[-0.6885,0.4376,-0.5783,0,-0.6445,-0.0037,0.7646,0,0.3325,0.8991,0.2846,0,-0.0805,0,0.0834,1]},
{"frame":47,"values":[-0.6876,0.4331,-0.5827,0,-0.6489,-0.0066,0.7608,0,0.3256,0.9013,0.2856,0,-0.0805,0,0.0834,1]},
