{"producer":{"name":"Blender","version":"3.6.8","exporter_version":"2.93.5","file":"foxF.babylon"},
"autoClear":true,"clearColor":[0.0509,0.0509,0.0509],"gravity":[0,-9.81,0],
"skeletons":[{"name":"characterSkeleton","id":0,"dimensionsAtRest":[1.1693,1.2899,0.878],"bones":[
{"name":"ROOT","index":0,"matrix":[-1,0,0,0,0,0,-1,0,0,1,0,0,0,0,0,1],"rest":[-1,0,0,0,0,0,-1,0,0,1,0,0,0,0,0,1],"parentBoneIndex":-1,"length":0.2
,"animation":
{"name":"anim","property":"_matrix","dataType":3,"framePerSecond":30,"loopBehavior":1,"keys":[
{"frame":0,"values":[-1,0,0,0,0,0,-1,0,0,1,0,0,0,0,0,1]},
{"frame":1,"values":[-1,0,0,0,0,0,-1,0,0,1,0,0,0,0,0,1]},
{"frame":10,"values":[-1,0,0,0,0,0,-1,0,0,1,0,0,0,0,0,1]},
{"frame":11,"values":[-1,0,0,0,0,0,-1,0,0,1,0,0,0,0,0,1]},
{"frame":20,"values":[-1,0,0,0,0,0,-1,0,0,1,0,0,0,0,0,1]},
{"frame":21,"values":[-1,0,0,0,0,0,-1,0,0,1,0,0,0,0,0,1]},
{"frame":30,"values":[-1,0,0,0,0,0,-1,0,0,1,0,0,0,0,0,1]},
{"frame":31,"values":[-1,0,0,0,0,0,-1,0,0,1,0,0,0,0,0,1]},
{"frame":40,"values":[-1,0,0,0,0,0,-1,0,0,1,0,0,0,0,0,1]},
{"frame":41,"values":[-1,0,0,0,0,0,-1,0,0,1,0,0,0,0,0,1]},
{"frame":50,"values":[-1,0,0,0,0,0,-1,0,0,1,0,0,0,0,0,1]},
{"frame":51,"values":[-1,0,0,0,0,0,-1,0,0,1,0,0,0,0,0,1]},
{"frame":60,"values":[-1,0,0,0,0,0,-1,0,0,1,0,0,0,0,0,1]},
{"frame":61,"values":[-1,0,0,0,0,0,-1,0,0,1,0,0,0,0,0,1]},
{"frame":70,"values":[-1,0,0,0,0,0,-1,0,0,1,0,0,0,0,0,1]},
{"frame":71,"values":[-1,0,0,0,0,0,-1,0,0,1,0,0,0,0,0,1]},
{"frame":80,"values":[-1,0,0,0,0,0,-1,0,0,1,0,0,0,0,0,1]},
{"frame":81,"values":[-1,0,0,0,0,0,-1,0,0,1,0,0,0,0,0,1]},
{"frame":90,"values":[-1,0,0,0,0,0,-1,0,0,1,0,0,0,0,0,1]},
{"frame":91,"values":[-1,0,0,0,0,0,-1,0,0,1,0,0,0,0,0,1]},
{"frame":100,"values":[-1,0,0,0,0,0,-1,0,0,1,0,0,0,0,0,1]},
{"frame":101,"values":[-1,0,0,0,0,0,-1,0,0,1,0,0,0,0,0,1]},
{"frame":110,"values":[-1,0,0,0,0,0,-1,0,0,1,0,0,0,0,0,1]},
{"frame":111,"values":[-1,0,0,0,0,0,-1,0,0,1,0,0,0,0,0,1]},
{"frame":120,"values":[-1,0,0,0,0,0,-1,0,0,1,0,0,0,0,0,1]},
{"frame":121,"values":[-1,0,0,0,0,0,-1,0,0,1,0,0,0,0,0,1]},
{"frame":130,"values":[-1,0,0,0,0,0,-1,0,0,1,0,0,0,0,0,1]},
{"frame":131,"values":[-1,0,0,0,0,0,-1,0,0,1,0,0,0,0,0,1]},
{"frame":140,"values":[-1,0,0,0,0,0,-1,0,0,1,0,0,0,0,0,1]},
{"frame":141,"values":[-1,0,0,0,0,0,-1,0,0,1,0,0,0,0,0,1]},
{"frame":150,"values":[-1,0,0,0,0,0,-1,0,0,1,0,0,0,0,0,1]},
{"frame":151,"values":[-1,0,0,0,0,0,-1,0,0,1,0,0,0,0,0,1]},
{"frame":160,"values":[-1,0,0,0,0,0,-1,0,0,1,0,0,0,0,0,1]},
{"frame":200,"values":[-1,0,0,0,0,0,-1,0,0,1,0,0,0,0,0,1]},
{"frame":210,"values":[-1,0,0,0,0,0,-1,0,0,1,0,0,0,0,0,1]},
{"frame":211,"values":[-1,0,0,0,0,0,-1,0,0,1,0,0,0,0,0,1]},
{"frame":220,"values":[-1,0,0,0,0,0,-1,0,0,1,0,0,0,0,0,1]},
{"frame":267,"values":[-1,0,0,0,0,0,-1,0,0,1,0,0,0,0,0,1]},
{"frame":280,"values":[-1,0,0,0,0,0,-1,0,0,1,0,0,0,0,0,1]},
{"frame":281,"values":[-1,0,0,0,0,0,-1,0,0,1,0,0,0,0,0,1]},
{"frame":290,"values":[-1,0,0,0,0,0,-1,0,0,1,0,0,0,0,0,1]},
{"frame":322,"values":[-1,0,0,0,0,0,-1,0,0,1,0,0,0,0,0,1]},
{"frame":330,"values":[-1,0,0,0,0,0,-1,0,0,1,0,0,0,0,0,1]},
{"frame":362,"values":[-1,0,0,0,0,0,-1,0,0,1,0,0,0,0,0,1]},
{"frame":370,"values":[-1,0,0,0,0,0,-1,0,0,1,0,0,0,0,0,1]},
{"frame":402,"values":[-1,0,0,0,0,0,-1,0,0,1,0,0,0,0,0,1]},
{"frame":411,"values":[-1,0,0,0,0,0,-1,0,0,1,0,0,0,0,0,1]},
{"frame":442,"values":[-1,0,0,0,0,0,-1,0,0,1,0,0,0,0,0,1]},
{"frame":451,"values":[-1,0,0,0,0,0,-1,0,0,1,0,0,0,0,0,1]},
{"frame":482,"values":[-1,0,0,0,0,0,-1,0,0,1,0,0,0,0,0,1]},
{"frame":491,"values":[-1,0,0,0,0,0,-1,0,0,1,0,0,0,0,0,1]},
{"frame":522,"values":[-1,0,0,0,0,0,-1,0,0,1,0,0,0,0,0,1]},
{"frame":531,"values":[-1,0,0,0,0,0,-1,0,0,1,0,0,0,0,0,1]},
{"frame":562,"values":[-1,0,0,0,0,0,-1,0,0,1,0,0,0,0,0,1]},
{"frame":570,"values":[-1,0,0,0,0,0,-1,0,0,1,0,0,0,0,0,1]},
{"frame":571,"values":[-1,0,0,0,0,0,-1,0,0,1,0,0,0,0,0,1]},
{"frame":580,"values":[-1,0,0,0,0,0,-1,0,0,1,0,0,0,0,0,1]},
{"frame":581,"values":[-1,0,0,0,0,0,-1,0,0,1,0,0,0,0,0,1]},
{"frame":590,"values":[-1,0,0,0,0,0,-1,0,0,1,0,0,0,0,0,1]},
{"frame":591,"values":[-1,0,0,0,0,0,-1,0,0,1,0,0,0,0,0,1]},
{"frame":600,"values":[-1,0,0,0,0,0,-1,0,0,1,0,0,0,0,0,1]},
{"frame":601,"values":[-1,0,0,0,0,0,-1,0,0,1,0,0,0,0,0,1]},
{"frame":610,"values":[-1,0,0,0,0,0,-1,0,0,1,0,0,0,0,0,1]},
{"frame":612,"values":[-1,0,0,0,0,0,-1,0,0,1,0,0,0,0,0,1]},
{"frame":620,"values":[-1,0,0,0,0,0,-1,0,0,1,0,0,0,0,0,1]},
{"frame":621,"values":[-1,0,0,0,0,0,-1,0,0,1,0,0,0,0,0,1]},
{"frame":630,"values":[-1,0,0,0,0,0,-1,0,0,1,0,0,0,0,0,1]},
{"frame":631,"values":[-1,0,0,0,0,0,-1,0,0,1,0,0,0,0,0,1]},
{"frame":640,"values":[-1,0,0,0,0,0,-1,0,0,1,0,0,0,0,0,1]},
{"frame":641,"values":[-1,0,0,0,0,0,-1,0,0,1,0,0,0,0,0,1]},
{"frame":650,"values":[-1,0,0,0,0,0,-1,0,0,1,0,0,0,0,0,1]},
{"frame":651,"values":[-1,0,0,0,0,0,-1,0,0,1,0,0,0,0,0,1]},
{"frame":660,"values":[-1,0,0,0,0,0,-1,0,0,1,0,0,0,0,0,1]},
{"frame":692,"values":[-1,0,0,0,0,0,-1,0,0,1,0,0,0,0,0,1]},
{"frame":700,"values":[-1,0,0,0,0,0,-1,0,0,1,0,0,0,0,0,1]},
{"frame":732,"values":[-1,0,0,0,0,0,-1,0,0,1,0,0,0,0,0,1]},
{"frame":740,"values":[-1,0,0,0,0,0,-1,0,0,1,0,0,0,0,0,1]},
{"frame":772,"values":[-1,0,0,0,0,0,-1,0,0,1,0,0,0,0,0,1]},
{"frame":780,"values":[-1,0,0,0,0,0,-1,0,0,1,0,0,0,0,0,1]},
{"frame":812,"values":[-1,0,0,0,0,0,-1,0,0,1,0,0,0,0,0,1]},
{"frame":820,"values":[-1,0,0,0,0,0,-1,0,0,1,0,0,0,0,0,1]},
{"frame":852,"values":[-1,0,0,0,0,0,-1,0,0,1,0,0,0,0,0,1]},
{"frame":860,"values":[-1,0,0,0,0,0,-1,0,0,1,0,0,0,0,0,1]},
{"frame":892,"values":[-1,0,0,0,0,0,-1,0,0,1,0,0,0,0,0,1]},
{"frame":900,"values":[-1,0,0,0,0,0,-1,0,0,1,0,0,0,0,0,1]},
{"frame":932,"values":[-1,0,0,0,0,0,-1,0,0,1,0,0,0,0,0,1]},
{"frame":940,"values":[-1,0,0,0,0,0,-1,0,0,1,0,0,0,0,0,1]},
{"frame":972,"values":[-1,0,0,0,0,0,-1,0,0,1,0,0,0,0,0,1]},
{"frame":980,"values":[-1,0,0,0,0,0,-1,0,0,1,0,0,0,0,0,1]},
{"frame":1012,"values":[-1,0,0,0,0,0,-1,0,0,1,0,0,0,0,0,1]},
{"frame":1020,"values":[-1,0,0,0,0,0,-1,0,0,1,0,0,0,0,0,1]},
{"frame":1052,"values":[-1,0,0,0,0,0,-1,0,0,1,0,0,0,0,0,1]},
{"frame":1060,"values":[-1,0,0,0,0,0,-1,0,0,1,0,0,0,0,0,1]},
{"frame":1061,"values":[-1,0,0,0,0,0,-1,0,0,1,0,0,0,0,0,1]}]}},
{"name":"pelvis","index":1,"matrix":[-0.9848,0.1738,-0.0022,0,0.009,0.0637,0.9979,0,0.1736,0.9827,-0.0643,0,0,0.0138,0.325,1],"rest":[-1,0,0,0,0,-0.0018,1,0,0,1,0.0018,0,0,0.0138,0.325,1],"parentBoneIndex":0,"length":0.1352
,"animation":
{"name":"anim","property":"_matrix","dataType":3,"framePerSecond":30,"loopBehavior":1,"keys":[
{"frame":0,"values":[-0.9848,0.1738,-0.0022,0,0.009,0.0637,0.9979,0,0.1736,0.9827,-0.0643,0,0,0.0138,0.325,1]},
{"frame":1,"values":[-0.9848,0.1738,-0.0022,0,0.009,0.0637,0.9979,0,0.1736,0.9827,-0.0643,0,0,0.0138,0.325,1]},
{"frame":10,"values":[-0.9848,0.1738,-0.0022,0,0.009,0.0637,0.9979,0,0.1736,0.9827,-0.0643,0,0,0.0138,0.325,1]},
{"frame":11,"values":[-0.9848,0.1738,-0.0022,0,0.009,0.0637,0.9979,0,0.1736,0.9827,-0.0643,0,0,0.0138,0.325,1]},
{"frame":20,"values":[-0.9848,0.1738,-0.0022,0,0.009,0.0637,0.9979,0,0.1736,0.9827,-0.0643,0,0,0.0138,0.325,1]},
{"frame":21,"values":[-0.9848,0.1738,-0.0022,0,0.009,0.0637,0.9979,0,0.1736,0.9827,-0.0643,0,0,0.0138,0.325,1]},
{"frame":30,"values":[-0.9848,0.1738,-0.0022,0,0.009,0.0637,0.9979,0,0.1736,0.9827,-0.0643,0,0,0.0138,0.325,1]},
{"frame":31,"values":[-0.9848,0.1738,-0.0022,0,0.009,0.0637,0.9979,0,0.1736,0.9827,-0.0643,0,0,0.0138,0.325,1]},
{"frame":40,"values":[-0.9848,0.1738,-0.0022,0,0.009,0.0637,0.9979,0,0.1736,0.9827,-0.0643,0,0,0.0138,0.325,1]},
{"frame":41,"values":[-0.9848,0.1738,-0.0022,0,0.009,0.0637,0.9979,0,0.1736,0.9827,-0.0643,0,0,0.0138,0.325,1]},
{"frame":50,"values":[-0.9848,0.1738,-0.0022,0,0.009,0.0637,0.9979,0,0.1736,0.9827,-0.0643,0,0,0.0138,0.325,1]},
{"frame":51,"values":[-0.9848,0.1738,-0.0022,0,0.009,0.0637,0.9979,0,0.1736,0.9827,-0.0643,0,0,0.0138,0.325,1]},
{"frame":60,"values":[-0.9848,0.1738,-0.0022,0,0.009,0.0637,0.9979,0,0.1736,0.9827,-0.0643,0,0,0.0138,0.325,1]},
{"frame":61,"values":[-0.9848,0.1738,-0.0022,0,0.009,0.0637,0.9979,0,0.1736,0.9827,-0.0643,0,0,0.0138,0.325,1]},
{"frame":70,"values":[-0.9848,0.1738,-0.0022,0,0.009,0.0637,0.9979,0,0.1736,0.9827,-0.0643,0,0,0.0138,0.325,1]},
{"frame":71,"values":[-0.9848,0.1738,-0.0022,0,0.009,0.0637,0.9979,0,0.1736,0.9827,-0.0643,0,0,0.0138,0.325,1]},
{"frame":80,"values":[-0.9848,0.1738,-0.0022,0,0.009,0.0637,0.9979,0,0.1736,0.9827,-0.0643,0,0,0.0138,0.325,1]},
{"frame":81,"values":[-0.9848,0.1738,-0.0022,0,0.009,0.0637,0.9979,0,0.1736,0.9827,-0.0643,0,0,0.0138,0.325,1]},
{"frame":90,"values":[-0.9848,0.1738,-0.0022,0,0.009,0.0637,0.9979,0,0.1736,0.9827,-0.0643,0,0,0.0138,0.325,1]},
{"frame":91,"values":[-0.9848,0.1738,-0.0022,0,0.009,0.0637,0.9979,0,0.1736,0.9827,-0.0643,0,0,0.0138,0.325,1]},
{"frame":100,"values":[-0.9848,0.1738,-0.0022,0,0.009,0.0637,0.9979,0,0.1736,0.9827,-0.0643,0,0,0.0138,0.325,1]},
{"frame":101,"values":[-0.9848,0.1738,-0.0022,0,0.009,0.0637,0.9979,0,0.1736,0.9827,-0.0643,0,0,0.0138,0.325,1]},
{"frame":110,"values":[-0.9848,0.1738,-0.0022,0,0.009,0.0637,0.9979,0,0.1736,0.9827,-0.0643,0,0,0.0138,0.325,1]},
{"frame":111,"values":[-0.9848,0.1738,-0.0022,0,0.009,0.0637,0.9979,0,0.1736,0.9827,-0.0643,0,0,0.0138,0.325,1]},
{"frame":120,"values":[-0.9848,0.1738,-0.0022,0,0.009,0.0637,0.9979,0,0.1736,0.9827,-0.0643,0,0,0.0138,0.325,1]},
{"frame":121,"values":[-0.9848,0.1738,-0.0022,0,0.009,0.0637,0.9979,0,0.1736,0.9827,-0.0643,0,0,0.0138,0.325,1]},
{"frame":130,"values":[-0.9848,0.1738,-0.0022,0,0.009,0.0637,0.9979,0,0.1736,0.9827,-0.0643,0,0,0.0138,0.325,1]},
{"frame":131,"values":[-0.9848,0.1738,-0.0022,0,0.009,0.0637,0.9979,0,0.1736,0.9827,-0.0643,0,0,0.0138,0.325,1]},
{"frame":140,"values":[-0.9848,0.1738,-0.0022,0,0.009,0.0637,0.9979,0,0.1736,0.9827,-0.0643,0,0,0.0138,0.325,1]},
{"frame":141,"values":[-0.9848,0.1738,-0.0022,0,0.009,0.0637,0.9979,0,0.1736,0.9827,-0.0643,0,0,0.0138,0.325,1]},
{"frame":150,"values":[-0.9848,0.1738,-0.0022,0,0.009,0.0637,0.9979,0,0.1736,0.9827,-0.0643,0,0,0.0138,0.325,1]},
{"frame":151,"values":[-0.9848,0.1738,-0.0022,0,0.009,0.0637,0.9979,0,0.1736,0.9827,-0.0643,0,0,0.0138,0.325,1]},
{"frame":160,"values":[-0.9848,0.1738,-0.0022,0,0.009,0.0637,0.9979,0,0.1736,0.9827,-0.0643,0,0,0.0138,0.325,1]},
{"frame":200,"values":[-0.9848,0.1738,-0.0022,0,0.009,0.0637,0.9979,0,0.1736,0.9827,-0.0643,0,0,0.0138,0.325,1]},
{"frame":210,"values":[-0.9848,0.1738,-0.0022,0,0.009,0.0637,0.9979,0,0.1736,0.9827,-0.0643,0,0,0.0138,0.325,1]},
{"frame":211,"values":[-0.9848,0.1738,-0.0022,0,0.009,0.0637,0.9979,0,0.1736,0.9827,-0.0643,0,0,0.0138,0.325,1]},
{"frame":220,"values":[-0.9848,0.1738,-0.0022,0,0.009,0.0637,0.9979,0,0.1736,0.9827,-0.0643,0,0,0.0138,0.325,1]},
{"frame":267,"values":[-0.9848,0.1738,-0.0022,0,0.009,0.0637,0.9979,0,0.1736,0.9827,-0.0643,0,0,0.0138,0.325,1]},
{"frame":280,"values":[-0.9848,0.1738,-0.0022,0,0.009,0.0637,0.9979,0,0.1736,0.9827,-0.0643,0,0,0.0138,0.325,1]},
{"frame":281,"values":[-0.9848,0.1738,-0.0022,0,0.009,0.0637,0.9979,0,0.1736,0.9827,-0.0643,0,0,0.0138,0.325,1]},
{"frame":290,"values":[-1,0,0,0,0,-0.0018,1,0,0,1,0.0018,0,0,0.0138,0.325,1]},
{"frame":291,"values":[-0.9999,0.0109,0,0,0,-0.0018,1,0,0.0109,0.9999,0.0018,0,0.0014,0.0084,0.3248,1]},
{"frame":292,"values":[-0.9998,0.0218,0,0,0,-0.0018,1,0,0.0218,0.9998,0.0018,0,0.0029,0.003,0.3246,1]},
{"frame":293,"values":[-0.9995,0.0327,0,0,-0.0001,-0.0018,1,0,0.0327,0.9995,0.0018,0,0.0043,-0.0023,0.3244,1]},
{"frame":294,"values":[-0.999,0.0436,0,0,-0.0001,-0.0018,1,0,0.0436,0.999,0.0018,0,0.0057,-0.0077,0.3241,1]},
{"frame":295,"values":[-0.9985,0.0545,0,0,-0.0001,-0.0018,1,0,0.0545,0.9985,0.0018,0,0.0072,-0.0131,0.3239,1]},
{"frame":296,"values":[-0.9979,0.0654,0,0,-0.0001,-0.0018,1,0,0.0654,0.9979,0.0018,0,0.0086,-0.0185,0.3237,1]},
{"frame":297,"values":[-0.9971,0.0763,0,0,-0.0001,-0.0018,1,0,0.0763,0.9971,0.0018,0,0.01,-0.0238,0.3235,1]},
{"frame":298,"values":[-0.9962,0.0871,0,0,-0.0002,-0.0018,1,0,0.0871,0.9962,0.0018,0,0.0115,-0.0292,0.3232,1]},
{"frame":299,"values":[-0.9952,0.098,0,0,-0.0002,-0.0018,1,0,0.098,0.9952,0.0018,0,0.0129,-0.0346,0.323,1]},
{"frame":300,"values":[-0.9941,0.1089,0,0,-0.0002,-0.0018,1,0,0.1089,0.9941,0.0018,0,0.0143,-0.04,0.3228,1]},
{"frame":301,"values":[-0.9928,0.1197,0,0,-0.0002,-0.0018,1,0,0.1197,0.9928,0.0018,0,0.0158,-0.0453,0.3225,1]},
{"frame":302,"values":[-0.9914,0.1305,0,0,-0.0002,-0.0018,1,0,0.1305,0.9914,0.0018,0,0.0172,-0.0507,0.3223,1]},
{"frame":303,"values":[-0.99,0.1413,0,0,-0.0003,-0.0018,1,0,0.1413,0.99,0.0018,0,0.0186,-0.0561,0.3221,1]},
{"frame":304,"values":[-0.9884,0.1521,0,0,-0.0003,-0.0018,1,0,0.1521,0.9884,0.0018,0,0.0201,-0.0614,0.3219,1]},
{"frame":305,"values":[-0.9866,0.1629,0,0,-0.0003,-0.0018,1,0,0.1629,0.9866,0.0018,0,0.0215,-0.0668,0.3216,1]},
{"frame":306,"values":[-0.9848,0.1736,0,0,-0.0003,-0.0018,1,0,0.1736,0.9848,0.0018,0,0.0229,-0.0722,0.3214,1]},
{"frame":307,"values":[-0.9831,0.1829,0,0,-0.0003,-0.0018,1,0,0.1829,0.9831,0.0018,0,0.0229,-0.0722,0.32,1]},
{"frame":308,"values":[-0.9814,0.1922,0,0,-0.0003,-0.0018,1,0,0.1922,0.9814,0.0018,0,0.0229,-0.0722,0.3186,1]},
{"frame":309,"values":[-0.9795,0.2015,0,0,-0.0004,-0.0018,1,0,0.2015,0.9795,0.0018,0,0.0229,-0.0722,0.3171,1]},
{"frame":310,"values":[-0.9775,0.2107,0,0,-0.0004,-0.0018,1,0,0.2107,0.9775,0.0018,0,0.0229,-0.0722,0.3157,1]},
{"frame":311,"values":[-0.9755,0.22,0,0,-0.0004,-0.0018,1,0,0.22,0.9755,0.0018,0,0.0229,-0.0722,0.3143,1]},
{"frame":312,"values":[-0.9734,0.2292,0,0,-0.0004,-0.0018,1,0,0.2292,0.9734,0.0018,0,0.0229,-0.0722,0.3129,1]},
{"frame":313,"values":[-0.9712,0.2384,0,0,-0.0004,-0.0018,1,0,0.2384,0.9712,0.0018,0,0.0229,-0.0722,0.3115,1]},
{"frame":314,"values":[-0.9689,0.2475,0,0,-0.0005,-0.0018,1,0,0.2475,0.9689,0.0018,0,0.0229,-0.0722,0.31,1]},
{"frame":315,"values":[-0.9665,0.2567,0,0,-0.0005,-0.0018,1,0,0.2567,0.9665,0.0018,0,0.0229,-0.0722,0.3086,1]},
{"frame":316,"values":[-0.964,0.2658,0,0,-0.0005,-0.0018,1,0,0.2658,0.964,0.0018,0,0.0229,-0.0722,0.3072,1]},
{"frame":317,"values":[-0.9615,0.2749,0,0,-0.0005,-0.0017,1,0,0.2749,0.9615,0.0018,0,0.0229,-0.0722,0.3058,1]},
{"frame":318,"values":[-0.9588,0.284,0,0,-0.0005,-0.0017,1,0,0.284,0.9588,0.0018,0,0.0229,-0.0722,0.3044,1]},
{"frame":319,"values":[-0.9561,0.2931,0,0,-0.0005,-0.0017,1,0,0.2931,0.9561,0.0018,0,0.0229,-0.0722,0.303,1]},
{"frame":320,"values":[-0.9533,0.3021,0,0,-0.0005,-0.0017,1,0,0.3021,0.9533,0.0018,0,0.0229,-0.0722,0.3015,1]},
{"frame":321,"values":[-0.9504,0.3111,0,0,-0.0006,-0.0017,1,0,0.3111,0.9504,0.0018,0,0.0229,-0.0722,0.3001,1]},
{"frame":322,"values":[-0.9474,0.3201,0,0,-0.0006,-0.0017,1,0,0.3201,0.9474,0.0018,0,0.0229,-0.0722,0.2987,1]},
{"frame":330,"values":[-0.9474,0.3201,0,0,-0.0006,-0.0017,1,0,0.3201,0.9474,0.0018,0,0.0229,-0.0722,0.2987,1]},
{"frame":362,"values":[-0.9474,0.3201,0,0,-0.0006,-0.0017,1,0,0.3201,0.9474,0.0018,0,0.0229,-0.0722,0.2987,1]},
{"frame":370,"values":[-1,0,0,0,0,-0.0018,1,0,0,1,0.0018,0,0,0.0138,0.325,1]},
{"frame":371,"values":[-1,-0.0007,0,0,0,-0.001,1,0,-0.0007,1,0.001,0,0,0.0138,0.325,1]},
{"frame":372,"values":[-1,-0.003,-0.0001,0,-0.0001,0.0015,1,0,-0.003,1,-0.0015,0,0,0.0138,0.325,1]},
{"frame":373,"values":[-1,-0.0068,-0.0003,0,-0.0003,0.0056,1,0,-0.0068,1,-0.0056,0,0,0.0138,0.325,1]},
{"frame":374,"values":[-0.9999,-0.012,-0.0005,0,-0.0006,0.0113,0.9999,0,-0.012,0.9999,-0.0113,0,0,0.0138,0.325,1]},
{"frame":375,"values":[-0.9998,-0.0186,-0.0007,0,-0.001,0.0185,0.9998,0,-0.0186,0.9997,-0.0185,0,0,0.0138,0.325,1]},
{"frame":376,"values":[-0.9997,-0.0263,-0.0009,0,-0.0016,0.0268,0.9996,0,-0.0262,0.9993,-0.0268,0,0,0.0138,0.325,1]},
{"frame":377,"values":[-0.9994,-0.0347,-0.001,0,-0.0022,0.036,0.9994,0,-0.0347,0.9987,-0.036,0,0,0.0138,0.325,1]},
{"frame":378,"values":[-0.999,-0.0436,-0.001,0,-0.003,0.0456,0.999,0,-0.0435,0.998,-0.0457,0,0,0.0138,0.325,1]},
{"frame":379,"values":[-0.9986,-0.0525,-0.001,0,-0.0039,0.0552,0.9985,0,-0.0523,0.9971,-0.0554,0,0,0.0138,0.325,1]},
{"frame":380,"values":[-0.9981,-0.0609,-0.0009,0,-0.0048,0.0644,0.9979,0,-0.0607,0.9961,-0.0646,0,0,0.0138,0.325,1]},
{"frame":381,"values":[-0.9976,-0.0686,-0.0007,0,-0.0057,0.0727,0.9973,0,-0.0684,0.995,-0.0729,0,0,0.0138,0.325,1]},
{"frame":382,"values":[-0.9972,-0.0751,-0.0005,0,-0.0065,0.0798,0.9968,0,-0.0749,0.994,-0.08,0,0,0.0138,0.325,1]},
{"frame":383,"values":[-0.9968,-0.0804,-0.0003,0,-0.0072,0.0854,0.9963,0,-0.08,0.9931,-0.0857,0,0,0.0138,0.325,1]},
{"frame":384,"values":[-0.9965,-0.0841,-0.0001,0,-0.0077,0.0895,0.996,0,-0.0838,0.9924,-0.0898,0,0,0.0138,0.325,1]},
{"frame":385,"values":[-0.9963,-0.0864,0,0,-0.008,0.092,0.9957,0,-0.086,0.992,-0.0923,0,0,0.0138,0.325,1]},
{"frame":386,"values":[-0.9962,-0.0871,0,0,-0.0081,0.0928,0.9957,0,-0.0868,0.9919,-0.0931,0,0,0.0138,0.325,1]},
{"frame":387,"values":[-0.9963,-0.0864,0,0,-0.008,0.092,0.9957,0,-0.086,0.992,-0.0923,0,0,0.0138,0.325,1]},
{"frame":388,"values":[-0.9965,-0.0841,-0.0001,0,-0.0077,0.0895,0.996,0,-0.0838,0.9924,-0.0898,0,0,0.0138,0.325,1]},
{"frame":389,"values":[-0.9968,-0.0804,-0.0003,0,-0.0072,0.0854,0.9963,0,-0.08,0.9931,-0.0857,0,0,0.0138,0.325,1]},
{"frame":390,"values":[-0.9972,-0.0751,-0.0005,0,-0.0065,0.0798,0.9968,0,-0.0749,0.994,-0.08,0,0,0.0138,0.325,1]},
{"frame":391,"values":[-0.9976,-0.0686,-0.0007,0,-0.0057,0.0727,0.9973,0,-0.0684,0.995,-0.0729,0,0,0.0138,0.325,1]},
{"frame":392,"values":[-0.9981,-0.0609,-0.0009,0,-0.0048,0.0644,0.9979,0,-0.0607,0.9961,-0.0646,0,0,0.0138,0.325,1]},
{"frame":393,"values":[-0.9986,-0.0525,-0.001,0,-0.0039,0.0552,0.9985,0,-0.0523,0.9971,-0.0554,0,0,0.0138,0.325,1]},
{"frame":394,"values":[-0.999,-0.0436,-0.001,0,-0.003,0.0456,0.999,0,-0.0435,0.998,-0.0457,0,0,0.0138,0.325,1]},
{"frame":395,"values":[-0.9994,-0.0347,-0.001,0,-0.0022,0.036,0.9994,0,-0.0347,0.9987,-0.036,0,0,0.0138,0.325,1]},
{"frame":396,"values":[-0.9997,-0.0263,-0.0009,0,-0.0016,0.0268,0.9996,0,-0.0262,0.9993,-0.0268,0,0,0.0138,0.325,1]},
{"frame":397,"values":[-0.9998,-0.0186,-0.0007,0,-0.001,0.0185,0.9998,0,-0.0186,0.9997,-0.0185,0,0,0.0138,0.325,1]},
{"frame":398,"values":[-0.9999,-0.012,-0.0005,0,-0.0006,0.0113,0.9999,0,-0.012,0.9999,-0.0113,0,0,0.0138,0.325,1]},
{"frame":399,"values":[-1,-0.0068,-0.0003,0,-0.0003,0.0056,1,0,-0.0068,1,-0.0056,0,0,0.0138,0.325,1]},
{"frame":400,"values":[-1,-0.003,-0.0001,0,-0.0001,0.0015,1,0,-0.003,1,-0.0015,0,0,0.0138,0.325,1]},
{"frame":401,"values":[-1,-0.0007,0,0,0,-0.001,1,0,-0.0007,1,0.001,0,0,0.0138,0.325,1]},
{"frame":402,"values":[-1,0,0,0,0,-0.0018,1,0,0,1,0.0018,0,0,0.0138,0.325,1]},
{"frame":411,"values":[-1,0,0,0,0,-0.0018,1,0,0,1,0.0018,0,0,0.0138,0.325,1]},
{"frame":442,"values":[-1,0,0,0,0,-0.0018,1,0,0,1,0.0018,0,0,0.0138,0.325,1]},
{"frame":451,"values":[-1,0,0,0,0,-0.0018,1,0,0,1,0.0018,0,0,0.0138,0.325,1]},
{"frame":482,"values":[-1,0,0,0,0,-0.0018,1,0,0,1,0.0018,0,0,0.0138,0.325,1]},
{"frame":491,"values":[-1,0,0,0,0,-0.0018,1,0,0,1,0.0018,0,0,0.0138,0.325,1]},
{"frame":522,"values":[-1,0,0,0,0,-0.0018,1,0,0,1,0.0018,0,0,0.0138,0.325,1]},
{"frame":531,"values":[-1,0,0,0,0,-0.0018,1,0,0,1,0.0018,0,0,0.0138,0.325,1]},
{"frame":562,"values":[-1,0,0,0,0,-0.0018,1,0,0,1,0.0018,0,0,0.0138,0.325,1]},
{"frame":570,"values":[-1,0,0,0,0,1,-0.005,0,0,-0.005,-1,0,0,0.3149,0.1068,1]},
{"frame":571,"values":[-1,0,0,0,0,1,-0.005,0,0,-0.005,-1,0,0,0.3149,0.1068,1]},
{"frame":580,"values":[-1,0,0,0,0,-0.0018,1,0,0,1,0.0018,0,0,0.0138,0.0101,1]},
{"frame":581,"values":[-1,0,0,0,0,-0.0018,1,0,0,1,0.0018,0,0,0.0138,0.0101,1]},
{"frame":590,"values":[-1,0,0,0,0,-0.0018,1,0,0,1,0.0018,0,0,0.0124,0.2672,1]},
{"frame":591,"values":[-1,0,0,0,0,-0.0018,1,0,0,1,0.0018,0,0,0.0124,0.2672,1]},
{"frame":600,"values":[0.0725,0,0.9974,0,0.9974,-0.0018,-0.0725,0,0.0018,1,-0.0001,0,0.325,0.0138,0.1062,1]},
{"frame":601,"values":[0.0725,0,0.9974,0,0.9974,-0.0018,-0.0725,0,0.0018,1,-0.0001,0,0.325,0.0138,0.1062,1]},
{"frame":610,"values":[-0.9854,0,-0.1705,0,-0.1705,-0.0018,0.9854,0,-0.0003,1,0.0018,0,0,0.0138,0.325,1]},
{"frame":612,"values":[-0.9854,0,-0.1705,0,-0.1705,-0.0018,0.9854,0,-0.0003,1,0.0018,0,0,0.0138,0.325,1]},
{"frame":620,"values":[-0.999,0.0374,0.025,0,0.0088,-0.3826,0.9239,0,0.0441,0.9232,0.3818,0,0,0.0136,0.425,1]},
{"frame":621,"values":[-0.999,0.0374,0.025,0,0.0088,-0.3826,0.9239,0,0.0441,0.9232,0.3818,0,0,0.0136,0.425,1]},
{"frame":630,"values":[-0.999,0.0412,0.0181,0,0.0088,-0.2163,0.9763,0,0.0441,0.9755,0.2157,0,0,0.0138,0.0712,1]},
{"frame":631,"values":[-0.999,0.0412,0.0181,0,0.0088,-0.2163,0.9763,0,0.0441,0.9755,0.2157,0,0,0.0138,0.0712,1]},
{"frame":640,"values":[-0.9848,0.1703,-0.0347,0,0.009,0.2496,0.9683,0,0.1736,0.9532,-0.2474,0,0,0.0138,0.3175,1]},
{"frame":641,"values":[-0.9848,0.1703,-0.0347,0,0.009,0.2496,0.9683,0,0.1736,0.9532,-0.2474,0,0,0.0138,0.3175,1]},
{"frame":650,"values":[-0.9848,0.1703,-0.0347,0,0.009,0.2496,0.9683,0,0.1736,0.9532,-0.2474,0,0,0.0138,0.3175,1]},
{"frame":651,"values":[-0.9848,0.1703,-0.0347,0,0.009,0.2496,0.9683,0,0.1736,0.9532,-0.2474,0,0,0.0138,0.3175,1]},
{"frame":660,"values":[-1,0,0,0,0,-0.3329,0.943,0,0,0.943,0.3329,0,0,0.0138,0.225,1]},
{"frame":692,"values":[-1,0,0,0,0,-0.3329,0.943,0,0,0.943,0.3329,0,0,0.0138,0.225,1]},
{"frame":700,"values":[0.0725,0,0.9974,0,0.9974,-0.0018,-0.0725,0,0.0018,1,-0.0001,0,0.325,0.0138,0.1062,1]},
{"frame":732,"values":[0.0725,0,0.9974,0,0.9974,-0.0018,-0.0725,0,0.0018,1,-0.0001,0,0.325,0.0138,0.1062,1]},
{"frame":740,"values":[-1,0,0,0,0,0.9957,-0.0925,0,0,-0.0925,-0.9957,0,0,-0.1749,0.1219,1]},
{"frame":772,"values":[-1,0,0,0,0,0.9957,-0.0925,0,0,-0.0925,-0.9957,0,0,-0.1749,0.1219,1]},
{"frame":780,"values":[-0.999,0.0374,0.025,0,0.0088,-0.3826,0.9239,0,0.0441,0.9232,0.3818,0,0,0.0136,0.425,1]},
{"frame":812,"values":[-0.999,0.0374,0.025,0,0.0088,-0.3826,0.9239,0,0.0441,0.9232,0.3818,0,0,0.0136,0.425,1]},
{"frame":820,"values":[-1,0,0,0,0,-0.0018,1,0,0,1,0.0018,0,0,0.0138,0.325,1]},
{"frame":852,"values":[-1,0,0,0,0,-0.0018,1,0,0,1,0.0018,0,0,0.0138,0.325,1]},
{"frame":860,"values":[-1,0,0,0,0,-0.468,0.8837,0,0,0.8837,0.468,0,0,-0.0088,0.2665,1]},
{"frame":892,"values":[-1,0,0,0,0,-0.468,0.8837,0,0,0.8837,0.468,0,0,-0.0088,0.2665,1]},
{"frame":900,"values":[-0.9987,0.0508,0,0,0.0506,0.9944,-0.0925,0,-0.0047,-0.0924,-0.9957,0,0,-0.1749,0.1219,1]},
{"frame":901,"values":[-0.999,0.0445,0,0,0.0443,0.9947,-0.0925,0,-0.0041,-0.0924,-0.9957,0,0,-0.1749,0.1219,1]},
{"frame":902,"values":[-0.9993,0.0381,0,0,0.038,0.995,-0.0925,0,-0.0035,-0.0924,-0.9957,0,0,-0.1749,0.1219,1]},
{"frame":903,"values":[-0.9995,0.0318,0,0,0.0317,0.9952,-0.0925,0,-0.0029,-0.0925,-0.9957,0,0,-0.1749,0.1219,1]},
{"frame":904,"values":[-0.9997,0.0254,0,0,0.0253,0.9954,-0.0925,0,-0.0023,-0.0925,-0.9957,0,0,-0.1749,0.1219,1]},
{"frame":905,"values":[-0.9998,0.0191,0,0,0.019,0.9955,-0.0925,0,-0.0018,-0.0925,-0.9957,0,0,-0.1749,0.1219,1]},
{"frame":906,"values":[-0.9999,0.0127,0,0,0.0127,0.9956,-0.0925,0,-0.0012,-0.0925,-0.9957,0,0,-0.1749,0.1219,1]},
{"frame":907,"values":[-1,0.0064,0,0,0.0063,0.9957,-0.0925,0,-0.0006,-0.0925,-0.9957,0,0,-0.1749,0.1219,1]},
{"frame":908,"values":[-1,0,0,0,0,0.9957,-0.0925,0,0,-0.0925,-0.9957,0,0,-0.1749,0.1219,1]},
{"frame":909,"values":[-1,-0.0064,0,0,-0.0063,0.9957,-0.0925,0,0.0006,-0.0925,-0.9957,0,0,-0.1749,0.1219,1]},
{"frame":910,"values":[-0.9999,-0.0127,0,0,-0.0127,0.9956,-0.0925,0,0.0012,-0.0925,-0.9957,0,0,-0.1749,0.1219,1]},
{"frame":911,"values":[-0.9998,-0.0191,0,0,-0.019,0.9955,-0.0925,0,0.0018,-0.0925,-0.9957,0,0,-0.1749,0.1219,1]},
{"frame":912,"values":[-0.9997,-0.0254,0,0,-0.0253,0.9954,-0.0925,0,0.0023,-0.0925,-0.9957,0,0,-0.1749,0.1219,1]},
{"frame":913,"values":[-0.9995,-0.0318,0,0,-0.0316,0.9952,-0.0925,0,0.0029,-0.0925,-0.9957,0,0,-0.1749,0.1219,1]},
{"frame":914,"values":[-0.9993,-0.0381,0,0,-0.038,0.995,-0.0925,0,0.0035,-0.0924,-0.9957,0,0,-0.1749,0.1219,1]},
{"frame":915,"values":[-0.999,-0.0445,0,0,-0.0443,0.9947,-0.0925,0,0.0041,-0.0924,-0.9957,0,0,-0.1749,0.1219,1]},
{"frame":916,"values":[-0.9987,-0.0508,0,0,-0.0506,0.9944,-0.0925,0,0.0047,-0.0924,-0.9957,0,0,-0.1749,0.1219,1]},
{"frame":917,"values":[-0.999,-0.0445,0,0,-0.0443,0.9947,-0.0925,0,0.0041,-0.0924,-0.9957,0,0,-0.1749,0.1219,1]},
{"frame":918,"values":[-0.9993,-0.0381,0,0,-0.038,0.995,-0.0925,0,0.0035,-0.0924,-0.9957,0,0,-0.1749,0.1219,1]},
{"frame":919,"values":[-0.9995,-0.0318,0,0,-0.0316,0.9952,-0.0925,0,0.0029,-0.0925,-0.9957,0,0,-0.1749,0.1219,1]},
{"frame":920,"values":[-0.9997,-0.0254,0,0,-0.0253,0.9954,-0.0925,0,0.0023,-0.0925,-0.9957,0,0,-0.1749,0.1219,1]},
{"frame":921,"values":[-0.9998,-0.0191,0,0,-0.019,0.9955,-0.0925,0,0.0018,-0.0925,-0.9957,0,0,-0.1749,0.1219,1]},
{"frame":922,"values":[-0.9999,-0.0127,0,0,-0.0127,0.9956,-0.0925,0,0.0012,-0.0925,-0.9957,0,0,-0.1749,0.1219,1]},
{"frame":923,"values":[-1,-0.0064,0,0,-0.0063,0.9957,-0.0925,0,0.0006,-0.0925,-0.9957,0,0,-0.1749,0.1219,1]},
{"frame":924,"values":[-1,0,0,0,0,0.9957,-0.0925,0,0,-0.0925,-0.9957,0,0,-0.1749,0.1219,1]},
{"frame":925,"values":[-1,0.0064,0,0,0.0063,0.9957,-0.0925,0,-0.0006,-0.0925,-0.9957,0,0,-0.1749,0.1219,1]},
{"frame":926,"values":[-0.9999,0.0127,0,0,0.0127,0.9956,-0.0925,0,-0.0012,-0.0925,-0.9957,0,0,-0.1749,0.1219,1]},
{"frame":927,"values":[-0.9998,0.0191,0,0,0.019,0.9955,-0.0925,0,-0.0018,-0.0925,-0.9957,0,0,-0.1749,0.1219,1]},
{"frame":928,"values":[-0.9997,0.0254,0,0,0.0253,0.9954,-0.0925,0,-0.0023,-0.0925,-0.9957,0,0,-0.1749,0.1219,1]},
{"frame":929,"values":[-0.9995,0.0318,0,0,0.0317,0.9952,-0.0925,0,-0.0029,-0.0925,-0.9957,0,0,-0.1749,0.1219,1]},
{"frame":930,"values":[-0.9993,0.0381,0,0,0.038,0.995,-0.0925,0,-0.0035,-0.0924,-0.9957,0,0,-0.1749,0.1219,1]},
{"frame":931,"values":[-0.999,0.0445,0,0,0.0443,0.9947,-0.0925,0,-0.0041,-0.0924,-0.9957,0,0,-0.1749,0.1219,1]},
{"frame":932,"values":[-0.9987,0.0508,0,0,0.0506,0.9944,-0.0925,0,-0.0047,-0.0924,-0.9957,0,0,-0.1749,0.1219,1]},
{"frame":940,"values":[-0.9848,0.1727,-0.0197,0,0.009,0.1643,0.9864,0,0.1736,0.9712,-0.1634,0,0,0.0141,0.3187,1]},
{"frame":941,"values":[-0.9853,0.1698,-0.0194,0,0.0089,0.1643,0.9864,0,0.1706,0.9717,-0.1634,0,0,0.0141,0.3187,1]},
{"frame":942,"values":[-0.9868,0.1609,-0.0184,0,0.0084,0.1644,0.9864,0,0.1617,0.9732,-0.1636,0,0,0.0141,0.3187,1]},
{"frame":943,"values":[-0.9891,0.146,-0.0167,0,0.0076,0.1645,0.9863,0,0.1468,0.9755,-0.1638,0,0,0.0141,0.3187,1]},
{"frame":944,"values":[-0.992,0.1254,-0.0143,0,0.0066,0.1647,0.9863,0,0.126,0.9783,-0.1642,0,0,0.0141,0.3187,1]},
{"frame":945,"values":[-0.995,0.0995,-0.0114,0,0.0052,0.1648,0.9863,0,0.1,0.9813,-0.1645,0,0,0.0141,0.3187,1]},
{"frame":946,"values":[-0.9976,0.0691,-0.0079,0,0.0036,0.165,0.9863,0,0.0694,0.9839,-0.1648,0,0,0.0141,0.3187,1]},
{"frame":947,"values":[-0.9994,0.0354,-0.004,0,0.0019,0.165,0.9863,0,0.0356,0.9857,-0.165,0,0,0.0141,0.3187,1]},
{"frame":948,"values":[-1,0,0,0,0,0.1651,0.9863,0,0,0.9863,-0.1651,0,0,0.0141,0.3187,1]},
{"frame":949,"values":[-0.9994,-0.0354,0.004,0,-0.0018,0.165,0.9863,0,-0.0356,0.9857,-0.165,0,0,0.0141,0.3187,1]},
{"frame":950,"values":[-0.9976,-0.069,0.0079,0,-0.0036,0.165,0.9863,0,-0.0694,0.9839,-0.1648,0,0,0.0141,0.3187,1]},
{"frame":951,"values":[-0.995,-0.0994,0.0114,0,-0.0052,0.1648,0.9863,0,-0.1,0.9813,-0.1645,0,0,0.0141,0.3187,1]},
{"frame":952,"values":[-0.992,-0.1254,0.0143,0,-0.0066,0.1647,0.9863,0,-0.126,0.9783,-0.1642,0,0,0.0141,0.3187,1]},
{"frame":953,"values":[-0.9891,-0.146,0.0167,0,-0.0076,0.1645,0.9863,0,-0.1468,0.9755,-0.1638,0,0,0.0141,0.3187,1]},
{"frame":954,"values":[-0.9868,-0.1609,0.0184,0,-0.0084,0.1644,0.9864,0,-0.1617,0.9732,-0.1636,0,0,0.0141,0.3187,1]},
{"frame":955,"values":[-0.9853,-0.1698,0.0194,0,-0.0089,0.1643,0.9864,0,-0.1706,0.9717,-0.1634,0,0,0.0141,0.3187,1]},
{"frame":956,"values":[-0.9848,-0.1727,0.0197,0,-0.009,0.1643,0.9864,0,-0.1736,0.9712,-0.1634,0,0,0.0141,0.3187,1]},
{"frame":957,"values":[-0.9853,-0.1698,0.0194,0,-0.0089,0.1643,0.9864,0,-0.1706,0.9717,-0.1634,0,0,0.0141,0.3187,1]},
{"frame":958,"values":[-0.9868,-0.1609,0.0184,0,-0.0084,0.1644,0.9864,0,-0.1617,0.9732,-0.1636,0,0,0.0141,0.3187,1]},
{"frame":959,"values":[-0.9891,-0.146,0.0167,0,-0.0076,0.1645,0.9863,0,-0.1468,0.9755,-0.1638,0,0,0.0141,0.3187,1]},
{"frame":960,"values":[-0.992,-0.1254,0.0143,0,-0.0066,0.1647,0.9863,0,-0.126,0.9783,-0.1642,0,0,0.0141,0.3187,1]},
{"frame":961,"values":[-0.995,-0.0994,0.0114,0,-0.0052,0.1648,0.9863,0,-0.1,0.9813,-0.1645,0,0,0.0141,0.3187,1]},
{"frame":962,"values":[-0.9976,-0.069,0.0079,0,-0.0036,0.165,0.9863,0,-0.0694,0.9839,-0.1648,0,0,0.0141,0.3187,1]},
{"frame":963,"values":[-0.9994,-0.0354,0.004,0,-0.0018,0.165,0.9863,0,-0.0356,0.9857,-0.165,0,0,0.0141,0.3187,1]},
{"frame":964,"values":[-1,0,0,0,0,0.1651,0.9863,0,0,0.9863,-0.1651,0,0,0.0141,0.3187,1]},
{"frame":965,"values":[-0.9994,0.0354,-0.004,0,0.0019,0.165,0.9863,0,0.0356,0.9857,-0.165,0,0,0.0141,0.3187,1]},
{"frame":966,"values":[-0.9976,0.0691,-0.0079,0,0.0036,0.165,0.9863,0,0.0694,0.9839,-0.1648,0,0,0.0141,0.3187,1]},
{"frame":967,"values":[-0.995,0.0995,-0.0114,0,0.0052,0.1648,0.9863,0,0.1,0.9813,-0.1645,0,0,0.0141,0.3187,1]},
{"frame":968,"values":[-0.992,0.1254,-0.0143,0,0.0066,0.1647,0.9863,0,0.126,0.9783,-0.1642,0,0,0.0141,0.3187,1]},
{"frame":969,"values":[-0.9891,0.146,-0.0167,0,0.0076,0.1645,0.9863,0,0.1468,0.9755,-0.1638,0,0,0.0141,0.3187,1]},
{"frame":970,"values":[-0.9868,0.1609,-0.0184,0,0.0084,0.1644,0.9864,0,0.1617,0.9732,-0.1636,0,0,0.0141,0.3187,1]},
{"frame":971,"values":[-0.9853,0.1698,-0.0194,0,0.0089,0.1643,0.9864,0,0.1706,0.9717,-0.1634,0,0,0.0141,0.3187,1]},
{"frame":972,"values":[-0.9848,0.1727,-0.0197,0,0.009,0.1643,0.9864,0,0.1736,0.9712,-0.1634,0,0,0.0141,0.3187,1]},
{"frame":980,"values":[-0.9848,0.1738,-0.0022,0,0.009,0.0637,0.9979,0,0.1736,0.9827,-0.0643,0,0,0.0138,0.325,1]},
{"frame":981,"values":[-0.9853,0.1709,-0.0022,0,0.0088,0.0638,0.9979,0,0.1706,0.9832,-0.0643,0,0,0.0138,0.325,1]},
{"frame":982,"values":[-0.9868,0.1619,-0.0022,0,0.0083,0.0638,0.9979,0,0.1617,0.9847,-0.0643,0,0,0.0138,0.325,1]},
{"frame":983,"values":[-0.9891,0.147,-0.0022,0,0.0073,0.0639,0.9979,0,0.1468,0.9871,-0.0643,0,0,0.0138,0.325,1]},
{"frame":984,"values":[-0.992,0.1262,-0.0022,0,0.006,0.0641,0.9979,0,0.1261,0.9899,-0.0643,0,0,0.0138,0.325,1]},
{"frame":985,"values":[-0.995,0.1001,-0.0022,0,0.0043,0.0642,0.9979,0,0.1,0.9929,-0.0643,0,0,0.0138,0.325,1]},
{"frame":986,"values":[-0.9976,0.0695,-0.0022,0,0.0023,0.0643,0.9979,0,0.0695,0.9955,-0.0643,0,0,0.0138,0.325,1]},
{"frame":987,"values":[-0.9994,0.0356,-0.0022,0,0.0001,0.0644,0.9979,0,0.0356,0.9973,-0.0643,0,0,0.0138,0.325,1]},
{"frame":988,"values":[-1,-0.0001,-0.0022,0,-0.0022,0.0643,0.9979,0,0.0001,0.9979,-0.0643,0,0,0.0138,0.325,1]},
{"frame":989,"values":[-0.9994,-0.0357,-0.0022,0,-0.0045,0.0642,0.9979,0,-0.0355,0.9973,-0.0643,0,0,0.0138,0.325,1]},
{"frame":990,"values":[-0.9976,-0.0696,-0.0022,0,-0.0066,0.064,0.9979,0,-0.0693,0.9955,-0.0643,0,0,0.0138,0.325,1]},
{"frame":991,"values":[-0.995,-0.1002,-0.0022,0,-0.0086,0.0638,0.9979,0,-0.0998,0.9929,-0.0643,0,0,0.0138,0.325,1]},
{"frame":992,"values":[-0.992,-0.1263,-0.0022,0,-0.0103,0.0635,0.9979,0,-0.1259,0.99,-0.0643,0,0,0.0138,0.325,1]},
{"frame":993,"values":[-0.9891,-0.1471,-0.0022,0,-0.0116,0.0633,0.9979,0,-0.1466,0.9871,-0.0643,0,0,0.0138,0.325,1]},
{"frame":994,"values":[-0.9868,-0.162,-0.0022,0,-0.0126,0.0631,0.9979,0,-0.1616,0.9848,-0.0643,0,0,0.0138,0.325,1]},
{"frame":995,"values":[-0.9853,-0.171,-0.0022,0,-0.0131,0.063,0.9979,0,-0.1705,0.9833,-0.0643,0,0,0.0138,0.325,1]},
{"frame":996,"values":[-0.9848,-0.1739,-0.0022,0,-0.0133,0.063,0.9979,0,-0.1734,0.9827,-0.0643,0,0,0.0138,0.325,1]},
{"frame":997,"values":[-0.9853,-0.171,-0.0022,0,-0.0131,0.063,0.9979,0,-0.1705,0.9833,-0.0643,0,0,0.0138,0.325,1]},
{"frame":998,"values":[-0.9868,-0.162,-0.0022,0,-0.0126,0.0631,0.9979,0,-0.1616,0.9848,-0.0643,0,0,0.0138,0.325,1]},
{"frame":999,"values":[-0.9891,-0.1471,-0.0022,0,-0.0116,0.0633,0.9979,0,-0.1466,0.9871,-0.0643,0,0,0.0138,0.325,1]},
{"frame":1000,"values":[-0.992,-0.1263,-0.0022,0,-0.0103,0.0635,0.9979,0,-0.1259,0.99,-0.0643,0,0,0.0138,0.325,1]},
{"frame":1001,"values":[-0.995,-0.1002,-0.0022,0,-0.0086,0.0638,0.9979,0,-0.0998,0.9929,-0.0643,0,0,0.0138,0.325,1]},
{"frame":1002,"values":[-0.9976,-0.0696,-0.0022,0,-0.0066,0.064,0.9979,0,-0.0693,0.9955,-0.0643,0,0,0.0138,0.325,1]},
{"frame":1003,"values":[-0.9994,-0.0357,-0.0022,0,-0.0045,0.0642,0.9979,0,-0.0355,0.9973,-0.0643,0,0,0.0138,0.325,1]},
{"frame":1004,"values":[-1,-0.0001,-0.0022,0,-0.0022,0.0643,0.9979,0,0.0001,0.9979,-0.0643,0,0,0.0138,0.325,1]},
{"frame":1005,"values":[-0.9994,0.0356,-0.0022,0,0.0001,0.0644,0.9979,0,0.0356,0.9973,-0.0643,0,0,0.0138,0.325,1]},
{"frame":1006,"values":[-0.9976,0.0695,-0.0022,0,0.0023,0.0643,0.9979,0,0.0695,0.9955,-0.0643,0,0,0.0138,0.325,1]},
{"frame":1007,"values":[-0.995,0.1001,-0.0022,0,0.0043,0.0642,0.9979,0,0.1,0.9929,-0.0643,0,0,0.0138,0.325,1]},
{"frame":1008,"values":[-0.992,0.1262,-0.0022,0,0.006,0.0641,0.9979,0,0.1261,0.9899,-0.0643,0,0,0.0138,0.325,1]},
{"frame":1009,"values":[-0.9891,0.147,-0.0022,0,0.0073,0.0639,0.9979,0,0.1468,0.9871,-0.0643,0,0,0.0138,0.325,1]},
{"frame":1010,"values":[-0.9868,0.1619,-0.0022,0,0.0083,0.0638,0.9979,0,0.1617,0.9847,-0.0643,0,0,0.0138,0.325,1]},
{"frame":1011,"values":[-0.9853,0.1709,-0.0022,0,0.0088,0.0638,0.9979,0,0.1706,0.9832,-0.0643,0,0,0.0138,0.325,1]},
{"frame":1012,"values":[-0.9848,0.1738,-0.0022,0,0.009,0.0637,0.9979,0,0.1736,0.9827,-0.0643,0,0,0.0138,0.325,1]},
{"frame":1020,"values":[-0.9848,0.1738,-0.0022,0,0.009,0.0637,0.9979,0,0.1736,0.9827,-0.0643,0,0,0.0138,0.325,1]},
{"frame":1021,"values":[-0.9855,0.1696,-0.0022,0,0.0088,0.0638,0.9979,0,0.1694,0.9834,-0.0643,0,0,0.0138,0.3237,1]},
{"frame":1022,"values":[-0.9877,0.156,-0.0022,0,0.0079,0.0639,0.9979,0,0.1559,0.9857,-0.0643,0,0,0.0138,0.32,1]},
{"frame":1023,"values":[-0.9908,0.1352,-0.0022,0,0.0065,0.064,0.9979,0,0.1351,0.9887,-0.0643,0,0,0.0138,0.3164,1]},
{"frame":1024,"values":[-0.9936,0.1128,-0.0022,0,0.0051,0.0642,0.9979,0,0.1127,0.9915,-0.0643,0,0,0.0138,0.315,1]},
{"frame":1025,"values":[-0.996,0.0889,-0.0022,0,0.0036,0.0643,0.9979,0,0.0889,0.994,-0.0643,0,0,0.0138,0.3159,1]},
{"frame":1026,"values":[-0.9982,0.0605,-0.0022,0,0.0017,0.0643,0.9979,0,0.0606,0.9961,-0.0643,0,0,0.0138,0.3186,1]},
{"frame":1027,"values":[-0.9996,0.0298,-0.0022,0,-0.0003,0.0644,0.9979,0,0.0299,0.9975,-0.0643,0,0,0.0138,0.3221,1]},
{"frame":1028,"values":[-1,-0.0001,-0.0022,0,-0.0022,0.0643,0.9979,0,0.0001,0.9979,-0.0643,0,0,0.0138,0.325,1]},
{"frame":1029,"values":[-0.9995,-0.0304,-0.0022,0,-0.0041,0.0642,0.9979,0,-0.0302,0.9975,-0.0643,0,0,0.0138,0.328,1]},
{"frame":1030,"values":[-0.998,-0.0625,-0.0022,0,-0.0062,0.0641,0.9979,0,-0.0623,0.996,-0.0643,0,0,0.0138,0.3315,1]},
{"frame":1031,"values":[-0.9957,-0.0923,-0.0022,0,-0.0081,0.0639,0.9979,0,-0.0919,0.9937,-0.0643,0,0,0.0138,0.3342,1]},
{"frame":1032,"values":[-0.9932,-0.1167,-0.0022,0,-0.0097,0.0636,0.9979,0,-0.1163,0.9911,-0.0643,0,0,0.0138,0.335,1]},
{"frame":1033,"values":[-0.9904,-0.1385,-0.0022,0,-0.0111,0.0634,0.9979,0,-0.1381,0.9883,-0.0643,0,0,0.0138,0.3342,1]},
{"frame":1034,"values":[-0.9874,-0.158,-0.0022,0,-0.0123,0.0632,0.9979,0,-0.1575,0.9854,-0.0643,0,0,0.0138,0.3315,1]},
{"frame":1035,"values":[-0.9854,-0.1703,-0.0022,0,-0.0131,0.063,0.9979,0,-0.1698,0.9834,-0.0643,0,0,0.0138,0.328,1]},
{"frame":1036,"values":[-0.9848,-0.1739,-0.0022,0,-0.0133,0.063,0.9979,0,-0.1734,0.9827,-0.0643,0,0,0.0138,0.325,1]},
{"frame":1037,"values":[-0.9852,-0.1712,-0.0022,0,-0.0132,0.063,0.9979,0,-0.1707,0.9832,-0.0643,0,0,0.0138,0.3221,1]},
{"frame":1038,"values":[-0.9868,-0.1617,-0.0022,0,-0.0125,0.0631,0.9979,0,-0.1612,0.9848,-0.0643,0,0,0.0138,0.3186,1]},
{"frame":1039,"values":[-0.9893,-0.1456,-0.0022,0,-0.0115,0.0633,0.9979,0,-0.1452,0.9873,-0.0643,0,0,0.0138,0.3159,1]},
{"frame":1040,"values":[-0.992,-0.1263,-0.0022,0,-0.0103,0.0635,0.9979,0,-0.1259,0.99,-0.0643,0,0,0.0138,0.315,1]},
{"frame":1041,"values":[-0.9946,-0.104,-0.0022,0,-0.0089,0.0638,0.9979,0,-0.1037,0.9925,-0.0643,0,0,0.0138,0.3151,1]},
{"frame":1042,"values":[-0.9971,-0.0765,-0.0022,0,-0.0071,0.064,0.9979,0,-0.0762,0.995,-0.0643,0,0,0.0138,0.3153,1]},
{"frame":1043,"values":[-0.999,-0.0457,-0.0022,0,-0.0051,0.0642,0.9979,0,-0.0454,0.9969,-0.0643,0,0,0.0138,0.3161,1]},
{"frame":1044,"values":[-0.9999,-0.0151,-0.0022,0,-0.0031,0.0643,0.9979,0,-0.0149,0.9978,-0.0643,0,0,0.0138,0.3175,1]},
{"frame":1045,"values":[-0.9999,0.0166,-0.0022,0,-0.0011,0.0644,0.9979,0,0.0167,0.9978,-0.0643,0,0,0.0138,0.3205,1]},
{"frame":1046,"values":[-0.9987,0.051,-0.0022,0,0.0011,0.0644,0.9979,0,0.051,0.9966,-0.0643,0,0,0.0138,0.3257,1]},
{"frame":1047,"values":[-0.9965,0.0833,-0.0022,0,0.0032,0.0643,0.9979,0,0.0833,0.9944,-0.0643,0,0,0.0138,0.3304,1]},
{"frame":1048,"values":[-0.9939,0.11,-0.0022,0,0.0049,0.0642,0.9979,0,0.1099,0.9919,-0.0643,0,0,0.0138,0.3322,1]},
{"frame":1049,"values":[-0.991,0.134,-0.0022,0,0.0065,0.064,0.9979,0,0.1338,0.9889,-0.0643,0,0,0.0138,0.3312,1]},
{"frame":1050,"values":[-0.9878,0.1557,-0.0022,0,0.0079,0.0639,0.9979,0,0.1555,0.9857,-0.0643,0,0,0.0138,0.3286,1]},
{"frame":1051,"values":[-0.9855,0.1696,-0.0022,0,0.0088,0.0638,0.9979,0,0.1694,0.9834,-0.0643,0,0,0.0138,0.326,1]},
{"frame":1052,"values":[-0.9848,0.1738,-0.0022,0,0.009,0.0637,0.9979,0,0.1736,0.9827,-0.0643,0,0,0.0138,0.325,1]},
{"frame":1060,"values":[-1,0,0,0,0,-0.0018,1,0,0,1,0.0018,0,0,0.0138,0.325,1]},
{"frame":1061,"values":[-1,0,0,0,0,-0.0018,1,0,0,1,0.0018,0,0,0.0138,0.325,1]}]}},
{"name":"spine","index":2,"matrix":[0.9848,-0.0114,-0.1735,0,0.0121,0.9999,0.0028,0,0.1735,-0.0049,0.9848,0,0,0.1352,0,1],"rest":[1,0,0,0,0,1,0.0043,0,0,-0.0043,1,0,0,0.1352,0,1],"parentBoneIndex":1,"length":0.2166
,"animation":
{"name":"anim","property":"_matrix","dataType":3,"framePerSecond":30,"loopBehavior":1,"keys":[
{"frame":0,"values":[0.9848,-0.0114,-0.1735,0,0.0121,0.9999,0.0028,0,0.1735,-0.0049,0.9848,0,0,0.1352,0,1]},
{"frame":1,"values":[0.9848,-0.0114,-0.1735,0,0.0121,0.9999,0.0028,0,0.1735,-0.0049,0.9848,0,0,0.1352,0,1]},
{"frame":10,"values":[0.9848,-0.0114,-0.1735,0,0.0121,0.9999,0.0028,0,0.1735,-0.0049,0.9848,0,0,0.1352,0,1]},
{"frame":11,"values":[0.9848,-0.0114,-0.1735,0,0.0121,0.9999,0.0028,0,0.1735,-0.0049,0.9848,0,0,0.1352,0,1]},
{"frame":20,"values":[0.9848,-0.0114,-0.1735,0,0.0121,0.9999,0.0028,0,0.1735,-0.0049,0.9848,0,0,0.1352,0,1]},
{"frame":21,"values":[0.9848,-0.0114,-0.1735,0,0.0121,0.9999,0.0028,0,0.1735,-0.0049,0.9848,0,0,0.1352,0,1]},
{"frame":30,"values":[0.9848,-0.0114,-0.1735,0,0.0121,0.9999,0.0028,0,0.1735,-0.0049,0.9848,0,0,0.1352,0,1]},
{"frame":31,"values":[0.9848,-0.0114,-0.1735,0,0.0121,0.9999,0.0028,0,0.1735,-0.0049,0.9848,0,0,0.1352,0,1]},
{"frame":40,"values":[0.9848,-0.0114,-0.1735,0,0.0121,0.9999,0.0028,0,0.1735,-0.0049,0.9848,0,0,0.1352,0,1]},
{"frame":41,"values":[0.9848,-0.0114,-0.1735,0,0.0121,0.9999,0.0028,0,0.1735,-0.0049,0.9848,0,0,0.1352,0,1]},
{"frame":50,"values":[0.9848,-0.0114,-0.1735,0,0.0121,0.9999,0.0028,0,0.1735,-0.0049,0.9848,0,0,0.1352,0,1]},
{"frame":51,"values":[0.9848,-0.0114,-0.1735,0,0.0121,0.9999,0.0028,0,0.1735,-0.0049,0.9848,0,0,0.1352,0,1]},
{"frame":60,"values":[0.9848,-0.0114,-0.1735,0,0.0121,0.9999,0.0028,0,0.1735,-0.0049,0.9848,0,0,0.1352,0,1]},
{"frame":61,"values":[0.9848,-0.0114,-0.1735,0,0.0121,0.9999,0.0028,0,0.1735,-0.0049,0.9848,0,0,0.1352,0,1]},
{"frame":70,"values":[0.9848,-0.0114,-0.1735,0,0.0121,0.9999,0.0028,0,0.1735,-0.0049,0.9848,0,0,0.1352,0,1]},
{"frame":71,"values":[0.9848,-0.0114,-0.1735,0,0.0121,0.9999,0.0028,0,0.1735,-0.0049,0.9848,0,0,0.1352,0,1]},
{"frame":80,"values":[0.9848,-0.0114,-0.1735,0,0.0121,0.9999,0.0028,0,0.1735,-0.0049,0.9848,0,0,0.1352,0,1]},
{"frame":81,"values":[0.9848,-0.0114,-0.1735,0,0.0121,0.9999,0.0028,0,0.1735,-0.0049,0.9848,0,0,0.1352,0,1]},
{"frame":90,"values":[0.9848,-0.0114,-0.1735,0,0.0121,0.9999,0.0028,0,0.1735,-0.0049,0.9848,0,0,0.1352,0,1]},
{"frame":91,"values":[0.9848,-0.0114,-0.1735,0,0.0121,0.9999,0.0028,0,0.1735,-0.0049,0.9848,0,0,0.1352,0,1]},
