{"producer":{"name":"Blender","version":"3.4.1","exporter_version":"2.93.5","file":"foxM2.babylon"},
"autoClear":true,"clearColor":[0.0509,0.0509,0.0509],"gravity":[0,-9.81,0],
"materials":[{"name":"orangeFur","id":"orangeFur","customType":"BABYLON.PBRMaterial","albedo":[0.9647,0.0762,0.0467],"emissive":[0,0,0],"reflectivity":[0.5,0.5,0.5],"roughness":0.5,"alpha":1,"transparencyMode":0,"alphaCutOff":0.4,"metallic":0},
{"name":"creamFur","id":"creamFur","customType":"BABYLON.PBRMaterial","albedo":[1,0.552,0.314],"emissive":[0,0,0],"reflectivity":[0.5,0.5,0.5],"roughness":0.5,"alpha":1,"transparencyMode":0,"alphaCutOff":0.4,"metallic":0},
{"name":"brownFur","id":"brownFur","customType":"BABYLON.PBRMaterial","albedo":[0.0685,0.0222,0.007],"emissive":[0,0,0],"reflectivity":[0.5,0.5,0.5],"roughness":0.5,"alpha":1,"transparencyMode":0,"alphaCutOff":0.4,"metallic":0},
{"name":"mucusoids","id":"mucusoids","customType":"BABYLON.PBRMaterial","albedo":[0.0452,0.0018,0.0097],"emissive":[0,0,0],"reflectivity":[0.5,0.5,0.5],"roughness":0.5,"alpha":1,"transparencyMode":0,"alphaCutOff":0.4,"metallic":0},
{"name":"insides","id":"insides","customType":"BABYLON.PBRMaterial","albedo":[1,0.2159,0.2159],"emissive":[0,0,0],"reflectivity":[0.5,0.5,0.5],"roughness":0.5,"alpha":1,"transparencyMode":0,"alphaCutOff":0.4,"metallic":0},
{"name":"bone","id":"bone","customType":"BABYLON.PBRMaterial","albedo":[1,0.9216,0.6654],"emissive":[0,0,0],"reflectivity":[0.5,0.5,0.5],"roughness":0.5,"alpha":1,"transparencyMode":0,"alphaCutOff":0.4,"metallic":0}],
"multiMaterials":[{"name":"foxM2.Multimaterial#0","id":"foxM2.Multimaterial#0","materials":["orangeFur","creamFur","brownFur","mucusoids","insides","bone"]}],
"skeletons":[{"name":"characterSkeleton","id":0,"dimensionsAtRest":[1.053,1.3452,0.8138],"bones":[
{"name":"ROOT","index":0,"matrix":[-1,0,0,0,0,0,-1,0,0,1,0,0,0,0,0,1],"rest":[-1,0,0,0,0,0,-1,0,0,1,0,0,0,0,0,1],"parentBoneIndex":-1,"length":0.2
,"animation":
{"name":"anim","property":"_matrix","dataType":3,"framePerSecond":60,"loopBehavior":1,"keys":[
{"frame":0,"values":[-1,0,0,0,0,0,-1,0,0,1,0,0,0,0,0,1]},
{"frame":1,"values":[-1,0,0,0,0,0,-1,0,0,1,0,0,0,0,0,1]},
{"frame":10,"values":[-1,0,0,0,0,0,-1,0,0,1,0,0,0,0,0,1]},
{"frame":11,"values":[-1,0,0,0,0,0,-1,0,0,1,0,0,0,0,0,1]}]}},
{"name":"FOCUS","index":1,"matrix":[1,0,0,0,0,1,0,0,0,0,1,0,0,0,1.167,1],"rest":[1,0,0,0,0,1,0,0,0,0,1,0,0,0,1.167,1],"parentBoneIndex":0,"length":0.2
,"animation":
{"name":"anim","property":"_matrix","dataType":3,"framePerSecond":60,"loopBehavior":1,"keys":[
{"frame":0,"values":[1,0,0,0,0,1,0,0,0,0,1,0,0,0,1.167,1]},
{"frame":1,"values":[1,0,0,0,0,1,0,0,0,0,1,0,0,0,1.167,1]},
{"frame":10,"values":[1,0,0,0,0,1,0,0,0,0,1,0,0,0,1.167,1]},
{"frame":11,"values":[1,0,0,0,0,1,0,0,0,0,1,0,0,0,1.167,1]}]}},
{"name":"pelvis","index":2,"matrix":[-1,0,0,0,0,-0.0021,1,0,0,1,0.0021,0,0,0.0138,0.3736,1],"rest":[-1,0,0,0,0,-0.0021,1,0,0,1,0.0021,0,0,0.0138,0.3736,1],"parentBoneIndex":0,"length":0.1195
,"animation":
{"name":"anim","property":"_matrix","dataType":3,"framePerSecond":60,"loopBehavior":1,"keys":[
{"frame":0,"values":[-1,0,0,0,0,-0.0021,1,0,0,1,0.0021,0,0,0.0138,0.3736,1]},
{"frame":1,"values":[-1,0,0,0,0,-0.0021,1,0,0,1,0.0021,0,0,0.0138,0.3736,1]},
{"frame":10,"values":[-1,0,0,0,0,-0.0021,1,0,0,1,0.0021,0,0,0.0138,0.3736,1]},
{"frame":11,"values":[-1,0,0,0,0,-0.0021,1,0,0,1,0.0021,0,0,0.0138,0.3736,1]}]}},
{"name":"spine","index":3,"matrix":[1,0,0,0,0,1,0.0043,0,0,-0.0043,1,0,0,0.1195,0,1],"rest":[1,0,0,0,0,1,0.0043,0,0,-0.0043,1,0,0,0.1195,0,1],"parentBoneIndex":2,"length":0.2419
,"animation":
{"name":"anim","property":"_matrix","dataType":3,"framePerSecond":60,"loopBehavior":1,"keys":[
{"frame":0,"values":[1,0,0,0,0,1,0.0043,0,0,-0.0043,1,0,0,0.1195,0,1]},
{"frame":1,"values":[1,0,0,0,0,1,0.0043,0,0,-0.0043,1,0,0,0.1195,0,1]},
{"frame":10,"values":[1,0,0,0,0,1,0.0043,0,0,-0.0043,1,0,0,0.1195,0,1]},
{"frame":11,"values":[1,0,0,0,0,1,0.0043,0,0,-0.0043,1,0,0,0.1195,0,1]}]}},
{"name":"torso","index":4,"matrix":[1,0,0,0,0,1,-0.0022,0,0,0.0022,1,0,0,0.2419,0,1],"rest":[1,0,0,0,0,1,-0.0022,0,0,0.0022,1,0,0,0.2419,0,1],"parentBoneIndex":3,"length":0.2437
,"animation":
{"name":"anim","property":"_matrix","dataType":3,"framePerSecond":60,"loopBehavior":1,"keys":[
{"frame":0,"values":[1,0,0,0,0,1,-0.0022,0,0,0.0022,1,0,0,0.2419,0,1]},
{"frame":1,"values":[1,0,0,0,0,1,-0.0022,0,0,0.0022,1,0,0,0.2419,0,1]},
{"frame":10,"values":[1,0,0,0,0,1,-0.0022,0,0,0.0022,1,0,0,0.2419,0,1]},
{"frame":11,"values":[1,0,0,0,0,1,-0.0022,0,0,0.0022,1,0,0,0.2419,0,1]}]}},
{"name":"shoulder.L","index":5,"matrix":[0.0369,-0.1343,-0.9903,0,0.9076,-0.4102,0.0894,0,-0.4182,-0.902,0.1067,0,0.033,0.2191,-0.0028,1],"rest":[0.0369,-0.1343,-0.9903,0,0.9076,-0.4102,0.0894,0,-0.4182,-0.902,0.1067,0,0.033,0.2191,-0.0028,1],"parentBoneIndex":4,"length":0.0574
,"animation":
{"name":"anim","property":"_matrix","dataType":3,"framePerSecond":60,"loopBehavior":1,"keys":[
{"frame":0,"values":[0.0369,-0.1343,-0.9903,0,0.9076,-0.4102,0.0894,0,-0.4182,-0.902,0.1067,0,0.033,0.2191,-0.0028,1]},
{"frame":1,"values":[0.0369,-0.1343,-0.9903,0,0.9076,-0.4102,0.0894,0,-0.4182,-0.902,0.1067,0,0.033,0.2191,-0.0028,1]},
{"frame":10,"values":[0.0369,-0.1343,-0.9903,0,0.9076,-0.4102,0.0894,0,-0.4182,-0.902,0.1067,0,0.033,0.2191,-0.0028,1]},
{"frame":11,"values":[0.0369,-0.1343,-0.9903,0,0.9076,-0.4102,0.0894,0,-0.4182,-0.902,0.1067,0,0.033,0.2191,-0.0028,1]}]}},
{"name":"upperArm.L","index":6,"matrix":[0.9746,-0.1665,-0.15,0,0.1903,0.9685,0.1609,0,0.1184,-0.1853,0.9755,0,0,0.0574,0,1],"rest":[0.9746,-0.1665,-0.15,0,0.1903,0.9685,0.1609,0,0.1184,-0.1853,0.9755,0,0,0.0574,0,1],"parentBoneIndex":5,"length":0.1883
,"animation":
{"name":"anim","property":"_matrix","dataType":3,"framePerSecond":60,"loopBehavior":1,"keys":[
{"frame":0,"values":[0.9746,-0.1665,-0.15,0,0.1903,0.9685,0.1609,0,0.1184,-0.1853,0.9755,0,0,0.0574,0,1]},
{"frame":1,"values":[0.9746,-0.1665,-0.15,0,0.1903,0.9685,0.1609,0,0.1184,-0.1853,0.9755,0,0,0.0574,0,1]},
{"frame":10,"values":[0.9746,-0.1665,-0.15,0,0.1903,0.9685,0.1609,0,0.1184,-0.1853,0.9755,0,0,0.0574,0,1]},
{"frame":11,"values":[0.9746,-0.1665,-0.15,0,0.1903,0.9685,0.1609,0,0.1184,-0.1853,0.9755,0,0,0.0574,0,1]}]}},
{"name":"forearm.L","index":7,"matrix":[0.9948,0.0969,-0.0328,0,-0.1005,0.9852,-0.1389,0,0.0188,0.1415,0.9898,0,0,0.1883,0,1],"rest":[0.9948,0.0969,-0.0328,0,-0.1005,0.9852,-0.1389,0,0.0188,0.1415,0.9898,0,0,0.1883,0,1],"parentBoneIndex":6,"length":0.1351
,"animation":
{"name":"anim","property":"_matrix","dataType":3,"framePerSecond":60,"loopBehavior":1,"keys":[
{"frame":0,"values":[0.9948,0.0969,-0.0328,0,-0.1005,0.9852,-0.1389,0,0.0188,0.1415,0.9898,0,0,0.1883,0,1]},
{"frame":1,"values":[0.9948,0.0969,-0.0328,0,-0.1005,0.9852,-0.1389,0,0.0188,0.1415,0.9898,0,0,0.1883,0,1]},
{"frame":10,"values":[0.9948,0.0969,-0.0328,0,-0.1005,0.9852,-0.1389,0,0.0188,0.1415,0.9898,0,0,0.1883,0,1]},
{"frame":11,"values":[0.9948,0.0969,-0.0328,0,-0.1005,0.9852,-0.1389,0,0.0188,0.1415,0.9898,0,0,0.1883,0,1]}]}},
{"name":"wrist.L","index":8,"matrix":[0.9916,0.1034,-0.0774,0,-0.1132,0.9842,-0.1361,0,0.0621,0.1437,0.9877,0,0,0.1351,0,1],"rest":[0.9916,0.1034,-0.0774,0,-0.1132,0.9842,-0.1361,0,0.0621,0.1437,0.9877,0,0,0.1351,0,1],"parentBoneIndex":7,"length":0.0517
,"animation":
{"name":"anim","property":"_matrix","dataType":3,"framePerSecond":60,"loopBehavior":1,"keys":[
{"frame":0,"values":[0.9916,0.1034,-0.0774,0,-0.1132,0.9842,-0.1361,0,0.0621,0.1437,0.9877,0,0,0.1351,0,1]},
{"frame":1,"values":[0.9916,0.1034,-0.0774,0,-0.1132,0.9842,-0.1361,0,0.0621,0.1437,0.9877,0,0,0.1351,0,1]},
{"frame":10,"values":[0.9916,0.1034,-0.0774,0,-0.1132,0.9842,-0.1361,0,0.0621,0.1437,0.9877,0,0,0.1351,0,1]},
{"frame":11,"values":[0.9916,0.1034,-0.0774,0,-0.1132,0.9842,-0.1361,0,0.0621,0.1437,0.9877,0,0,0.1351,0,1]}]}},
{"name":"fingersMetacarpal.L","index":9,"matrix":[0.8942,-0.4018,0.1972,0,0.3885,0.9156,0.104,0,-0.2224,-0.0163,0.9748,0,0,0.0517,0,1],"rest":[0.8942,-0.4018,0.1972,0,0.3885,0.9156,0.104,0,-0.2224,-0.0163,0.9748,0,0,0.0517,0,1],"parentBoneIndex":8,"length":0.0331
,"animation":
{"name":"anim","property":"_matrix","dataType":3,"framePerSecond":60,"loopBehavior":1,"keys":[
{"frame":0,"values":[0.8942,-0.4018,0.1972,0,0.3885,0.9156,0.104,0,-0.2224,-0.0163,0.9748,0,0,0.0517,0,1]},
{"frame":1,"values":[0.8942,-0.4018,0.1972,0,0.3885,0.9156,0.104,0,-0.2224,-0.0163,0.9748,0,0,0.0517,0,1]},
{"frame":10,"values":[0.8942,-0.4018,0.1972,0,0.3885,0.9156,0.104,0,-0.2224,-0.0163,0.9748,0,0,0.0517,0,1]},
{"frame":11,"values":[0.8942,-0.4018,0.1972,0,0.3885,0.9156,0.104,0,-0.2224,-0.0163,0.9748,0,0,0.0517,0,1]}]}},
{"name":"fingersProximinalPhalanx.L","index":10,"matrix":[0.9618,0.2557,-0.0975,0,-0.254,0.9668,0.0298,0,0.1019,-0.0039,0.9948,0,0,0.0331,0,1],"rest":[0.9618,0.2557,-0.0975,0,-0.254,0.9668,0.0298,0,0.1019,-0.0039,0.9948,0,0,0.0331,0,1],"parentBoneIndex":9,"length":0.0362
,"animation":
{"name":"anim","property":"_matrix","dataType":3,"framePerSecond":60,"loopBehavior":1,"keys":[
{"frame":0,"values":[0.9618,0.2557,-0.0975,0,-0.254,0.9668,0.0298,0,0.1019,-0.0039,0.9948,0,0,0.0331,0,1]},
{"frame":1,"values":[0.9618,0.2557,-0.0975,0,-0.254,0.9668,0.0298,0,0.1019,-0.0039,0.9948,0,0,0.0331,0,1]},
{"frame":10,"values":[0.9618,0.2557,-0.0975,0,-0.254,0.9668,0.0298,0,0.1019,-0.0039,0.9948,0,0,0.0331,0,1]},
{"frame":11,"values":[0.9618,0.2557,-0.0975,0,-0.254,0.9668,0.0298,0,0.1019,-0.0039,0.9948,0,0,0.0331,0,1]}]}},
{"name":"fingersMiddlePhalanx.L","index":11,"matrix":[0.9999,-0.0103,0.0042,0,0.0103,0.9999,0,0,-0.0042,0.0001,1,0,0,0.0362,0,1],"rest":[0.9999,-0.0103,0.0042,0,0.0103,0.9999,0,0,-0.0042,0.0001,1,0,0,0.0362,0,1],"parentBoneIndex":10,"length":0.0301
,"animation":
{"name":"anim","property":"_matrix","dataType":3,"framePerSecond":60,"loopBehavior":1,"keys":[
{"frame":0,"values":[0.9999,-0.0103,0.0042,0,0.0103,0.9999,0,0,-0.0042,0.0001,1,0,0,0.0362,0,1]},
{"frame":1,"values":[0.9999,-0.0103,0.0042,0,0.0103,0.9999,0,0,-0.0042,0.0001,1,0,0,0.0362,0,1]},
{"frame":10,"values":[0.9999,-0.0103,0.0042,0,0.0103,0.9999,0,0,-0.0042,0.0001,1,0,0,0.0362,0,1]},
{"frame":11,"values":[0.9999,-0.0103,0.0042,0,0.0103,0.9999,0,0,-0.0042,0.0001,1,0,0,0.0362,0,1]}]}},
{"name":"fingersDistalPhalanx.L","index":12,"matrix":[0.9997,0.0208,-0.0085,0,-0.0208,0.9998,0.0002,0,0.0085,0,1,0,0,0.0301,0,1],"rest":[0.9997,0.0208,-0.0085,0,-0.0208,0.9998,0.0002,0,0.0085,0,1,0,0,0.0301,0,1],"parentBoneIndex":11,"length":0.0304
,"animation":
{"name":"anim","property":"_matrix","dataType":3,"framePerSecond":60,"loopBehavior":1,"keys":[
{"frame":0,"values":[0.9997,0.0208,-0.0085,0,-0.0208,0.9998,0.0002,0,0.0085,0,1,0,0,0.0301,0,1]},
{"frame":1,"values":[0.9997,0.0208,-0.0085,0,-0.0208,0.9998,0.0002,0,0.0085,0,1,0,0,0.0301,0,1]},
{"frame":10,"values":[0.9997,0.0208,-0.0085,0,-0.0208,0.9998,0.0002,0,0.0085,0,1,0,0,0.0301,0,1]},
{"frame":11,"values":[0.9997,0.0208,-0.0085,0,-0.0208,0.9998,0.0002,0,0.0085,0,1,0,0,0.0301,0,1]}]}},
{"name":"thumbMetacarpal.L","index":13,"matrix":[0.3705,0.2156,-0.9035,0,-0.4799,0.8772,0.0125,0,0.7952,0.429,0.4285,0,-0.0175,0.0228,-0.0042,1],"rest":[0.3705,0.2156,-0.9035,0,-0.4799,0.8772,0.0125,0,0.7952,0.429,0.4285,0,-0.0175,0.0228,-0.0042,1],"parentBoneIndex":8,"length":0.0336
,"animation":
{"name":"anim","property":"_matrix","dataType":3,"framePerSecond":60,"loopBehavior":1,"keys":[
{"frame":0,"values":[0.3705,0.2156,-0.9035,0,-0.4799,0.8772,0.0125,0,0.7952,0.429,0.4285,0,-0.0175,0.0228,-0.0042,1]},
{"frame":1,"values":[0.3705,0.2156,-0.9035,0,-0.4799,0.8772,0.0125,0,0.7952,0.429,0.4285,0,-0.0175,0.0228,-0.0042,1]},
{"frame":10,"values":[0.3705,0.2156,-0.9035,0,-0.4799,0.8772,0.0125,0,0.7952,0.429,0.4285,0,-0.0175,0.0228,-0.0042,1]},
{"frame":11,"values":[0.3705,0.2156,-0.9035,0,-0.4799,0.8772,0.0125,0,0.7952,0.429,0.4285,0,-0.0175,0.0228,-0.0042,1]}]}},
{"name":"thumbProximinalPhalanx.L","index":14,"matrix":[0.9995,-0.0326,-0.0034,0,0.0327,0.9987,0.0381,0,0.0022,-0.0381,0.9993,0,0,0.0336,0,1],"rest":[0.9995,-0.0326,-0.0034,0,0.0327,0.9987,0.0381,0,0.0022,-0.0381,0.9993,0,0,0.0336,0,1],"parentBoneIndex":13,"length":0.0465
,"animation":
{"name":"anim","property":"_matrix","dataType":3,"framePerSecond":60,"loopBehavior":1,"keys":[
{"frame":0,"values":[0.9995,-0.0326,-0.0034,0,0.0327,0.9987,0.0381,0,0.0022,-0.0381,0.9993,0,0,0.0336,0,1]},
{"frame":1,"values":[0.9995,-0.0326,-0.0034,0,0.0327,0.9987,0.0381,0,0.0022,-0.0381,0.9993,0,0,0.0336,0,1]},
{"frame":10,"values":[0.9995,-0.0326,-0.0034,0,0.0327,0.9987,0.0381,0,0.0022,-0.0381,0.9993,0,0,0.0336,0,1]},
{"frame":11,"values":[0.9995,-0.0326,-0.0034,0,0.0327,0.9987,0.0381,0,0.0022,-0.0381,0.9993,0,0,0.0336,0,1]}]}},
{"name":"thumbDistalPhalanx.L","index":15,"matrix":[0.9999,0.0081,-0.0095,0,-0.0084,0.9996,-0.0273,0,0.0093,0.0273,0.9996,0,0,0.0465,0,1],"rest":[0.9999,0.0081,-0.0095,0,-0.0084,0.9996,-0.0273,0,0.0093,0.0273,0.9996,0,0,0.0465,0,1],"parentBoneIndex":14,"length":0.0336
,"animation":
{"name":"anim","property":"_matrix","dataType":3,"framePerSecond":60,"loopBehavior":1,"keys":[
{"frame":0,"values":[0.9999,0.0081,-0.0095,0,-0.0084,0.9996,-0.0273,0,0.0093,0.0273,0.9996,0,0,0.0465,0,1]},
{"frame":1,"values":[0.9999,0.0081,-0.0095,0,-0.0084,0.9996,-0.0273,0,0.0093,0.0273,0.9996,0,0,0.0465,0,1]},
{"frame":10,"values":[0.9999,0.0081,-0.0095,0,-0.0084,0.9996,-0.0273,0,0.0093,0.0273,0.9996,0,0,0.0465,0,1]},
{"frame":11,"values":[0.9999,0.0081,-0.0095,0,-0.0084,0.9996,-0.0273,0,0.0093,0.0273,0.9996,0,0,0.0465,0,1]}]}},
{"name":"fingersPinkieMetacarpal.L","index":16,"matrix":[0.5222,-0.7949,0.3088,0,0.8025,0.5806,0.1374,0,-0.2885,0.1761,0.9411,0,0,0.0517,0,1],"rest":[0.5222,-0.7949,0.3088,0,0.8025,0.5806,0.1374,0,-0.2885,0.1761,0.9411,0,0,0.0517,0,1],"parentBoneIndex":8,"length":0.0419
,"animation":
{"name":"anim","property":"_matrix","dataType":3,"framePerSecond":60,"loopBehavior":1,"keys":[
{"frame":0,"values":[0.5222,-0.7949,0.3088,0,0.8025,0.5806,0.1374,0,-0.2885,0.1761,0.9411,0,0,0.0517,0,1]},
{"frame":1,"values":[0.5222,-0.7949,0.3088,0,0.8025,0.5806,0.1374,0,-0.2885,0.1761,0.9411,0,0,0.0517,0,1]},
{"frame":10,"values":[0.5222,-0.7949,0.3088,0,0.8025,0.5806,0.1374,0,-0.2885,0.1761,0.9411,0,0,0.0517,0,1]},
{"frame":11,"values":[0.5222,-0.7949,0.3088,0,0.8025,0.5806,0.1374,0,-0.2885,0.1761,0.9411,0,0,0.0517,0,1]}]}},
{"name":"fingersPinkieProximinalPhalanx.L","index":17,"matrix":[0.8475,0.5117,-0.1411,0,-0.4926,0.8572,0.15,0,0.1977,-0.0576,0.9786,0,0,0.0419,0,1],"rest":[0.8475,0.5117,-0.1411,0,-0.4926,0.8572,0.15,0,0.1977,-0.0576,0.9786,0,0,0.0419,0,1],"parentBoneIndex":16,"length":0.0334
,"animation":
{"name":"anim","property":"_matrix","dataType":3,"framePerSecond":60,"loopBehavior":1,"keys":[
{"frame":0,"values":[0.8475,0.5117,-0.1411,0,-0.4926,0.8572,0.15,0,0.1977,-0.0576,0.9786,0,0,0.0419,0,1]},
{"frame":1,"values":[0.8475,0.5117,-0.1411,0,-0.4926,0.8572,0.15,0,0.1977,-0.0576,0.9786,0,0,0.0419,0,1]},
{"frame":10,"values":[0.8475,0.5117,-0.1411,0,-0.4926,0.8572,0.15,0,0.1977,-0.0576,0.9786,0,0,0.0419,0,1]},
{"frame":11,"values":[0.8475,0.5117,-0.1411,0,-0.4926,0.8572,0.15,0,0.1977,-0.0576,0.9786,0,0,0.0419,0,1]}]}},
{"name":"fingersPinkieMiddlePhalanx.L","index":18,"matrix":[0.9998,0.0195,-0.0077,0,-0.0195,0.9998,0.0021,0,0.0077,-0.0019,1,0,0,0.0334,0,1],"rest":[0.9998,0.0195,-0.0077,0,-0.0195,0.9998,0.0021,0,0.0077,-0.0019,1,0,0,0.0334,0,1],"parentBoneIndex":17,"length":0.0303
,"animation":
{"name":"anim","property":"_matrix","dataType":3,"framePerSecond":60,"loopBehavior":1,"keys":[
{"frame":0,"values":[0.9998,0.0195,-0.0077,0,-0.0195,0.9998,0.0021,0,0.0077,-0.0019,1,0,0,0.0334,0,1]},
{"frame":1,"values":[0.9998,0.0195,-0.0077,0,-0.0195,0.9998,0.0021,0,0.0077,-0.0019,1,0,0,0.0334,0,1]},
{"frame":10,"values":[0.9998,0.0195,-0.0077,0,-0.0195,0.9998,0.0021,0,0.0077,-0.0019,1,0,0,0.0334,0,1]},
{"frame":11,"values":[0.9998,0.0195,-0.0077,0,-0.0195,0.9998,0.0021,0,0.0077,-0.0019,1,0,0,0.0334,0,1]}]}},
{"name":"fingersPinkieDistalPhalanx.L","index":19,"matrix":[1,0.0081,-0.0032,0,-0.0081,1,0.0008,0,0.0032,-0.0008,1,0,0,0.0303,0,1],"rest":[1,0.0081,-0.0032,0,-0.0081,1,0.0008,0,0.0032,-0.0008,1,0,0,0.0303,0,1],"parentBoneIndex":18,"length":0.03
,"animation":
{"name":"anim","property":"_matrix","dataType":3,"framePerSecond":60,"loopBehavior":1,"keys":[
{"frame":0,"values":[1,0.0081,-0.0032,0,-0.0081,1,0.0008,0,0.0032,-0.0008,1,0,0,0.0303,0,1]},
{"frame":1,"values":[1,0.0081,-0.0032,0,-0.0081,1,0.0008,0,0.0032,-0.0008,1,0,0,0.0303,0,1]},
{"frame":10,"values":[1,0.0081,-0.0032,0,-0.0081,1,0.0008,0,0.0032,-0.0008,1,0,0,0.0303,0,1]},
{"frame":11,"values":[1,0.0081,-0.0032,0,-0.0081,1,0.0008,0,0.0032,-0.0008,1,0,0,0.0303,0,1]}]}},
{"name":"fingersIndexMetacarpal.L","index":20,"matrix":[0.9344,0.3505,-0.063,0,-0.3506,0.9365,0.0093,0,0.0623,0.0134,0.998,0,0,0.0517,0,1],"rest":[0.9344,0.3505,-0.063,0,-0.3506,0.9365,0.0093,0,0.0623,0.0134,0.998,0,0,0.0517,0,1],"parentBoneIndex":8,"length":0.0302
,"animation":
{"name":"anim","property":"_matrix","dataType":3,"framePerSecond":60,"loopBehavior":1,"keys":[
{"frame":0,"values":[0.9344,0.3505,-0.063,0,-0.3506,0.9365,0.0093,0,0.0623,0.0134,0.998,0,0,0.0517,0,1]},
{"frame":1,"values":[0.9344,0.3505,-0.063,0,-0.3506,0.9365,0.0093,0,0.0623,0.0134,0.998,0,0,0.0517,0,1]},
{"frame":10,"values":[0.9344,0.3505,-0.063,0,-0.3506,0.9365,0.0093,0,0.0623,0.0134,0.998,0,0,0.0517,0,1]},
{"frame":11,"values":[0.9344,0.3505,-0.063,0,-0.3506,0.9365,0.0093,0,0.0623,0.0134,0.998,0,0,0.0517,0,1]}]}},
{"name":"fingersIndexProximinalPhalanx.L","index":21,"matrix":[0.9635,-0.2486,0.0991,0,0.2443,0.9682,0.054,0,-0.1094,-0.0278,0.9936,0,0,0.0302,0,1],"rest":[0.9635,-0.2486,0.0991,0,0.2443,0.9682,0.054,0,-0.1094,-0.0278,0.9936,0,0,0.0302,0,1],"parentBoneIndex":20,"length":0.0367
,"animation":
{"name":"anim","property":"_matrix","dataType":3,"framePerSecond":60,"loopBehavior":1,"keys":[
{"frame":0,"values":[0.9635,-0.2486,0.0991,0,0.2443,0.9682,0.054,0,-0.1094,-0.0278,0.9936,0,0,0.0302,0,1]},
{"frame":1,"values":[0.9635,-0.2486,0.0991,0,0.2443,0.9682,0.054,0,-0.1094,-0.0278,0.9936,0,0,0.0302,0,1]},
{"frame":10,"values":[0.9635,-0.2486,0.0991,0,0.2443,0.9682,0.054,0,-0.1094,-0.0278,0.9936,0,0,0.0302,0,1]},
{"frame":11,"values":[0.9635,-0.2486,0.0991,0,0.2443,0.9682,0.054,0,-0.1094,-0.0278,0.9936,0,0,0.0302,0,1]}]}},
{"name":"fingersIndexMiddlePhalanx.L","index":22,"matrix":[0.9998,0.0178,-0.0071,0,-0.0178,0.9998,-0.0017,0,0.007,0.0019,1,0,0,0.0367,0,1],"rest":[0.9998,0.0178,-0.0071,0,-0.0178,0.9998,-0.0017,0,0.007,0.0019,1,0,0,0.0367,0,1],"parentBoneIndex":21,"length":0.0303
,"animation":
{"name":"anim","property":"_matrix","dataType":3,"framePerSecond":60,"loopBehavior":1,"keys":[
{"frame":0,"values":[0.9998,0.0178,-0.0071,0,-0.0178,0.9998,-0.0017,0,0.007,0.0019,1,0,0,0.0367,0,1]},
{"frame":1,"values":[0.9998,0.0178,-0.0071,0,-0.0178,0.9998,-0.0017,0,0.007,0.0019,1,0,0,0.0367,0,1]},
{"frame":10,"values":[0.9998,0.0178,-0.0071,0,-0.0178,0.9998,-0.0017,0,0.007,0.0019,1,0,0,0.0367,0,1]},
{"frame":11,"values":[0.9998,0.0178,-0.0071,0,-0.0178,0.9998,-0.0017,0,0.007,0.0019,1,0,0,0.0367,0,1]}]}},
{"name":"fingersIndexDistalPhalanx.L","index":23,"matrix":[0.9999,0.0158,-0.0063,0,-0.0158,0.9999,-0.0017,0,0.0062,0.0018,1,0,0,0.0303,0,1],"rest":[0.9999,0.0158,-0.0063,0,-0.0158,0.9999,-0.0017,0,0.0062,0.0018,1,0,0,0.0303,0,1],"parentBoneIndex":22,"length":0.03
,"animation":
{"name":"anim","property":"_matrix","dataType":3,"framePerSecond":60,"loopBehavior":1,"keys":[
{"frame":0,"values":[0.9999,0.0158,-0.0063,0,-0.0158,0.9999,-0.0017,0,0.0062,0.0018,1,0,0,0.0303,0,1]},
{"frame":1,"values":[0.9999,0.0158,-0.0063,0,-0.0158,0.9999,-0.0017,0,0.0062,0.0018,1,0,0,0.0303,0,1]},
{"frame":10,"values":[0.9999,0.0158,-0.0063,0,-0.0158,0.9999,-0.0017,0,0.0062,0.0018,1,0,0,0.0303,0,1]},
{"frame":11,"values":[0.9999,0.0158,-0.0063,0,-0.0158,0.9999,-0.0017,0,0.0062,0.0018,1,0,0,0.0303,0,1]}]}},
{"name":"hand.L","index":24,"matrix":[0.4399,0.8939,0.0857,0,-0.1243,-0.0339,0.9917,0,0.8894,-0.4469,0.0962,0,0.0043,0.0566,0.0211,1],"rest":[0.4399,0.8939,0.0857,0,-0.1243,-0.0339,0.9917,0,0.8894,-0.4469,0.0962,0,0.0043,0.0566,0.0211,1],"parentBoneIndex":8,"length":0.2161
,"animation":
{"name":"anim","property":"_matrix","dataType":3,"framePerSecond":60,"loopBehavior":1,"keys":[
{"frame":0,"values":[0.4399,0.8939,0.0857,0,-0.1243,-0.0339,0.9917,0,0.8894,-0.4469,0.0962,0,0.0043,0.0566,0.0211,1]},
{"frame":1,"values":[0.4399,0.8939,0.0857,0,-0.1243,-0.0339,0.9917,0,0.8894,-0.4469,0.0962,0,0.0043,0.0566,0.0211,1]},
{"frame":10,"values":[0.4399,0.8939,0.0857,0,-0.1243,-0.0339,0.9917,0,0.8894,-0.4469,0.0962,0,0.0043,0.0566,0.0211,1]},
{"frame":11,"values":[0.4399,0.8939,0.0857,0,-0.1243,-0.0339,0.9917,0,0.8894,-0.4469,0.0962,0,0.0043,0.0566,0.0211,1]}]}},
{"name":"shoulder.R","index":25,"matrix":[0.0369,0.1343,0.9903,0,-0.9076,-0.4102,0.0894,0,0.4182,-0.902,0.1067,0,-0.033,0.2191,-0.0028,1],"rest":[0.0369,0.1343,0.9903,0,-0.9076,-0.4102,0.0894,0,0.4182,-0.902,0.1067,0,-0.033,0.2191,-0.0028,1],"parentBoneIndex":4,"length":0.0574
,"animation":
{"name":"anim","property":"_matrix","dataType":3,"framePerSecond":60,"loopBehavior":1,"keys":[
{"frame":0,"values":[0.0369,0.1343,0.9903,0,-0.9076,-0.4102,0.0894,0,0.4182,-0.902,0.1067,0,-0.033,0.2191,-0.0028,1]},
{"frame":1,"values":[0.0369,0.1343,0.9903,0,-0.9076,-0.4102,0.0894,0,0.4182,-0.902,0.1067,0,-0.033,0.2191,-0.0028,1]},
{"frame":10,"values":[0.0369,0.1343,0.9903,0,-0.9076,-0.4102,0.0894,0,0.4182,-0.902,0.1067,0,-0.033,0.2191,-0.0028,1]},
{"frame":11,"values":[0.0369,0.1343,0.9903,0,-0.9076,-0.4102,0.0894,0,0.4182,-0.902,0.1067,0,-0.033,0.2191,-0.0028,1]}]}},
{"name":"upperArm.R","index":26,"matrix":[0.9746,0.1665,0.15,0,-0.1903,0.9685,0.1609,0,-0.1184,-0.1853,0.9755,0,0,0.0574,0,1],"rest":[0.9746,0.1665,0.15,0,-0.1903,0.9685,0.1609,0,-0.1184,-0.1853,0.9755,0,0,0.0574,0,1],"parentBoneIndex":25,"length":0.1883
,"animation":
{"name":"anim","property":"_matrix","dataType":3,"framePerSecond":60,"loopBehavior":1,"keys":[
{"frame":0,"values":[0.9746,0.1665,0.15,0,-0.1903,0.9685,0.1609,0,-0.1184,-0.1853,0.9755,0,0,0.0574,0,1]},
{"frame":1,"values":[0.9746,0.1665,0.15,0,-0.1903,0.9685,0.1609,0,-0.1184,-0.1853,0.9755,0,0,0.0574,0,1]},
{"frame":10,"values":[0.9746,0.1665,0.15,0,-0.1903,0.9685,0.1609,0,-0.1184,-0.1853,0.9755,0,0,0.0574,0,1]},
{"frame":11,"values":[0.9746,0.1665,0.15,0,-0.1903,0.9685,0.1609,0,-0.1184,-0.1853,0.9755,0,0,0.0574,0,1]}]}},
{"name":"forearm.R","index":27,"matrix":[0.9948,-0.0969,0.0328,0,0.1005,0.9852,-0.1389,0,-0.0188,0.1415,0.9898,0,0,0.1883,0,1],"rest":[0.9948,-0.0969,0.0328,0,0.1005,0.9852,-0.1389,0,-0.0188,0.1415,0.9898,0,0,0.1883,0,1],"parentBoneIndex":26,"length":0.1351
,"animation":
{"name":"anim","property":"_matrix","dataType":3,"framePerSecond":60,"loopBehavior":1,"keys":[
{"frame":0,"values":[0.9948,-0.0969,0.0328,0,0.1005,0.9852,-0.1389,0,-0.0188,0.1415,0.9898,0,0,0.1883,0,1]},
{"frame":1,"values":[0.9948,-0.0969,0.0328,0,0.1005,0.9852,-0.1389,0,-0.0188,0.1415,0.9898,0,0,0.1883,0,1]},
{"frame":10,"values":[0.9948,-0.0969,0.0328,0,0.1005,0.9852,-0.1389,0,-0.0188,0.1415,0.9898,0,0,0.1883,0,1]},
{"frame":11,"values":[0.9948,-0.0969,0.0328,0,0.1005,0.9852,-0.1389,0,-0.0188,0.1415,0.9898,0,0,0.1883,0,1]}]}},
{"name":"wrist.R","index":28,"matrix":[0.9916,-0.1034,0.0774,0,0.1132,0.9842,-0.1361,0,-0.0621,0.1437,0.9877,0,0,0.1351,0,1],"rest":[0.9916,-0.1034,0.0774,0,0.1132,0.9842,-0.1361,0,-0.0621,0.1437,0.9877,0,0,0.1351,0,1],"parentBoneIndex":27,"length":0.0517
,"animation":
{"name":"anim","property":"_matrix","dataType":3,"framePerSecond":60,"loopBehavior":1,"keys":[
{"frame":0,"values":[0.9916,-0.1034,0.0774,0,0.1132,0.9842,-0.1361,0,-0.0621,0.1437,0.9877,0,0,0.1351,0,1]},
{"frame":1,"values":[0.9916,-0.1034,0.0774,0,0.1132,0.9842,-0.1361,0,-0.0621,0.1437,0.9877,0,0,0.1351,0,1]},
{"frame":10,"values":[0.9916,-0.1034,0.0774,0,0.1132,0.9842,-0.1361,0,-0.0621,0.1437,0.9877,0,0,0.1351,0,1]},
{"frame":11,"values":[0.9916,-0.1034,0.0774,0,0.1132,0.9842,-0.1361,0,-0.0621,0.1437,0.9877,0,0,0.1351,0,1]}]}},
{"name":"fingersMetacarpal.R","index":29,"matrix":[0.8942,0.4018,-0.1972,0,-0.3885,0.9156,0.104,0,0.2224,-0.0163,0.9748,0,0,0.0517,0,1],"rest":[0.8942,0.4018,-0.1972,0,-0.3885,0.9156,0.104,0,0.2224,-0.0163,0.9748,0,0,0.0517,0,1],"parentBoneIndex":28,"length":0.0331
,"animation":
{"name":"anim","property":"_matrix","dataType":3,"framePerSecond":60,"loopBehavior":1,"keys":[
{"frame":0,"values":[0.8942,0.4018,-0.1972,0,-0.3885,0.9156,0.104,0,0.2224,-0.0163,0.9748,0,0,0.0517,0,1]},
{"frame":1,"values":[0.8942,0.4018,-0.1972,0,-0.3885,0.9156,0.104,0,0.2224,-0.0163,0.9748,0,0,0.0517,0,1]},
{"frame":10,"values":[0.8942,0.4018,-0.1972,0,-0.3885,0.9156,0.104,0,0.2224,-0.0163,0.9748,0,0,0.0517,0,1]},
{"frame":11,"values":[0.8942,0.4018,-0.1972,0,-0.3885,0.9156,0.104,0,0.2224,-0.0163,0.9748,0,0,0.0517,0,1]}]}},
{"name":"fingersProximinalPhalanx.R","index":30,"matrix":[0.9618,-0.2557,0.0975,0,0.254,0.9668,0.0298,0,-0.1019,-0.0039,0.9948,0,0,0.0331,0,1],"rest":[0.9618,-0.2557,0.0975,0,0.254,0.9668,0.0298,0,-0.1019,-0.0039,0.9948,0,0,0.0331,0,1],"parentBoneIndex":29,"length":0.0362
,"animation":
{"name":"anim","property":"_matrix","dataType":3,"framePerSecond":60,"loopBehavior":1,"keys":[
{"frame":0,"values":[0.9618,-0.2557,0.0975,0,0.254,0.9668,0.0298,0,-0.1019,-0.0039,0.9948,0,0,0.0331,0,1]},
{"frame":1,"values":[0.9618,-0.2557,0.0975,0,0.254,0.9668,0.0298,0,-0.1019,-0.0039,0.9948,0,0,0.0331,0,1]},
{"frame":10,"values":[0.9618,-0.2557,0.0975,0,0.254,0.9668,0.0298,0,-0.1019,-0.0039,0.9948,0,0,0.0331,0,1]},
{"frame":11,"values":[0.9618,-0.2557,0.0975,0,0.254,0.9668,0.0298,0,-0.1019,-0.0039,0.9948,0,0,0.0331,0,1]}]}},
{"name":"fingersMiddlePhalanx.R","index":31,"matrix":[0.9999,0.0103,-0.0042,0,-0.0103,0.9999,0,0,0.0042,0.0001,1,0,0,0.0362,0,1],"rest":[0.9999,0.0103,-0.0042,0,-0.0103,0.9999,0,0,0.0042,0.0001,1,0,0,0.0362,0,1],"parentBoneIndex":30,"length":0.0301
,"animation":
{"name":"anim","property":"_matrix","dataType":3,"framePerSecond":60,"loopBehavior":1,"keys":[
{"frame":0,"values":[0.9999,0.0103,-0.0042,0,-0.0103,0.9999,0,0,0.0042,0.0001,1,0,0,0.0362,0,1]},
{"frame":1,"values":[0.9999,0.0103,-0.0042,0,-0.0103,0.9999,0,0,0.0042,0.0001,1,0,0,0.0362,0,1]},
{"frame":10,"values":[0.9999,0.0103,-0.0042,0,-0.0103,0.9999,0,0,0.0042,0.0001,1,0,0,0.0362,0,1]},
{"frame":11,"values":[0.9999,0.0103,-0.0042,0,-0.0103,0.9999,0,0,0.0042,0.0001,1,0,0,0.0362,0,1]}]}},
{"name":"fingersDistalPhalanx.R","index":32,"matrix":[0.9997,-0.0208,0.0085,0,0.0208,0.9998,0.0002,0,-0.0085,0,1,0,0,0.0301,0,1],"rest":[0.9997,-0.0208,0.0085,0,0.0208,0.9998,0.0002,0,-0.0085,0,1,0,0,0.0301,0,1],"parentBoneIndex":31,"length":0.0304
,"animation":
{"name":"anim","property":"_matrix","dataType":3,"framePerSecond":60,"loopBehavior":1,"keys":[
{"frame":0,"values":[0.9997,-0.0208,0.0085,0,0.0208,0.9998,0.0002,0,-0.0085,0,1,0,0,0.0301,0,1]},
{"frame":1,"values":[0.9997,-0.0208,0.0085,0,0.0208,0.9998,0.0002,0,-0.0085,0,1,0,0,0.0301,0,1]},
{"frame":10,"values":[0.9997,-0.0208,0.0085,0,0.0208,0.9998,0.0002,0,-0.0085,0,1,0,0,0.0301,0,1]},
{"frame":11,"values":[0.9997,-0.0208,0.0085,0,0.0208,0.9998,0.0002,0,-0.0085,0,1,0,0,0.0301,0,1]}]}},
{"name":"thumbMetacarpal.R","index":33,"matrix":[0.3705,-0.2156,0.9035,0,0.4799,0.8772,0.0125,0,-0.7952,0.429,0.4285,0,0.0175,0.0228,-0.0042,1],"rest":[0.3705,-0.2156,0.9035,0,0.4799,0.8772,0.0125,0,-0.7952,0.429,0.4285,0,0.0175,0.0228,-0.0042,1],"parentBoneIndex":28,"length":0.0336
,"animation":
{"name":"anim","property":"_matrix","dataType":3,"framePerSecond":60,"loopBehavior":1,"keys":[
{"frame":0,"values":[0.3705,-0.2156,0.9035,0,0.4799,0.8772,0.0125,0,-0.7952,0.429,0.4285,0,0.0175,0.0228,-0.0042,1]},
{"frame":1,"values":[0.3705,-0.2156,0.9035,0,0.4799,0.8772,0.0125,0,-0.7952,0.429,0.4285,0,0.0175,0.0228,-0.0042,1]},
{"frame":10,"values":[0.3705,-0.2156,0.9035,0,0.4799,0.8772,0.0125,0,-0.7952,0.429,0.4285,0,0.0175,0.0228,-0.0042,1]},
{"frame":11,"values":[0.3705,-0.2156,0.9035,0,0.4799,0.8772,0.0125,0,-0.7952,0.429,0.4285,0,0.0175,0.0228,-0.0042,1]}]}},
{"name":"thumbProximinalPhalanx.R","index":34,"matrix":[0.9995,0.0326,0.0034,0,-0.0327,0.9987,0.0381,0,-0.0022,-0.0381,0.9993,0,0,0.0336,0,1],"rest":[0.9995,0.0326,0.0034,0,-0.0327,0.9987,0.0381,0,-0.0022,-0.0381,0.9993,0,0,0.0336,0,1],"parentBoneIndex":33,"length":0.0465
,"animation":
{"name":"anim","property":"_matrix","dataType":3,"framePerSecond":60,"loopBehavior":1,"keys":[
{"frame":0,"values":[0.9995,0.0326,0.0034,0,-0.0327,0.9987,0.0381,0,-0.0022,-0.0381,0.9993,0,0,0.0336,0,1]},
{"frame":1,"values":[0.9995,0.0326,0.0034,0,-0.0327,0.9987,0.0381,0,-0.0022,-0.0381,0.9993,0,0,0.0336,0,1]},
{"frame":10,"values":[0.9995,0.0326,0.0034,0,-0.0327,0.9987,0.0381,0,-0.0022,-0.0381,0.9993,0,0,0.0336,0,1]},
{"frame":11,"values":[0.9995,0.0326,0.0034,0,-0.0327,0.9987,0.0381,0,-0.0022,-0.0381,0.9993,0,0,0.0336,0,1]}]}},
{"name":"thumbDistalPhalanx.R","index":35,"matrix":[0.9999,-0.0081,0.0095,0,0.0084,0.9996,-0.0273,0,-0.0093,0.0273,0.9996,0,0,0.0465,0,1],"rest":[0.9999,-0.0081,0.0095,0,0.0084,0.9996,-0.0273,0,-0.0093,0.0273,0.9996,0,0,0.0465,0,1],"parentBoneIndex":34,"length":0.0336
,"animation":
{"name":"anim","property":"_matrix","dataType":3,"framePerSecond":60,"loopBehavior":1,"keys":[
{"frame":0,"values":[0.9999,-0.0081,0.0095,0,0.0084,0.9996,-0.0273,0,-0.0093,0.0273,0.9996,0,0,0.0465,0,1]},
{"frame":1,"values":[0.9999,-0.0081,0.0095,0,0.0084,0.9996,-0.0273,0,-0.0093,0.0273,0.9996,0,0,0.0465,0,1]},
{"frame":10,"values":[0.9999,-0.0081,0.0095,0,0.0084,0.9996,-0.0273,0,-0.0093,0.0273,0.9996,0,0,0.0465,0,1]},
{"frame":11,"values":[0.9999,-0.0081,0.0095,0,0.0084,0.9996,-0.0273,0,-0.0093,0.0273,0.9996,0,0,0.0465,0,1]}]}},
{"name":"fingersPinkieMetacarpal.R","index":36,"matrix":[0.5222,0.7949,-0.3088,0,-0.8025,0.5806,0.1374,0,0.2885,0.1761,0.9411,0,0,0.0517,0,1],"rest":[0.5222,0.7949,-0.3088,0,-0.8025,0.5806,0.1374,0,0.2885,0.1761,0.9411,0,0,0.0517,0,1],"parentBoneIndex":28,"length":0.0419
,"animation":
{"name":"anim","property":"_matrix","dataType":3,"framePerSecond":60,"loopBehavior":1,"keys":[
{"frame":0,"values":[0.5222,0.7949,-0.3088,0,-0.8025,0.5806,0.1374,0,0.2885,0.1761,0.9411,0,0,0.0517,0,1]},
{"frame":1,"values":[0.5222,0.7949,-0.3088,0,-0.8025,0.5806,0.1374,0,0.2885,0.1761,0.9411,0,0,0.0517,0,1]},
{"frame":10,"values":[0.5222,0.7949,-0.3088,0,-0.8025,0.5806,0.1374,0,0.2885,0.1761,0.9411,0,0,0.0517,0,1]},
{"frame":11,"values":[0.5222,0.7949,-0.3088,0,-0.8025,0.5806,0.1374,0,0.2885,0.1761,0.9411,0,0,0.0517,0,1]}]}},
{"name":"fingersPinkieProximinalPhalanx.R","index":37,"matrix":[0.8475,-0.5117,0.1411,0,0.4926,0.8572,0.15,0,-0.1977,-0.0576,0.9786,0,0,0.0419,0,1],"rest":[0.8475,-0.5117,0.1411,0,0.4926,0.8572,0.15,0,-0.1977,-0.0576,0.9786,0,0,0.0419,0,1],"parentBoneIndex":36,"length":0.0334
,"animation":
{"name":"anim","property":"_matrix","dataType":3,"framePerSecond":60,"loopBehavior":1,"keys":[
{"frame":0,"values":[0.8475,-0.5117,0.1411,0,0.4926,0.8572,0.15,0,-0.1977,-0.0576,0.9786,0,0,0.0419,0,1]},
{"frame":1,"values":[0.8475,-0.5117,0.1411,0,0.4926,0.8572,0.15,0,-0.1977,-0.0576,0.9786,0,0,0.0419,0,1]},
{"frame":10,"values":[0.8475,-0.5117,0.1411,0,0.4926,0.8572,0.15,0,-0.1977,-0.0576,0.9786,0,0,0.0419,0,1]},
{"frame":11,"values":[0.8475,-0.5117,0.1411,0,0.4926,0.8572,0.15,0,-0.1977,-0.0576,0.9786,0,0,0.0419,0,1]}]}},
{"name":"fingersPinkieMiddlePhalanx.R","index":38,"matrix":[0.9998,-0.0195,0.0077,0,0.0195,0.9998,0.0021,0,-0.0077,-0.0019,1,0,0,0.0334,0,1],"rest":[0.9998,-0.0195,0.0077,0,0.0195,0.9998,0.0021,0,-0.0077,-0.0019,1,0,0,0.0334,0,1],"parentBoneIndex":37,"length":0.0303
,"animation":
{"name":"anim","property":"_matrix","dataType":3,"framePerSecond":60,"loopBehavior":1,"keys":[
{"frame":0,"values":[0.9998,-0.0195,0.0077,0,0.0195,0.9998,0.0021,0,-0.0077,-0.0019,1,0,0,0.0334,0,1]},
{"frame":1,"values":[0.9998,-0.0195,0.0077,0,0.0195,0.9998,0.0021,0,-0.0077,-0.0019,1,0,0,0.0334,0,1]},
{"frame":10,"values":[0.9998,-0.0195,0.0077,0,0.0195,0.9998,0.0021,0,-0.0077,-0.0019,1,0,0,0.0334,0,1]},
{"frame":11,"values":[0.9998,-0.0195,0.0077,0,0.0195,0.9998,0.0021,0,-0.0077,-0.0019,1,0,0,0.0334,0,1]}]}},
{"name":"fingersPinkieDistalPhalanx.R","index":39,"matrix":[1,-0.0081,0.0032,0,0.0081,1,0.0008,0,-0.0032,-0.0008,1,0,0,0.0303,0,1],"rest":[1,-0.0081,0.0032,0,0.0081,1,0.0008,0,-0.0032,-0.0008,1,0,0,0.0303,0,1],"parentBoneIndex":38,"length":0.03
,"animation":
{"name":"anim","property":"_matrix","dataType":3,"framePerSecond":60,"loopBehavior":1,"keys":[
{"frame":0,"values":[1,-0.0081,0.0032,0,0.0081,1,0.0008,0,-0.0032,-0.0008,1,0,0,0.0303,0,1]},
{"frame":1,"values":[1,-0.0081,0.0032,0,0.0081,1,0.0008,0,-0.0032,-0.0008,1,0,0,0.0303,0,1]},
{"frame":10,"values":[1,-0.0081,0.0032,0,0.0081,1,0.0008,0,-0.0032,-0.0008,1,0,0,0.0303,0,1]},
{"frame":11,"values":[1,-0.0081,0.0032,0,0.0081,1,0.0008,0,-0.0032,-0.0008,1,0,0,0.0303,0,1]}]}},
{"name":"fingersIndexMetacarpal.R","index":40,"matrix":[0.9344,-0.3505,0.063,0,0.3506,0.9365,0.0093,0,-0.0623,0.0134,0.998,0,0,0.0517,0,1],"rest":[0.9344,-0.3505,0.063,0,0.3506,0.9365,0.0093,0,-0.0623,0.0134,0.998,0,0,0.0517,0,1],"parentBoneIndex":28,"length":0.0302
,"animation":
{"name":"anim","property":"_matrix","dataType":3,"framePerSecond":60,"loopBehavior":1,"keys":[
{"frame":0,"values":[0.9344,-0.3505,0.063,0,0.3506,0.9365,0.0093,0,-0.0623,0.0134,0.998,0,0,0.0517,0,1]},
{"frame":1,"values":[0.9344,-0.3505,0.063,0,0.3506,0.9365,0.0093,0,-0.0623,0.0134,0.998,0,0,0.0517,0,1]},
{"frame":10,"values":[0.9344,-0.3505,0.063,0,0.3506,0.9365,0.0093,0,-0.0623,0.0134,0.998,0,0,0.0517,0,1]},
{"frame":11,"values":[0.9344,-0.3505,0.063,0,0.3506,0.9365,0.0093,0,-0.0623,0.0134,0.998,0,0,0.0517,0,1]}]}},
{"name":"fingersIndexProximinalPhalanx.R","index":41,"matrix":[0.9635,0.2486,-0.0991,0,-0.2443,0.9682,0.054,0,0.1094,-0.0278,0.9936,0,0,0.0302,0,1],"rest":[0.9635,0.2486,-0.0991,0,-0.2443,0.9682,0.054,0,0.1094,-0.0278,0.9936,0,0,0.0302,0,1],"parentBoneIndex":40,"length":0.0367
,"animation":
{"name":"anim","property":"_matrix","dataType":3,"framePerSecond":60,"loopBehavior":1,"keys":[
{"frame":0,"values":[0.9635,0.2486,-0.0991,0,-0.2443,0.9682,0.054,0,0.1094,-0.0278,0.9936,0,0,0.0302,0,1]},
{"frame":1,"values":[0.9635,0.2486,-0.0991,0,-0.2443,0.9682,0.054,0,0.1094,-0.0278,0.9936,0,0,0.0302,0,1]},
{"frame":10,"values":[0.9635,0.2486,-0.0991,0,-0.2443,0.9682,0.054,0,0.1094,-0.0278,0.9936,0,0,0.0302,0,1]},
{"frame":11,"values":[0.9635,0.2486,-0.0991,0,-0.2443,0.9682,0.054,0,0.1094,-0.0278,0.9936,0,0,0.0302,0,1]}]}},
{"name":"fingersIndexMiddlePhalanx.R","index":42,"matrix":[0.9998,-0.0178,0.0071,0,0.0178,0.9998,-0.0017,0,-0.007,0.0019,1,0,0,0.0367,0,1],"rest":[0.9998,-0.0178,0.0071,0,0.0178,0.9998,-0.0017,0,-0.007,0.0019,1,0,0,0.0367,0,1],"parentBoneIndex":41,"length":0.0303
,"animation":
{"name":"anim","property":"_matrix","dataType":3,"framePerSecond":60,"loopBehavior":1,"keys":[
{"frame":0,"values":[0.9998,-0.0178,0.0071,0,0.0178,0.9998,-0.0017,0,-0.007,0.0019,1,0,0,0.0367,0,1]},
{"frame":1,"values":[0.9998,-0.0178,0.0071,0,0.0178,0.9998,-0.0017,0,-0.007,0.0019,1,0,0,0.0367,0,1]},
{"frame":10,"values":[0.9998,-0.0178,0.0071,0,0.0178,0.9998,-0.0017,0,-0.007,0.0019,1,0,0,0.0367,0,1]},
{"frame":11,"values":[0.9998,-0.0178,0.0071,0,0.0178,0.9998,-0.0017,0,-0.007,0.0019,1,0,0,0.0367,0,1]}]}},
{"name":"fingersIndexDistalPhalanx.R","index":43,"matrix":[0.9999,-0.0158,0.0063,0,0.0158,0.9999,-0.0017,0,-0.0062,0.0018,1,0,0,0.0303,0,1],"rest":[0.9999,-0.0158,0.0063,0,0.0158,0.9999,-0.0017,0,-0.0062,0.0018,1,0,0,0.0303,0,1],"parentBoneIndex":42,"length":0.03
,"animation":
{"name":"anim","property":"_matrix","dataType":3,"framePerSecond":60,"loopBehavior":1,"keys":[
{"frame":0,"values":[0.9999,-0.0158,0.0063,0,0.0158,0.9999,-0.0017,0,-0.0062,0.0018,1,0,0,0.0303,0,1]},
{"frame":1,"values":[0.9999,-0.0158,0.0063,0,0.0158,0.9999,-0.0017,0,-0.0062,0.0018,1,0,0,0.0303,0,1]},
{"frame":10,"values":[0.9999,-0.0158,0.0063,0,0.0158,0.9999,-0.0017,0,-0.0062,0.0018,1,0,0,0.0303,0,1]},
{"frame":11,"values":[0.9999,-0.0158,0.0063,0,0.0158,0.9999,-0.0017,0,-0.0062,0.0018,1,0,0,0.0303,0,1]}]}},
{"name":"hand.R","index":44,"matrix":[0.4399,-0.8939,-0.0857,0,0.1243,-0.0339,0.9917,0,-0.8894,-0.4469,0.0962,0,-0.0043,0.0566,0.0211,1],"rest":[0.4399,-0.8939,-0.0857,0,0.1243,-0.0339,0.9917,0,-0.8894,-0.4469,0.0962,0,-0.0043,0.0566,0.0211,1],"parentBoneIndex":28,"length":0.2161
,"animation":
{"name":"anim","property":"_matrix","dataType":3,"framePerSecond":60,"loopBehavior":1,"keys":[
{"frame":0,"values":[0.4399,-0.8939,-0.0857,0,0.1243,-0.0339,0.9917,0,-0.8894,-0.4469,0.0962,0,-0.0043,0.0566,0.0211,1]},
{"frame":1,"values":[0.4399,-0.8939,-0.0857,0,0.1243,-0.0339,0.9917,0,-0.8894,-0.4469,0.0962,0,-0.0043,0.0566,0.0211,1]},
{"frame":10,"values":[0.4399,-0.8939,-0.0857,0,0.1243,-0.0339,0.9917,0,-0.8894,-0.4469,0.0962,0,-0.0043,0.0566,0.0211,1]},
{"frame":11,"values":[0.4399,-0.8939,-0.0857,0,0.1243,-0.0339,0.9917,0,-0.8894,-0.4469,0.0962,0,-0.0043,0.0566,0.0211,1]}]}},
{"name":"neck","index":45,"matrix":[1,0,0,0,0,1,0,0,0,0,1,0,0,0.2437,0,1],"rest":[1,0,0,0,0,1,0,0,0,0,1,0,0,0.2437,0,1],"parentBoneIndex":4,"length":0.0736
,"animation":
{"name":"anim","property":"_matrix","dataType":3,"framePerSecond":60,"loopBehavior":1,"keys":[
{"frame":0,"values":[1,0,0,0,0,1,0,0,0,0,1,0,0,0.2437,0,1]},
{"frame":1,"values":[1,0,0,0,0,1,0,0,0,0,1,0,0,0.2437,0,1]},
{"frame":10,"values":[1,0,0,0,0,1,0,0,0,0,1,0,0,0.2437,0,1]},
{"frame":11,"values":[1,0,0,0,0,1,0,0,0,0,1,0,0,0.2437,0,1]}]}},
{"name":"head","index":46,"matrix":[1,0,0,0,0,1,-0.0006,0,0,0.0006,1,0,0,0.0736,0,1],"rest":[1,0,0,0,0,1,-0.0006,0,0,0.0006,1,0,0,0.0736,0,1],"parentBoneIndex":45,"length":0.2055
,"animation":
{"name":"anim","property":"_matrix","dataType":3,"framePerSecond":60,"loopBehavior":1,"keys":[
{"frame":0,"values":[1,0,0,0,0,1,-0.0006,0,0,0.0006,1,0,0,0.0736,0,1]},
{"frame":1,"values":[1,0,0,0,0,1,-0.0006,0,0,0.0006,1,0,0,0.0736,0,1]},
{"frame":10,"values":[1,0,0,0,0,1,-0.0006,0,0,0.0006,1,0,0,0.0736,0,1]},
{"frame":11,"values":[1,0,0,0,0,1,-0.0006,0,0,0.0006,1,0,0,0.0736,0,1]}]}},
{"name":"eye.L","index":47,"matrix":[0.0352,0.9981,0.0508,0,0.0502,-0.0526,0.9974,0,0.9981,-0.0325,-0.052,0,0.0455,0.1117,0.0619,1],"rest":[0.0352,0.9981,0.0508,0,0.0502,-0.0526,0.9974,0,0.9981,-0.0325,-0.052,0,0.0455,0.1117,0.0619,1],"parentBoneIndex":46,"length":0.0512
,"animation":
{"name":"anim","property":"_matrix","dataType":3,"framePerSecond":60,"loopBehavior":1,"keys":[
{"frame":0,"values":[0.0352,0.9981,0.0508,0,0.0502,-0.0526,0.9974,0,0.9981,-0.0325,-0.052,0,0.0455,0.1117,0.0619,1]},
{"frame":1,"values":[0.0352,0.9981,0.0508,0,0.0502,-0.0526,0.9974,0,0.9981,-0.0325,-0.052,0,0.0455,0.1117,0.0619,1]},
{"frame":10,"values":[0.0352,0.9981,0.0508,0,0.0502,-0.0526,0.9974,0,0.9981,-0.0325,-0.052,0,0.0455,0.1117,0.0619,1]},
{"frame":11,"values":[0.0352,0.9981,0.0508,0,0.0502,-0.0526,0.9974,0,0.9981,-0.0325,-0.052,0,0.0455,0.1117,0.0619,1]}]}},
{"name":"eye.R","index":48,"matrix":[0.0352,-0.9981,-0.0508,0,-0.0502,-0.0526,0.9974,0,-0.9981,-0.0325,-0.052,0,-0.0455,0.1117,0.0619,1],"rest":[0.0352,-0.9981,-0.0508,0,-0.0502,-0.0526,0.9974,0,-0.9981,-0.0325,-0.052,0,-0.0455,0.1117,0.0619,1],"parentBoneIndex":46,"length":0.0512
,"animation":
{"name":"anim","property":"_matrix","dataType":3,"framePerSecond":60,"loopBehavior":1,"keys":[
{"frame":0,"values":[0.0352,-0.9981,-0.0508,0,-0.0502,-0.0526,0.9974,0,-0.9981,-0.0325,-0.052,0,-0.0455,0.1117,0.0619,1]},
{"frame":1,"values":[0.0352,-0.9981,-0.0508,0,-0.0502,-0.0526,0.9974,0,-0.9981,-0.0325,-0.052,0,-0.0455,0.1117,0.0619,1]},
{"frame":10,"values":[0.0352,-0.9981,-0.0508,0,-0.0502,-0.0526,0.9974,0,-0.9981,-0.0325,-0.052,0,-0.0455,0.1117,0.0619,1]},
{"frame":11,"values":[0.0352,-0.9981,-0.0508,0,-0.0502,-0.0526,0.9974,0,-0.9981,-0.0325,-0.052,0,-0.0455,0.1117,0.0619,1]}]}},
{"name":"jaw","index":49,"matrix":[-1,0,0,0,0,-0.306,0.952,0,0,0.952,0.306,0,0,0.0396,0.0144,1],"rest":[-1,0,0,0,0,-0.306,0.952,0,0,0.952,0.306,0,0,0.0396,0.0144,1],"parentBoneIndex":46,"length":0.1889
