{"producer":{"name":"Blender","version":"3.4.1","exporter_version":"2.93.5","file":"bellwether.babylon"},
"autoClear":true,"clearColor":[0.0509,0.0509,0.0509],"gravity":[0,-9.81,0],
"skeletons":[{"name":"characterSkeleton","id":0,"dimensionsAtRest":[0.9244,1.2564,0.318],"bones":[
{"name":"ROOT","index":0,"matrix":[-1,0,0,0,0,0,-1,0,0,1,0,0,0,0,0,1],"rest":[-1,0,0,0,0,0,-1,0,0,1,0,0,0,0,0,1],"parentBoneIndex":-1,"length":0.2
,"animation":
{"name":"anim","property":"_matrix","dataType":3,"framePerSecond":24,"loopBehavior":1,"keys":[
{"frame":0,"values":[-1,0,0,0,0,0,-1,0,0,1,0,0,0,0,0,1]},
{"frame":1,"values":[-1,0,0,0,0,0,-1,0,0,1,0,0,0,0,0,1]}]}},
{"name":"FOCUS","index":1,"matrix":[1,0,0,0,0,1,0,0,0,0,1,0,0,0,1.0238,1],"rest":[1,0,0,0,0,1,0,0,0,0,1,0,0,0,1.0238,1],"parentBoneIndex":0,"length":0.2
,"animation":
{"name":"anim","property":"_matrix","dataType":3,"framePerSecond":24,"loopBehavior":1,"keys":[
{"frame":0,"values":[1,0,0,0,0,1,0,0,0,0,1,0,0,0,1.0238,1]},
{"frame":1,"values":[1,0,0,0,0,1,0,0,0,0,1,0,0,0,1.0238,1]}]}},
{"name":"pelvis","index":2,"matrix":[-1,0,0,0,0,-0.005,1,0,0,1,0.005,0,0,0.0138,0.4542,1],"rest":[-1,0,0,0,0,-0.005,1,0,0,1,0.005,0,0,0.0138,0.4542,1],"parentBoneIndex":0,"length":0.0492
,"animation":
{"name":"anim","property":"_matrix","dataType":3,"framePerSecond":24,"loopBehavior":1,"keys":[
{"frame":0,"values":[-1,0,0,0,0,-0.005,1,0,0,1,0.005,0,0,0.0138,0.4542,1]},
{"frame":1,"values":[-1,0,0,0,0,-0.005,1,0,0,1,0.005,0,0,0.0138,0.4542,1]}]}},
{"name":"spine","index":3,"matrix":[1,0,0,0,0,1,0.0087,0,0,-0.0087,1,0,0,0.0492,0,1],"rest":[1,0,0,0,0,1,0.0087,0,0,-0.0087,1,0,0,0.0492,0,1],"parentBoneIndex":2,"length":0.1457
,"animation":
{"name":"anim","property":"_matrix","dataType":3,"framePerSecond":24,"loopBehavior":1,"keys":[
{"frame":0,"values":[1,0,0,0,0,1,0.0087,0,0,-0.0087,1,0,0,0.0492,0,1]},
{"frame":1,"values":[1,0,0,0,0,1,0.0087,0,0,-0.0087,1,0,0,0.0492,0,1]}]}},
{"name":"torso","index":4,"matrix":[1,0,0,0,0,1,-0.0037,0,0,0.0037,1,0,0,0.1457,0,1],"rest":[1,0,0,0,0,1,-0.0037,0,0,0.0037,1,0,0,0.1457,0,1],"parentBoneIndex":3,"length":0.2101
,"animation":
{"name":"anim","property":"_matrix","dataType":3,"framePerSecond":24,"loopBehavior":1,"keys":[
{"frame":0,"values":[1,0,0,0,0,1,-0.0037,0,0,0.0037,1,0,0,0.1457,0,1]},
{"frame":1,"values":[1,0,0,0,0,1,-0.0037,0,0,0.0037,1,0,0,0.1457,0,1]}]}},
{"name":"shoulder.L","index":5,"matrix":[0.02,-0.1215,-0.9924,0,0.9187,-0.3895,0.0662,0,-0.3945,-0.913,0.1039,0,0.0451,0.1948,-0.0076,1],"rest":[0.02,-0.1215,-0.9924,0,0.9187,-0.3895,0.0662,0,-0.3945,-0.913,0.1039,0,0.0451,0.1948,-0.0076,1],"parentBoneIndex":4,"length":0.0488
,"animation":
{"name":"anim","property":"_matrix","dataType":3,"framePerSecond":24,"loopBehavior":1,"keys":[
{"frame":0,"values":[0.02,-0.1215,-0.9924,0,0.9187,-0.3895,0.0662,0,-0.3945,-0.913,0.1039,0,0.0451,0.1948,-0.0076,1]},
{"frame":1,"values":[0.02,-0.1215,-0.9924,0,0.9187,-0.3895,0.0662,0,-0.3945,-0.913,0.1039,0,0.0451,0.1948,-0.0076,1]}]}},
{"name":"upperArm.L","index":6,"matrix":[0.9917,-0.0353,-0.1233,0,0.0684,0.9587,0.2759,0,0.1084,-0.2821,0.9532,0,0,0.0488,0,1],"rest":[0.9917,-0.0353,-0.1233,0,0.0684,0.9587,0.2759,0,0.1084,-0.2821,0.9532,0,0,0.0488,0,1],"parentBoneIndex":5,"length":0.1766
,"animation":
{"name":"anim","property":"_matrix","dataType":3,"framePerSecond":24,"loopBehavior":1,"keys":[
{"frame":0,"values":[0.9917,-0.0353,-0.1233,0,0.0684,0.9587,0.2759,0,0.1084,-0.2821,0.9532,0,0,0.0488,0,1]},
{"frame":1,"values":[0.9917,-0.0353,-0.1233,0,0.0684,0.9587,0.2759,0,0.1084,-0.2821,0.9532,0,0,0.0488,0,1]}]}},
{"name":"forearm.L","index":7,"matrix":[0.9982,-0.0395,-0.0446,0,0.0376,0.9983,-0.0438,0,0.0463,0.0421,0.998,0,0,0.1766,0,1],"rest":[0.9982,-0.0395,-0.0446,0,0.0376,0.9983,-0.0438,0,0.0463,0.0421,0.998,0,0,0.1766,0,1],"parentBoneIndex":6,"length":0.1322
,"animation":
{"name":"anim","property":"_matrix","dataType":3,"framePerSecond":24,"loopBehavior":1,"keys":[
{"frame":0,"values":[0.9982,-0.0395,-0.0446,0,0.0376,0.9983,-0.0438,0,0.0463,0.0421,0.998,0,0,0.1766,0,1]},
{"frame":1,"values":[0.9982,-0.0395,-0.0446,0,0.0376,0.9983,-0.0438,0,0.0463,0.0421,0.998,0,0,0.1766,0,1]}]}},
{"name":"wrist.L","index":8,"matrix":[0.9902,-0.1348,-0.0359,0,0.1381,0.9839,0.1136,0,0.02,-0.1174,0.9929,0,0,0.1322,0,1],"rest":[0.9902,-0.1348,-0.0359,0,0.1381,0.9839,0.1136,0,0.02,-0.1174,0.9929,0,0,0.1322,0,1],"parentBoneIndex":7,"length":0.0337
,"animation":
{"name":"anim","property":"_matrix","dataType":3,"framePerSecond":24,"loopBehavior":1,"keys":[
{"frame":0,"values":[0.9902,-0.1348,-0.0359,0,0.1381,0.9839,0.1136,0,0.02,-0.1174,0.9929,0,0,0.1322,0,1]},
{"frame":1,"values":[0.9902,-0.1348,-0.0359,0,0.1381,0.9839,0.1136,0,0.02,-0.1174,0.9929,0,0,0.1322,0,1]}]}},
{"name":"fingersMetacarpal.L","index":9,"matrix":[0.9294,-0.2817,0.2386,0,0.3247,0.9313,-0.1652,0,-0.1757,0.231,0.957,0,0,0.0337,0,1],"rest":[0.9294,-0.2817,0.2386,0,0.3247,0.9313,-0.1652,0,-0.1757,0.231,0.957,0,0,0.0337,0,1],"parentBoneIndex":8,"length":0.0409
,"animation":
{"name":"anim","property":"_matrix","dataType":3,"framePerSecond":24,"loopBehavior":1,"keys":[
{"frame":0,"values":[0.9294,-0.2817,0.2386,0,0.3247,0.9313,-0.1652,0,-0.1757,0.231,0.957,0,0,0.0337,0,1]},
{"frame":1,"values":[0.9294,-0.2817,0.2386,0,0.3247,0.9313,-0.1652,0,-0.1757,0.231,0.957,0,0,0.0337,0,1]}]}},
{"name":"fingersProximinalPhalanx.L","index":10,"matrix":[0.9043,0.4251,-0.0386,0,-0.4154,0.8974,0.1489,0,0.098,-0.1186,0.9881,0,0,0.0409,0,1],"rest":[0.9043,0.4251,-0.0386,0,-0.4154,0.8974,0.1489,0,0.098,-0.1186,0.9881,0,0,0.0409,0,1],"parentBoneIndex":9,"length":0.0337
,"animation":
{"name":"anim","property":"_matrix","dataType":3,"framePerSecond":24,"loopBehavior":1,"keys":[
{"frame":0,"values":[0.9043,0.4251,-0.0386,0,-0.4154,0.8974,0.1489,0,0.098,-0.1186,0.9881,0,0,0.0409,0,1]},
{"frame":1,"values":[0.9043,0.4251,-0.0386,0,-0.4154,0.8974,0.1489,0,0.098,-0.1186,0.9881,0,0,0.0409,0,1]}]}},
{"name":"fingersMiddlePhalanx.L","index":11,"matrix":[0.9987,0.0246,0.0456,0,-0.0264,0.9989,0.0394,0,-0.0446,-0.0405,0.9982,0,0,0.0337,0,1],"rest":[0.9987,0.0246,0.0456,0,-0.0264,0.9989,0.0394,0,-0.0446,-0.0405,0.9982,0,0,0.0337,0,1],"parentBoneIndex":10,"length":0.0231
,"animation":
{"name":"anim","property":"_matrix","dataType":3,"framePerSecond":24,"loopBehavior":1,"keys":[
{"frame":0,"values":[0.9987,0.0246,0.0456,0,-0.0264,0.9989,0.0394,0,-0.0446,-0.0405,0.9982,0,0,0.0337,0,1]},
{"frame":1,"values":[0.9987,0.0246,0.0456,0,-0.0264,0.9989,0.0394,0,-0.0446,-0.0405,0.9982,0,0,0.0337,0,1]}]}},
{"name":"fingersDistalPhalanx.L","index":12,"matrix":[0.9963,-0.0082,0.0853,0,-0.0003,0.9951,0.0991,0,-0.0857,-0.0988,0.9914,0,0,0.0231,0,1],"rest":[0.9963,-0.0082,0.0853,0,-0.0003,0.9951,0.0991,0,-0.0857,-0.0988,0.9914,0,0,0.0231,0,1],"parentBoneIndex":11,"length":0.0416
,"animation":
{"name":"anim","property":"_matrix","dataType":3,"framePerSecond":24,"loopBehavior":1,"keys":[
{"frame":0,"values":[0.9963,-0.0082,0.0853,0,-0.0003,0.9951,0.0991,0,-0.0857,-0.0988,0.9914,0,0,0.0231,0,1]},
{"frame":1,"values":[0.9963,-0.0082,0.0853,0,-0.0003,0.9951,0.0991,0,-0.0857,-0.0988,0.9914,0,0,0.0231,0,1]}]}},
{"name":"thumbMetacarpal.L","index":13,"matrix":[0.1,0.8496,-0.5178,0,-0.8544,0.34,0.3929,0,0.5099,0.4031,0.7599,0,-0.022,0.0286,-0.0021,1],"rest":[0.1,0.8496,-0.5178,0,-0.8544,0.34,0.3929,0,0.5099,0.4031,0.7599,0,-0.022,0.0286,-0.0021,1],"parentBoneIndex":8,"length":0.03
,"animation":
{"name":"anim","property":"_matrix","dataType":3,"framePerSecond":24,"loopBehavior":1,"keys":[
{"frame":0,"values":[0.1,0.8496,-0.5178,0,-0.8544,0.34,0.3929,0,0.5099,0.4031,0.7599,0,-0.022,0.0286,-0.0021,1]},
{"frame":1,"values":[0.1,0.8496,-0.5178,0,-0.8544,0.34,0.3929,0,0.5099,0.4031,0.7599,0,-0.022,0.0286,-0.0021,1]}]}},
{"name":"thumbProximinalPhalanx.L","index":14,"matrix":[0.8351,-0.1261,-0.5354,0,0.1799,0.9825,0.0492,0,0.5199,-0.1374,0.8431,0,0,0.03,0,1],"rest":[0.8351,-0.1261,-0.5354,0,0.1799,0.9825,0.0492,0,0.5199,-0.1374,0.8431,0,0,0.03,0,1],"parentBoneIndex":13,"length":0.0275
,"animation":
{"name":"anim","property":"_matrix","dataType":3,"framePerSecond":24,"loopBehavior":1,"keys":[
{"frame":0,"values":[0.8351,-0.1261,-0.5354,0,0.1799,0.9825,0.0492,0,0.5199,-0.1374,0.8431,0,0,0.03,0,1]},
{"frame":1,"values":[0.8351,-0.1261,-0.5354,0,0.1799,0.9825,0.0492,0,0.5199,-0.1374,0.8431,0,0,0.03,0,1]}]}},
{"name":"thumbDistalPhalanx.L","index":15,"matrix":[0.9885,0.0276,-0.1488,0,-0.0172,0.9973,0.071,0,0.1503,-0.0676,0.9863,0,0,0.0275,0,1],"rest":[0.9885,0.0276,-0.1488,0,-0.0172,0.9973,0.071,0,0.1503,-0.0676,0.9863,0,0,0.0275,0,1],"parentBoneIndex":14,"length":0.0425
,"animation":
{"name":"anim","property":"_matrix","dataType":3,"framePerSecond":24,"loopBehavior":1,"keys":[
{"frame":0,"values":[0.9885,0.0276,-0.1488,0,-0.0172,0.9973,0.071,0,0.1503,-0.0676,0.9863,0,0,0.0275,0,1]},
{"frame":1,"values":[0.9885,0.0276,-0.1488,0,-0.0172,0.9973,0.071,0,0.1503,-0.0676,0.9863,0,0,0.0275,0,1]}]}},
{"name":"fingersIndexMetacarpal.L","index":16,"matrix":[0.8261,0.3769,-0.4189,0,-0.5045,0.8259,-0.2519,0,0.251,0.4194,0.8724,0,0,0.0337,0,1],"rest":[0.8261,0.3769,-0.4189,0,-0.5045,0.8259,-0.2519,0,0.251,0.4194,0.8724,0,0,0.0337,0,1],"parentBoneIndex":8,"length":0.0396
,"animation":
{"name":"anim","property":"_matrix","dataType":3,"framePerSecond":24,"loopBehavior":1,"keys":[
{"frame":0,"values":[0.8261,0.3769,-0.4189,0,-0.5045,0.8259,-0.2519,0,0.251,0.4194,0.8724,0,0,0.0337,0,1]},
{"frame":1,"values":[0.8261,0.3769,-0.4189,0,-0.5045,0.8259,-0.2519,0,0.251,0.4194,0.8724,0,0,0.0337,0,1]}]}},
{"name":"fingersIndexProximinalPhalanx.L","index":17,"matrix":[0.8966,-0.3521,0.2687,0,0.2771,0.9192,0.2798,0,-0.3455,-0.1763,0.9217,0,0,0.0396,0,1],"rest":[0.8966,-0.3521,0.2687,0,0.2771,0.9192,0.2798,0,-0.3455,-0.1763,0.9217,0,0,0.0396,0,1],"parentBoneIndex":16,"length":0.0336
,"animation":
{"name":"anim","property":"_matrix","dataType":3,"framePerSecond":24,"loopBehavior":1,"keys":[
{"frame":0,"values":[0.8966,-0.3521,0.2687,0,0.2771,0.9192,0.2798,0,-0.3455,-0.1763,0.9217,0,0,0.0396,0,1]},
{"frame":1,"values":[0.8966,-0.3521,0.2687,0,0.2771,0.9192,0.2798,0,-0.3455,-0.1763,0.9217,0,0,0.0396,0,1]}]}},
{"name":"fingersIndexMiddlePhalanx.L","index":18,"matrix":[0.9997,-0.0118,0.0218,0,0.0111,0.9993,0.0349,0,-0.0222,-0.0347,0.9992,0,0,0.0336,0,1],"rest":[0.9997,-0.0118,0.0218,0,0.0111,0.9993,0.0349,0,-0.0222,-0.0347,0.9992,0,0,0.0336,0,1],"parentBoneIndex":17,"length":0.0231
,"animation":
{"name":"anim","property":"_matrix","dataType":3,"framePerSecond":24,"loopBehavior":1,"keys":[
{"frame":0,"values":[0.9997,-0.0118,0.0218,0,0.0111,0.9993,0.0349,0,-0.0222,-0.0347,0.9992,0,0,0.0336,0,1]},
{"frame":1,"values":[0.9997,-0.0118,0.0218,0,0.0111,0.9993,0.0349,0,-0.0222,-0.0347,0.9992,0,0,0.0336,0,1]}]}},
{"name":"fingersIndexDistalPhalanx.L","index":19,"matrix":[0.9958,0.0125,0.0907,0,-0.0214,0.995,0.0977,0,-0.0891,-0.0992,0.9911,0,0,0.0231,0,1],"rest":[0.9958,0.0125,0.0907,0,-0.0214,0.995,0.0977,0,-0.0891,-0.0992,0.9911,0,0,0.0231,0,1],"parentBoneIndex":18,"length":0.0416
,"animation":
{"name":"anim","property":"_matrix","dataType":3,"framePerSecond":24,"loopBehavior":1,"keys":[
{"frame":0,"values":[0.9958,0.0125,0.0907,0,-0.0214,0.995,0.0977,0,-0.0891,-0.0992,0.9911,0,0,0.0231,0,1]},
{"frame":1,"values":[0.9958,0.0125,0.0907,0,-0.0214,0.995,0.0977,0,-0.0891,-0.0992,0.9911,0,0,0.0231,0,1]}]}},
{"name":"hand.L","index":20,"matrix":[0.1739,0.9788,-0.1083,0,-0.1114,0.1288,0.9854,0,0.9784,-0.1593,0.1314,0,-0.0056,0.0505,0.0187,1],"rest":[0.1739,0.9788,-0.1083,0,-0.1114,0.1288,0.9854,0,0.9784,-0.1593,0.1314,0,-0.0056,0.0505,0.0187,1],"parentBoneIndex":8,"length":0.2161
,"animation":
{"name":"anim","property":"_matrix","dataType":3,"framePerSecond":24,"loopBehavior":1,"keys":[
{"frame":0,"values":[0.1739,0.9788,-0.1083,0,-0.1114,0.1288,0.9854,0,0.9784,-0.1593,0.1314,0,-0.0056,0.0505,0.0187,1]},
{"frame":1,"values":[0.1739,0.9788,-0.1083,0,-0.1114,0.1288,0.9854,0,0.9784,-0.1593,0.1314,0,-0.0056,0.0505,0.0187,1]}]}},
{"name":"shoulder.R","index":21,"matrix":[0.02,0.1215,0.9924,0,-0.9187,-0.3895,0.0662,0,0.3945,-0.913,0.1039,0,-0.0451,0.1948,-0.0076,1],"rest":[0.02,0.1215,0.9924,0,-0.9187,-0.3895,0.0662,0,0.3945,-0.913,0.1039,0,-0.0451,0.1948,-0.0076,1],"parentBoneIndex":4,"length":0.0488
,"animation":
{"name":"anim","property":"_matrix","dataType":3,"framePerSecond":24,"loopBehavior":1,"keys":[
{"frame":0,"values":[0.02,0.1215,0.9924,0,-0.9187,-0.3895,0.0662,0,0.3945,-0.913,0.1039,0,-0.0451,0.1948,-0.0076,1]},
{"frame":1,"values":[0.02,0.1215,0.9924,0,-0.9187,-0.3895,0.0662,0,0.3945,-0.913,0.1039,0,-0.0451,0.1948,-0.0076,1]}]}},
{"name":"upperArm.R","index":22,"matrix":[0.9917,0.0353,0.1233,0,-0.0684,0.9587,0.2759,0,-0.1084,-0.2821,0.9532,0,0,0.0488,0,1],"rest":[0.9917,0.0353,0.1233,0,-0.0684,0.9587,0.2759,0,-0.1084,-0.2821,0.9532,0,0,0.0488,0,1],"parentBoneIndex":21,"length":0.1766
,"animation":
{"name":"anim","property":"_matrix","dataType":3,"framePerSecond":24,"loopBehavior":1,"keys":[
{"frame":0,"values":[0.9917,0.0353,0.1233,0,-0.0684,0.9587,0.2759,0,-0.1084,-0.2821,0.9532,0,0,0.0488,0,1]},
{"frame":1,"values":[0.9917,0.0353,0.1233,0,-0.0684,0.9587,0.2759,0,-0.1084,-0.2821,0.9532,0,0,0.0488,0,1]}]}},
{"name":"forearm.R","index":23,"matrix":[0.9982,0.0395,0.0446,0,-0.0376,0.9983,-0.0438,0,-0.0463,0.0421,0.998,0,0,0.1766,0,1],"rest":[0.9982,0.0395,0.0446,0,-0.0376,0.9983,-0.0438,0,-0.0463,0.0421,0.998,0,0,0.1766,0,1],"parentBoneIndex":22,"length":0.1322
,"animation":
{"name":"anim","property":"_matrix","dataType":3,"framePerSecond":24,"loopBehavior":1,"keys":[
{"frame":0,"values":[0.9982,0.0395,0.0446,0,-0.0376,0.9983,-0.0438,0,-0.0463,0.0421,0.998,0,0,0.1766,0,1]},
{"frame":1,"values":[0.9982,0.0395,0.0446,0,-0.0376,0.9983,-0.0438,0,-0.0463,0.0421,0.998,0,0,0.1766,0,1]}]}},
{"name":"wrist.R","index":24,"matrix":[0.9902,0.1348,0.0359,0,-0.1381,0.9839,0.1136,0,-0.02,-0.1174,0.9929,0,0,0.1322,0,1],"rest":[0.9902,0.1348,0.0359,0,-0.1381,0.9839,0.1136,0,-0.02,-0.1174,0.9929,0,0,0.1322,0,1],"parentBoneIndex":23,"length":0.0337
,"animation":
{"name":"anim","property":"_matrix","dataType":3,"framePerSecond":24,"loopBehavior":1,"keys":[
{"frame":0,"values":[0.9902,0.1348,0.0359,0,-0.1381,0.9839,0.1136,0,-0.02,-0.1174,0.9929,0,0,0.1322,0,1]},
{"frame":1,"values":[0.9902,0.1348,0.0359,0,-0.1381,0.9839,0.1136,0,-0.02,-0.1174,0.9929,0,0,0.1322,0,1]}]}},
{"name":"fingersMetacarpal.R","index":25,"matrix":[0.9294,0.2817,-0.2386,0,-0.3247,0.9313,-0.1652,0,0.1757,0.231,0.957,0,0,0.0337,0,1],"rest":[0.9294,0.2817,-0.2386,0,-0.3247,0.9313,-0.1652,0,0.1757,0.231,0.957,0,0,0.0337,0,1],"parentBoneIndex":24,"length":0.0409
,"animation":
{"name":"anim","property":"_matrix","dataType":3,"framePerSecond":24,"loopBehavior":1,"keys":[
{"frame":0,"values":[0.9294,0.2817,-0.2386,0,-0.3247,0.9313,-0.1652,0,0.1757,0.231,0.957,0,0,0.0337,0,1]},
{"frame":1,"values":[0.9294,0.2817,-0.2386,0,-0.3247,0.9313,-0.1652,0,0.1757,0.231,0.957,0,0,0.0337,0,1]}]}},
{"name":"fingersProximinalPhalanx.R","index":26,"matrix":[0.9043,-0.4251,0.0386,0,0.4154,0.8974,0.1489,0,-0.098,-0.1186,0.9881,0,0,0.0409,0,1],"rest":[0.9043,-0.4251,0.0386,0,0.4154,0.8974,0.1489,0,-0.098,-0.1186,0.9881,0,0,0.0409,0,1],"parentBoneIndex":25,"length":0.0337
,"animation":
{"name":"anim","property":"_matrix","dataType":3,"framePerSecond":24,"loopBehavior":1,"keys":[
{"frame":0,"values":[0.9043,-0.4251,0.0386,0,0.4154,0.8974,0.1489,0,-0.098,-0.1186,0.9881,0,0,0.0409,0,1]},
{"frame":1,"values":[0.9043,-0.4251,0.0386,0,0.4154,0.8974,0.1489,0,-0.098,-0.1186,0.9881,0,0,0.0409,0,1]}]}},
{"name":"fingersMiddlePhalanx.R","index":27,"matrix":[0.9987,-0.0246,-0.0456,0,0.0264,0.9989,0.0394,0,0.0446,-0.0405,0.9982,0,0,0.0337,0,1],"rest":[0.9987,-0.0246,-0.0456,0,0.0264,0.9989,0.0394,0,0.0446,-0.0405,0.9982,0,0,0.0337,0,1],"parentBoneIndex":26,"length":0.0231
,"animation":
{"name":"anim","property":"_matrix","dataType":3,"framePerSecond":24,"loopBehavior":1,"keys":[
{"frame":0,"values":[0.9987,-0.0246,-0.0456,0,0.0264,0.9989,0.0394,0,0.0446,-0.0405,0.9982,0,0,0.0337,0,1]},
{"frame":1,"values":[0.9987,-0.0246,-0.0456,0,0.0264,0.9989,0.0394,0,0.0446,-0.0405,0.9982,0,0,0.0337,0,1]}]}},
{"name":"fingersDistalPhalanx.R","index":28,"matrix":[0.9963,0.0082,-0.0853,0,0.0003,0.9951,0.0991,0,0.0857,-0.0988,0.9914,0,0,0.0231,0,1],"rest":[0.9963,0.0082,-0.0853,0,0.0003,0.9951,0.0991,0,0.0857,-0.0988,0.9914,0,0,0.0231,0,1],"parentBoneIndex":27,"length":0.0416
,"animation":
{"name":"anim","property":"_matrix","dataType":3,"framePerSecond":24,"loopBehavior":1,"keys":[
{"frame":0,"values":[0.9963,0.0082,-0.0853,0,0.0003,0.9951,0.0991,0,0.0857,-0.0988,0.9914,0,0,0.0231,0,1]},
{"frame":1,"values":[0.9963,0.0082,-0.0853,0,0.0003,0.9951,0.0991,0,0.0857,-0.0988,0.9914,0,0,0.0231,0,1]}]}},
{"name":"thumbMetacarpal.R","index":29,"matrix":[0.1,-0.8496,0.5178,0,0.8544,0.34,0.3929,0,-0.5099,0.4031,0.7599,0,0.022,0.0286,-0.0021,1],"rest":[0.1,-0.8496,0.5178,0,0.8544,0.34,0.3929,0,-0.5099,0.4031,0.7599,0,0.022,0.0286,-0.0021,1],"parentBoneIndex":24,"length":0.03
,"animation":
{"name":"anim","property":"_matrix","dataType":3,"framePerSecond":24,"loopBehavior":1,"keys":[
{"frame":0,"values":[0.1,-0.8496,0.5178,0,0.8544,0.34,0.3929,0,-0.5099,0.4031,0.7599,0,0.022,0.0286,-0.0021,1]},
{"frame":1,"values":[0.1,-0.8496,0.5178,0,0.8544,0.34,0.3929,0,-0.5099,0.4031,0.7599,0,0.022,0.0286,-0.0021,1]}]}},
{"name":"thumbProximinalPhalanx.R","index":30,"matrix":[0.8351,0.1261,0.5354,0,-0.1799,0.9825,0.0492,0,-0.5199,-0.1374,0.8431,0,0,0.03,0,1],"rest":[0.8351,0.1261,0.5354,0,-0.1799,0.9825,0.0492,0,-0.5199,-0.1374,0.8431,0,0,0.03,0,1],"parentBoneIndex":29,"length":0.0275
,"animation":
{"name":"anim","property":"_matrix","dataType":3,"framePerSecond":24,"loopBehavior":1,"keys":[
{"frame":0,"values":[0.8351,0.1261,0.5354,0,-0.1799,0.9825,0.0492,0,-0.5199,-0.1374,0.8431,0,0,0.03,0,1]},
{"frame":1,"values":[0.8351,0.1261,0.5354,0,-0.1799,0.9825,0.0492,0,-0.5199,-0.1374,0.8431,0,0,0.03,0,1]}]}},
{"name":"thumbDistalPhalanx.R","index":31,"matrix":[0.9885,-0.0276,0.1488,0,0.0172,0.9973,0.071,0,-0.1503,-0.0676,0.9863,0,0,0.0275,0,1],"rest":[0.9885,-0.0276,0.1488,0,0.0172,0.9973,0.071,0,-0.1503,-0.0676,0.9863,0,0,0.0275,0,1],"parentBoneIndex":30,"length":0.0425
,"animation":
{"name":"anim","property":"_matrix","dataType":3,"framePerSecond":24,"loopBehavior":1,"keys":[
{"frame":0,"values":[0.9885,-0.0276,0.1488,0,0.0172,0.9973,0.071,0,-0.1503,-0.0676,0.9863,0,0,0.0275,0,1]},
{"frame":1,"values":[0.9885,-0.0276,0.1488,0,0.0172,0.9973,0.071,0,-0.1503,-0.0676,0.9863,0,0,0.0275,0,1]}]}},
{"name":"fingersIndexMetacarpal.R","index":32,"matrix":[0.8261,-0.3769,0.4189,0,0.5045,0.8259,-0.2519,0,-0.251,0.4194,0.8724,0,0,0.0337,0,1],"rest":[0.8261,-0.3769,0.4189,0,0.5045,0.8259,-0.2519,0,-0.251,0.4194,0.8724,0,0,0.0337,0,1],"parentBoneIndex":24,"length":0.0396
,"animation":
{"name":"anim","property":"_matrix","dataType":3,"framePerSecond":24,"loopBehavior":1,"keys":[
{"frame":0,"values":[0.8261,-0.3769,0.4189,0,0.5045,0.8259,-0.2519,0,-0.251,0.4194,0.8724,0,0,0.0337,0,1]},
{"frame":1,"values":[0.8261,-0.3769,0.4189,0,0.5045,0.8259,-0.2519,0,-0.251,0.4194,0.8724,0,0,0.0337,0,1]}]}},
{"name":"fingersIndexProximinalPhalanx.R","index":33,"matrix":[0.8966,0.3521,-0.2687,0,-0.2771,0.9192,0.2798,0,0.3455,-0.1763,0.9217,0,0,0.0396,0,1],"rest":[0.8966,0.3521,-0.2687,0,-0.2771,0.9192,0.2798,0,0.3455,-0.1763,0.9217,0,0,0.0396,0,1],"parentBoneIndex":32,"length":0.0336
,"animation":
{"name":"anim","property":"_matrix","dataType":3,"framePerSecond":24,"loopBehavior":1,"keys":[
{"frame":0,"values":[0.8966,0.3521,-0.2687,0,-0.2771,0.9192,0.2798,0,0.3455,-0.1763,0.9217,0,0,0.0396,0,1]},
{"frame":1,"values":[0.8966,0.3521,-0.2687,0,-0.2771,0.9192,0.2798,0,0.3455,-0.1763,0.9217,0,0,0.0396,0,1]}]}},
{"name":"fingersIndexMiddlePhalanx.R","index":34,"matrix":[0.9997,0.0118,-0.0218,0,-0.0111,0.9993,0.0349,0,0.0222,-0.0347,0.9992,0,0,0.0336,0,1],"rest":[0.9997,0.0118,-0.0218,0,-0.0111,0.9993,0.0349,0,0.0222,-0.0347,0.9992,0,0,0.0336,0,1],"parentBoneIndex":33,"length":0.0231
,"animation":
{"name":"anim","property":"_matrix","dataType":3,"framePerSecond":24,"loopBehavior":1,"keys":[
{"frame":0,"values":[0.9997,0.0118,-0.0218,0,-0.0111,0.9993,0.0349,0,0.0222,-0.0347,0.9992,0,0,0.0336,0,1]},
{"frame":1,"values":[0.9997,0.0118,-0.0218,0,-0.0111,0.9993,0.0349,0,0.0222,-0.0347,0.9992,0,0,0.0336,0,1]}]}},
{"name":"fingersIndexDistalPhalanx.R","index":35,"matrix":[0.9958,-0.0125,-0.0907,0,0.0214,0.995,0.0977,0,0.0891,-0.0992,0.9911,0,0,0.0231,0,1],"rest":[0.9958,-0.0125,-0.0907,0,0.0214,0.995,0.0977,0,0.0891,-0.0992,0.9911,0,0,0.0231,0,1],"parentBoneIndex":34,"length":0.0416
,"animation":
{"name":"anim","property":"_matrix","dataType":3,"framePerSecond":24,"loopBehavior":1,"keys":[
{"frame":0,"values":[0.9958,-0.0125,-0.0907,0,0.0214,0.995,0.0977,0,0.0891,-0.0992,0.9911,0,0,0.0231,0,1]},
{"frame":1,"values":[0.9958,-0.0125,-0.0907,0,0.0214,0.995,0.0977,0,0.0891,-0.0992,0.9911,0,0,0.0231,0,1]}]}},
{"name":"hand.R","index":36,"matrix":[0.1739,-0.9788,0.1083,0,0.1114,0.1288,0.9854,0,-0.9784,-0.1593,0.1314,0,0.0056,0.0505,0.0187,1],"rest":[0.1739,-0.9788,0.1083,0,0.1114,0.1288,0.9854,0,-0.9784,-0.1593,0.1314,0,0.0056,0.0505,0.0187,1],"parentBoneIndex":24,"length":0.2161
,"animation":
{"name":"anim","property":"_matrix","dataType":3,"framePerSecond":24,"loopBehavior":1,"keys":[
{"frame":0,"values":[0.1739,-0.9788,0.1083,0,0.1114,0.1288,0.9854,0,-0.9784,-0.1593,0.1314,0,0.0056,0.0505,0.0187,1]},
{"frame":1,"values":[0.1739,-0.9788,0.1083,0,0.1114,0.1288,0.9854,0,-0.9784,-0.1593,0.1314,0,0.0056,0.0505,0.0187,1]}]}},
{"name":"neck","index":37,"matrix":[1,0,0,0,0,1,0,0,0,0,1,0,0,0.2101,0,1],"rest":[1,0,0,0,0,1,0,0,0,0,1,0,0,0.2101,0,1],"parentBoneIndex":4,"length":0.0294
,"animation":
{"name":"anim","property":"_matrix","dataType":3,"framePerSecond":24,"loopBehavior":1,"keys":[
{"frame":0,"values":[1,0,0,0,0,1,0,0,0,0,1,0,0,0.2101,0,1]},
{"frame":1,"values":[1,0,0,0,0,1,0,0,0,0,1,0,0,0.2101,0,1]}]}},
{"name":"head","index":38,"matrix":[1,0,0,0,0,1,-0.0006,0,0,0.0006,1,0,0,0.0294,0,1],"rest":[1,0,0,0,0,1,-0.0006,0,0,0.0006,1,0,0,0.0294,0,1],"parentBoneIndex":37,"length":0.2257
,"animation":
{"name":"anim","property":"_matrix","dataType":3,"framePerSecond":24,"loopBehavior":1,"keys":[
{"frame":0,"values":[1,0,0,0,0,1,-0.0006,0,0,0.0006,1,0,0,0.0294,0,1]},
{"frame":1,"values":[1,0,0,0,0,1,-0.0006,0,0,0.0006,1,0,0,0.0294,0,1]}]}},
{"name":"eye.L","index":39,"matrix":[-1,0,0,0,0,-0.0006,1,0,0,1,0.0006,0,0.0533,0.1259,0.0632,1],"rest":[-1,0,0,0,0,-0.0006,1,0,0,1,0.0006,0,0.0533,0.1259,0.0632,1],"parentBoneIndex":38,"length":0.0512
,"animation":
{"name":"anim","property":"_matrix","dataType":3,"framePerSecond":24,"loopBehavior":1,"keys":[
{"frame":0,"values":[-1,0,0,0,0,-0.0006,1,0,0,1,0.0006,0,0.0533,0.1259,0.0632,1]},
{"frame":1,"values":[-1,0,0,0,0,-0.0006,1,0,0,1,0.0006,0,0.0533,0.1259,0.0632,1]}]}},
{"name":"eye.R","index":40,"matrix":[-1,0,0,0,0,-0.0006,1,0,0,1,0.0006,0,-0.0533,0.1259,0.0632,1],"rest":[-1,0,0,0,0,-0.0006,1,0,0,1,0.0006,0,-0.0533,0.1259,0.0632,1],"parentBoneIndex":38,"length":0.0512
,"animation":
{"name":"anim","property":"_matrix","dataType":3,"framePerSecond":24,"loopBehavior":1,"keys":[
{"frame":0,"values":[-1,0,0,0,0,-0.0006,1,0,0,1,0.0006,0,-0.0533,0.1259,0.0632,1]},
{"frame":1,"values":[-1,0,0,0,0,-0.0006,1,0,0,1,0.0006,0,-0.0533,0.1259,0.0632,1]}]}},
{"name":"jaw","index":41,"matrix":[-1,0,0,0,0,-0.2925,0.9563,0,0,0.9563,0.2925,0,0,0.0388,0.0105,1],"rest":[-1,0,0,0,0,-0.2925,0.9563,0,0,0.9563,0.2925,0,0,0.0388,0.0105,1],"parentBoneIndex":38,"length":0.2059
,"animation":
{"name":"anim","property":"_matrix","dataType":3,"framePerSecond":24,"loopBehavior":1,"keys":[
{"frame":0,"values":[-1,0,0,0,0,-0.2925,0.9563,0,0,0.9563,0.2925,0,0,0.0388,0.0105,1]},
{"frame":1,"values":[-1,0,0,0,0,-0.2925,0.9563,0,0,0.9563,0.2925,0,0,0.0388,0.0105,1]}]}},
{"name":"ear.L","index":42,"matrix":[0.7083,-0.7043,0.0484,0,0.6858,0.6703,-0.2834,0,0.1671,0.2339,0.9578,0,0.0926,0.1795,-0.0156,1],"rest":[0.7083,-0.7043,0.0484,0,0.6858,0.6703,-0.2834,0,0.1671,0.2339,0.9578,0,0.0926,0.1795,-0.0156,1],"parentBoneIndex":38,"length":0.1191
,"animation":
{"name":"anim","property":"_matrix","dataType":3,"framePerSecond":24,"loopBehavior":1,"keys":[
{"frame":0,"values":[0.7083,-0.7043,0.0484,0,0.6858,0.6703,-0.2834,0,0.1671,0.2339,0.9578,0,0.0926,0.1795,-0.0156,1]},
{"frame":1,"values":[0.7083,-0.7043,0.0484,0,0.6858,0.6703,-0.2834,0,0.1671,0.2339,0.9578,0,0.0926,0.1795,-0.0156,1]}]}},
{"name":"ear.upper.L","index":43,"matrix":[0.9577,0.2721,-0.0936,0,-0.2848,0.9428,-0.1733,0,0.041,0.1927,0.9804,0,0,0.1191,0,1],"rest":[0.9577,0.2721,-0.0936,0,-0.2848,0.9428,-0.1733,0,0.041,0.1927,0.9804,0,0,0.1191,0,1],"parentBoneIndex":42,"length":0.1369
,"animation":
{"name":"anim","property":"_matrix","dataType":3,"framePerSecond":24,"loopBehavior":1,"keys":[
{"frame":0,"values":[0.9577,0.2721,-0.0936,0,-0.2848,0.9428,-0.1733,0,0.041,0.1927,0.9804,0,0,0.1191,0,1]},
{"frame":1,"values":[0.9577,0.2721,-0.0936,0,-0.2848,0.9428,-0.1733,0,0.041,0.1927,0.9804,0,0,0.1191,0,1]}]}},
{"name":"ear.R","index":44,"matrix":[0.7083,0.7043,-0.0484,0,-0.6858,0.6703,-0.2834,0,-0.1671,0.2339,0.9578,0,-0.0926,0.1795,-0.0156,1],"rest":[0.7083,0.7043,-0.0484,0,-0.6858,0.6703,-0.2834,0,-0.1671,0.2339,0.9578,0,-0.0926,0.1795,-0.0156,1],"parentBoneIndex":38,"length":0.1191
,"animation":
{"name":"anim","property":"_matrix","dataType":3,"framePerSecond":24,"loopBehavior":1,"keys":[
{"frame":0,"values":[0.7083,0.7043,-0.0484,0,-0.6858,0.6703,-0.2834,0,-0.1671,0.2339,0.9578,0,-0.0926,0.1795,-0.0156,1]},
{"frame":1,"values":[0.7083,0.7043,-0.0484,0,-0.6858,0.6703,-0.2834,0,-0.1671,0.2339,0.9578,0,-0.0926,0.1795,-0.0156,1]}]}},
{"name":"ear.upper.R","index":45,"matrix":[0.9577,-0.2721,0.0936,0,0.2848,0.9428,-0.1733,0,-0.041,0.1927,0.9804,0,0,0.1191,0,1],"rest":[0.9577,-0.2721,0.0936,0,0.2848,0.9428,-0.1733,0,-0.041,0.1927,0.9804,0,0,0.1191,0,1],"parentBoneIndex":44,"length":0.1369
,"animation":
{"name":"anim","property":"_matrix","dataType":3,"framePerSecond":24,"loopBehavior":1,"keys":[
{"frame":0,"values":[0.9577,-0.2721,0.0936,0,0.2848,0.9428,-0.1733,0,-0.041,0.1927,0.9804,0,0,0.1191,0,1]},
{"frame":1,"values":[0.9577,-0.2721,0.0936,0,0.2848,0.9428,-0.1733,0,-0.041,0.1927,0.9804,0,0,0.1191,0,1]}]}},
{"name":"tail0","index":46,"matrix":[1,0,0,0,0,-0.9469,-0.3214,0,0,0.3214,-0.9469,0,0,-0.0032,-0.0776,1],"rest":[1,0,0,0,0,-0.9469,-0.3214,0,0,0.3214,-0.9469,0,0,-0.0032,-0.0776,1],"parentBoneIndex":2,"length":0.0589
,"animation":
{"name":"anim","property":"_matrix","dataType":3,"framePerSecond":24,"loopBehavior":1,"keys":[
{"frame":0,"values":[1,0,0,0,0,-0.9469,-0.3214,0,0,0.3214,-0.9469,0,0,-0.0032,-0.0776,1]},
{"frame":1,"values":[1,0,0,0,0,-0.9469,-0.3214,0,0,0.3214,-0.9469,0,0,-0.0032,-0.0776,1]}]}},
{"name":"thigh.L","index":47,"matrix":[0.993,0.1159,-0.0226,0,-0.0288,0.052,-0.9982,0,-0.1146,0.9919,0.055,0,-0.0685,0.0302,0.4577,1],"rest":[0.993,0.1159,-0.0226,0,-0.0288,0.052,-0.9982,0,-0.1146,0.9919,0.055,0,-0.0685,0.0302,0.4577,1],"parentBoneIndex":0,"length":0.2266
,"animation":
{"name":"anim","property":"_matrix","dataType":3,"framePerSecond":24,"loopBehavior":1,"keys":[
{"frame":0,"values":[0.993,0.1159,-0.0226,0,-0.0288,0.052,-0.9982,0,-0.1146,0.9919,0.055,0,-0.0685,0.0302,0.4577,1]},
{"frame":1,"values":[0.993,0.1159,-0.0226,0,-0.0288,0.052,-0.9982,0,-0.1146,0.9919,0.055,0,-0.0685,0.0302,0.4577,1]}]}},
{"name":"shin.L","index":48,"matrix":[0.9996,-0.0126,0.0242,0,0.0178,0.9734,-0.2283,0,-0.0207,0.2286,0.9733,0,0,0.2266,0,1],"rest":[0.9996,-0.0126,0.0242,0,0.0178,0.9734,-0.2283,0,-0.0207,0.2286,0.9733,0,0,0.2266,0,1],"parentBoneIndex":47,"length":0.209
,"animation":
{"name":"anim","property":"_matrix","dataType":3,"framePerSecond":24,"loopBehavior":1,"keys":[
{"frame":0,"values":[0.9996,-0.0126,0.0242,0,0.0178,0.9734,-0.2283,0,-0.0207,0.2286,0.9733,0,0,0.2266,0,1]},
{"frame":1,"values":[0.9996,-0.0126,0.0242,0,0.0178,0.9734,-0.2283,0,-0.0207,0.2286,0.9733,0,0,0.2266,0,1]}]}},
{"name":"foot.L","index":49,"matrix":[-0.9995,-0.029,-0.0158,0,-0.0154,-0.0142,0.9998,0,-0.0292,0.9995,0.0137,0,0,0.209,0,1],"rest":[-0.9995,-0.029,-0.0158,0,-0.0154,-0.0142,0.9998,0,-0.0292,0.9995,0.0137,0,0,0.209,0,1],"parentBoneIndex":48,"length":0.0944
,"animation":
{"name":"anim","property":"_matrix","dataType":3,"framePerSecond":24,"loopBehavior":1,"keys":[
{"frame":0,"values":[-0.9995,-0.029,-0.0158,0,-0.0154,-0.0142,0.9998,0,-0.0292,0.9995,0.0137,0,0,0.209,0,1]},
{"frame":1,"values":[-0.9995,-0.029,-0.0158,0,-0.0154,-0.0142,0.9998,0,-0.0292,0.9995,0.0137,0,0,0.209,0,1]}]}},
{"name":"toes0.L","index":50,"matrix":[0.9992,0.0277,-0.0298,0,-0.0314,0.9907,-0.1327,0,0.0258,0.1335,0.9907,0,0,0.0944,0,1],"rest":[0.9992,0.0277,-0.0298,0,-0.0314,0.9907,-0.1327,0,0.0258,0.1335,0.9907,0,0,0.0944,0,1],"parentBoneIndex":49,"length":0.0481
,"animation":
{"name":"anim","property":"_matrix","dataType":3,"framePerSecond":24,"loopBehavior":1,"keys":[
{"frame":0,"values":[0.9992,0.0277,-0.0298,0,-0.0314,0.9907,-0.1327,0,0.0258,0.1335,0.9907,0,0,0.0944,0,1]},
{"frame":1,"values":[0.9992,0.0277,-0.0298,0,-0.0314,0.9907,-0.1327,0,0.0258,0.1335,0.9907,0,0,0.0944,0,1]}]}},
{"name":"toes1.L","index":51,"matrix":[0.9996,-0.0263,0.0084,0,0.0263,0.9997,-0.0012,0,-0.0084,0.0014,1,0,0,0.0481,0,1],"rest":[0.9996,-0.0263,0.0084,0,0.0263,0.9997,-0.0012,0,-0.0084,0.0014,1,0,0,0.0481,0,1],"parentBoneIndex":50,"length":0.0259
,"animation":
{"name":"anim","property":"_matrix","dataType":3,"framePerSecond":24,"loopBehavior":1,"keys":[
{"frame":0,"values":[0.9996,-0.0263,0.0084,0,0.0263,0.9997,-0.0012,0,-0.0084,0.0014,1,0,0,0.0481,0,1]},
{"frame":1,"values":[0.9996,-0.0263,0.0084,0,0.0263,0.9997,-0.0012,0,-0.0084,0.0014,1,0,0,0.0481,0,1]}]}},
{"name":"thigh.R","index":52,"matrix":[0.993,-0.1159,0.0226,0,0.0288,0.052,-0.9982,0,0.1146,0.9919,0.055,0,0.0685,0.0302,0.4577,1],"rest":[0.993,-0.1159,0.0226,0,0.0288,0.052,-0.9982,0,0.1146,0.9919,0.055,0,0.0685,0.0302,0.4577,1],"parentBoneIndex":0,"length":0.2266
,"animation":
{"name":"anim","property":"_matrix","dataType":3,"framePerSecond":24,"loopBehavior":1,"keys":[
{"frame":0,"values":[0.993,-0.1159,0.0226,0,0.0288,0.052,-0.9982,0,0.1146,0.9919,0.055,0,0.0685,0.0302,0.4577,1]},
{"frame":1,"values":[0.993,-0.1159,0.0226,0,0.0288,0.052,-0.9982,0,0.1146,0.9919,0.055,0,0.0685,0.0302,0.4577,1]}]}},
{"name":"shin.R","index":53,"matrix":[0.9996,0.0126,-0.0242,0,-0.0178,0.9734,-0.2283,0,0.0207,0.2286,0.9733,0,0,0.2266,0,1],"rest":[0.9996,0.0126,-0.0242,0,-0.0178,0.9734,-0.2283,0,0.0207,0.2286,0.9733,0,0,0.2266,0,1],"parentBoneIndex":52,"length":0.209
,"animation":
{"name":"anim","property":"_matrix","dataType":3,"framePerSecond":24,"loopBehavior":1,"keys":[
{"frame":0,"values":[0.9996,0.0126,-0.0242,0,-0.0178,0.9734,-0.2283,0,0.0207,0.2286,0.9733,0,0,0.2266,0,1]},
{"frame":1,"values":[0.9996,0.0126,-0.0242,0,-0.0178,0.9734,-0.2283,0,0.0207,0.2286,0.9733,0,0,0.2266,0,1]}]}},
{"name":"foot.R","index":54,"matrix":[-0.9995,0.029,0.0158,0,0.0154,-0.0142,0.9998,0,0.0292,0.9995,0.0137,0,0,0.209,0,1],"rest":[-0.9995,0.029,0.0158,0,0.0154,-0.0142,0.9998,0,0.0292,0.9995,0.0137,0,0,0.209,0,1],"parentBoneIndex":53,"length":0.0944
,"animation":
{"name":"anim","property":"_matrix","dataType":3,"framePerSecond":24,"loopBehavior":1,"keys":[
{"frame":0,"values":[-0.9995,0.029,0.0158,0,0.0154,-0.0142,0.9998,0,0.0292,0.9995,0.0137,0,0,0.209,0,1]},
{"frame":1,"values":[-0.9995,0.029,0.0158,0,0.0154,-0.0142,0.9998,0,0.0292,0.9995,0.0137,0,0,0.209,0,1]}]}},
{"name":"toes0.R","index":55,"matrix":[0.9992,-0.0277,0.0298,0,0.0314,0.9907,-0.1327,0,-0.0258,0.1335,0.9907,0,0,0.0944,0,1],"rest":[0.9992,-0.0277,0.0298,0,0.0314,0.9907,-0.1327,0,-0.0258,0.1335,0.9907,0,0,0.0944,0,1],"parentBoneIndex":54,"length":0.0481
,"animation":
{"name":"anim","property":"_matrix","dataType":3,"framePerSecond":24,"loopBehavior":1,"keys":[
{"frame":0,"values":[0.9992,-0.0277,0.0298,0,0.0314,0.9907,-0.1327,0,-0.0258,0.1335,0.9907,0,0,0.0944,0,1]},
{"frame":1,"values":[0.9992,-0.0277,0.0298,0,0.0314,0.9907,-0.1327,0,-0.0258,0.1335,0.9907,0,0,0.0944,0,1]}]}},
{"name":"toes1.R","index":56,"matrix":[0.9996,0.0263,-0.0084,0,-0.0263,0.9997,-0.0012,0,0.0084,0.0014,1,0,0,0.0481,0,1],"rest":[0.9996,0.0263,-0.0084,0,-0.0263,0.9997,-0.0012,0,0.0084,0.0014,1,0,0,0.0481,0,1],"parentBoneIndex":55,"length":0.0259
,"animation":
{"name":"anim","property":"_matrix","dataType":3,"framePerSecond":24,"loopBehavior":1,"keys":[
{"frame":0,"values":[0.9996,0.0263,-0.0084,0,-0.0263,0.9997,-0.0012,0,0.0084,0.0014,1,0,0,0.0481,0,1]},
{"frame":1,"values":[0.9996,0.0263,-0.0084,0,-0.0263,0.9997,-0.0012,0,0.0084,0.0014,1,0,0,0.0481,0,1]}]}}]
,"ranges":[{"name":"00_default","from":0,"to":1}]}],
"meshes":[{"name":"sheepF","id":"sheepF","billboardMode":0,"position":[0,0,0],"rotation":[0,0,0],"scaling":[1,1,1],"isVisible":true,"isEnabled":true,"pickable":false,"skeletonId":0,"numBoneInfluencers":6
,"positions":[0.1201,0.4532,-0.0237,0.1092,0.4997,-0.0534,0.1154,0.4532,-0.054,0.0132,0.4997,0.0653,0,0.4997,0.0691,0,0.5437,0.0555,0.0249,0.5892,0.0505,0,0.5892,0.0465,0.0959,0.5437,0.0092,0.0752,0.5909,0.0267,0.0854,0.5912,0.0055,0.061,0.5901,0.0415,0.0443,0.6365,0.0434,0.0606,0.6365,0.0373,0.093,0.4997,0.0386,0.1061,0.4997,0.0118,0.0892,0.6891,-0.0142
,0.0908,0.7445,-0.0486,0.0909,0.6891,-0.0487,0.1026,0.5437,-0.0213,0.0233,0.4997,0.0675,0.049,0.5437,0.0582,0.054,0.4997,0.0665,0.024,0.6365,0.0463,0.0433,0.6891,0.0468,0.0575,0.4988,-0.0916,0.0719,0.5433,-0.0847,0.0527,0.5432,-0.0895,0.09,0.5437,-0.0745,0.0796,0.4985,-0.091,0.0977,0.4991,-0.08,0.091,0.5912,-0.0493,0.0996,0.5437,-0.0495,0.0763,0.6891,0.0299
,0.0845,0.7445,0.0165,0.0854,0.6891,0.0128,0.0886,0.7445,-0.0136,0.0836,0.6365,0.0073,0.09,0.6365,-0.0184,0,0.8249,-0.0782,0.023,0.7873,-0.1016,0.0233,0.8249,-0.0773,0.024,0.6365,-0.1012,0,0.5893,-0.0963,0.0274,0.5892,-0.095,0.0663,0.6365,-0.088,0.0847,0.6891,-0.0824,0.0715,0.6891,-0.0995,0.0935,0.5912,-0.0197,0.0391,0.8136,0.0501,0.0572,0.8508,0.0382
,0.0634,0.8136,0.0462,0,0.7445,-0.1143,0.0246,0.7445,-0.1169,0.0622,0.6891,0.0419,0.0479,0.6891,-0.1146,0.0448,0.6365,-0.0992,0.1101,0.4532,0.0104,0.097,0.4239,0.03,0.0972,0.4532,0.0369,0.0533,0.426,0.0539,0.0241,0.4549,0.0676,0.0536,0.4545,0.065,0.0753,0.7445,0.0328,0.088,0.776,0.0176,0.0674,0.5437,0.0505,0.0743,0.4997,0.055,0.1036,0.4532,-0.081
,0.0977,0.4991,-0.08,0.0744,0.7778,0.0342,0.0629,0.7445,0.0452,0.0632,0.7787,0.0461,0.0602,0.429,-0.0878,0.0843,0.4532,-0.0918,0.0587,0.4532,-0.0875,0.0329,0.4532,-0.0906,0,0.4987,-0.0948,0,0.4532,-0.0893,0.0307,0.5432,-0.0978,0.0331,0.4987,-0.095,0.1142,0.4997,-0.0223,0.0309,0.4341,-0.0823,0,0.4358,-0.0803,0.0845,0.5437,0.0339,0.1201,0.3397,-0.0344
,0.1043,0.2939,-0.0161,0.1066,0.3397,-0.0099,0.0601,0.4091,-0.0858,0.0837,0.3892,-0.0884,0.0842,0.4075,-0.0904,0.05,0.2578,-0.0224,0.0398,0.2939,-0.0127,0.0561,0.2939,0.0002,0.0433,0.7445,0.0493,0.0412,0.7788,0.0511,0.0259,0.3892,-0.0251,0.0349,0.3397,-0.0042,0.0306,0.3397,-0.0303,0.088,0.6365,-0.0493,0,0.6891,-0.1191,0.0245,0.6891,-0.1203,0.088,0.776,0.0176
,0.0883,0.7759,-0.0522,0.0839,0.7445,-0.0772,0.0482,0.7873,-0.1,0.0748,0.7445,-0.0996,0.0742,0.7858,-0.0872,0.0464,0.8249,-0.0758,0.0331,0.3892,-0.059,0,0.6891,0.0473,0,0.6365,0.0415,0,0.4283,0.0457,0.0136,0.4315,0.0576,0.0189,0.4256,0.051,0.0744,0.7778,0.0342,0.0827,0.8122,0.0341,0.0443,0.5892,0.0472,0.0245,0.5437,0.0588,0.0177,0.8513,0.0434
,0,0.8136,0.0494,0,0.8513,0.0429,0.0491,0.7445,-0.1144,0.017,0.4174,-0.0215,0,0.4165,0.0076,0.0164,0.4112,0.0068,0.0716,0.8212,-0.0696,0.0777,0.4533,0.0538,0.0972,0.4532,0.0369,0.1109,0.4228,0.0068,0.0815,0.3397,-0.0812,0.1035,0.3892,-0.0767,0.0795,0.6365,-0.0718,0.0986,0.2939,-0.0688,0.1008,0.3397,-0.0737,0.0962,0.404,0.0217,0.1109,0.4228,0.0068
,0.11,0.4047,0.0024,0.0892,0.775,-0.0158,0.0777,0.4533,0.0538,0.1159,0.3397,-0.0529,0.1161,0.2939,-0.0369,0.0584,0.3397,-0.0786,0.0331,0.3892,-0.059,0.0379,0.3397,-0.0613,0.0477,0.5892,-0.0891,0.0661,0.5904,-0.0809,0.0777,0.4533,0.0538,0.0775,0.425,0.0451,0.0766,0.4034,0.0335,0.0766,0.3397,0.0124,0.0958,0.3892,0.0143,0.0942,0.3397,0.0056,0.0245,0.6891,0.0486
,0,0.7445,0.0495,0.0246,0.7445,0.0511,0.118,0.4231,-0.0533,0.104,0.4065,-0.0782,0.1187,0.4062,-0.0528,0,0.6365,-0.1025,0.0421,0.8513,-0.0606,0.022,0.8513,-0.0631,0,0.8513,-0.0642,0.0637,0.851,-0.0544,0.0844,0.8497,0.025,0.0764,0.8626,-0.0116,0.0849,0.8583,-0.0141,0.0591,0.8776,-0.0349,0.0595,0.8622,-0.0505,0.0679,0.8602,-0.0407,0.0356,0.8627,0.0421
,0.0504,0.8783,0.0346,0.0533,0.8618,0.0363,0.0844,0.8495,-0.0483,0,0.8627,0.0421,0.0162,0.8783,0.0466,0.0168,0.8627,0.0427,0.021,0.8136,0.0504,0.0362,0.8513,0.0431,0.3129,0.6624,-0.0328,0.338,0.6468,-0.0165,0.3158,0.6661,-0.0163,0.3061,0.6537,-0.0379,0.3221,0.6298,-0.0326,0.3287,0.6372,-0.0382,0.2976,0.6428,-0.0163,0.3204,0.6313,0.0003,0.3201,0.629,-0.0162
,0.3129,0.6624,0.0001,0.3262,0.6391,0.0058,0.3061,0.6537,0.0053,0.1041,0.8074,-0.0607,0.1282,0.8326,-0.0488,0.1092,0.842,-0.049,0.3332,0.6336,0.0064,0.3335,0.621,0.003,0.3272,0.6257,0.0016,0.1558,0.8196,-0.0173,0.1524,0.8145,-0.047,0.0941,0.78,0.0172,0.0827,0.8122,0.0341,0.0955,0.8101,0.031,0.102,0.7813,-0.0528,0.1165,0.8013,-0.061,0.3309,0.6216,-0.0341
,0.3333,0.6335,-0.0383,0.3268,0.6254,-0.0335,0.2993,0.6449,0.0001,0.3365,0.6438,-0.0329,0.344,0.6383,0.0024,0.3395,0.6417,0.0015,0.3447,0.6421,-0.0176,0.3395,0.6417,0.0015,0.3415,0.6443,-0.017,0.2993,0.6449,-0.0328,0.3344,0.6455,0.0006,0.3129,0.6624,0.0001,0.2335,0.7288,0.0035,0.2395,0.7305,-0.0157,0.2365,0.7261,0.0034,0.2194,0.7012,-0.0328,0.2035,0.7034,-0.0155
,0.2157,0.6958,-0.016,0.2155,0.704,0.0036,0.2278,0.7134,0.0096,0.2194,0.7012,0.0033,0.2192,0.7412,-0.0353,0.228,0.7137,-0.0367,0.2363,0.7258,-0.0326,0.199,0.7142,-0.0367,0.2265,0.7147,0.0097,0.2365,0.7261,0.0034,0.2298,0.7385,-0.0152,0.2519,0.7206,-0.0156,0.2701,0.6985,0.0017,0.2398,0.723,0.0036,0.2412,0.6875,-0.0333,0.2512,0.6739,-0.0154,0.2536,0.6771,-0.0324
,0.2509,0.6957,-0.0378,0.2701,0.6985,-0.0324,0.2578,0.71,-0.0332,0.2217,0.6992,0.0037,0.2617,0.6876,0.0069,0.2536,0.6771,0.0017,0.2398,0.723,0.0036,0.2288,0.7124,0.0093,0.2283,0.6888,-0.0157,0.2615,0.6873,-0.0376,0.2735,0.7028,-0.0154,0.2398,0.723,0.0036,0.2016,0.7621,0.008,0.2042,0.7656,-0.0169,0.1766,0.7284,0.0088,0.1892,0.7455,0.0147,0.2335,0.7288,0.0035
,0.2069,0.7299,-0.0426,0.1764,0.7282,-0.0417,0.2016,0.7621,-0.0393,0.1725,0.7229,-0.0167,0.3937,0.6075,-0.022,0.3901,0.609,-0.006,0.3689,0.6269,-0.0212,0.3866,0.585,0.0251,0.387,0.5772,0.0117,0.3764,0.5854,0.0114,0.3403,0.5961,-0.0443,0.3445,0.5946,-0.0578,0.3388,0.6097,-0.0445,0.3426,0.6393,-0.0339,0.3395,0.6417,-0.0335,0.3305,0.6195,-0.0178,0.3257,0.6239,-0.017
,0.3129,0.6624,0.0001,0.3734,0.5878,-0.0061,0.3764,0.5854,-0.0221,0.3502,0.6029,-0.0212,0.3965,0.5968,0.0262,0.3692,0.6231,0.0082,0.3929,0.6065,0.0109,0.3536,0.603,0.0082,0.3371,0.6305,-0.0395,0.357,0.6071,0.0171,0.3652,0.6177,0.0184,0.3393,0.6285,0.0083,0.344,0.6383,0.0024,0.3692,0.6231,0.0082,0.3628,0.6212,-0.0381,0.3564,0.5872,-0.0382,0.3435,0.5875,-0.0499
,0.3864,0.5848,-0.0091,0.3864,0.5848,-0.0022,0.3863,0.5845,-0.0375,0.3758,0.6034,-0.0452,0.3687,0.5876,-0.0444,0.3961,0.5964,-0.0375,0.3637,0.5875,-0.0312,0.3963,0.5966,-0.0022,0.4002,0.6012,0.0118,0.3929,0.6065,0.0109,0.3929,0.6065,0.0109,0.3998,0.6008,-0.0227,0.3937,0.6075,-0.022,0.3961,0.5964,-0.0375,0.3628,0.6212,-0.0381,0.3567,0.6033,-0.0602,0.3542,0.6099,-0.0546
,0.3445,0.5946,-0.0578,0.3542,0.6099,-0.0546,0.3628,0.6212,-0.0381,0.3542,0.6099,-0.0546,0.3652,0.6177,0.0184,0.3692,0.6231,0.0082,0.3929,0.6065,0.0109,0.344,0.6383,0.0024,0.3652,0.6177,0.0184,0.357,0.6071,0.0171,0.3963,0.5966,-0.0091,0.3578,0.5791,-0.0469,0.357,0.6071,0.0171,0.402,0.5655,0.0122,0.411,0.5657,-0.0021,0.412,0.5576,0.0122,0.4226,0.5844,0.0125
